100
50
Marbleiron Courtcastle Ironriver Courtwall Morwald Clearnesse Valhaven Buttermead Violetley Westvale Woodice Esterfall Eriwall Goldwyvern Newby Foxvale Morwall Oakmere Foxhaven Freyview Ironshore Oldmoor Dellwyn Butterbush Corbank Esterash Stonefair Westerlight Clearland Bushgate Brightmere Stoneglass Wildemarsh Wellmage Snowshore Irondeer Lightmere Southwheat Westmill Lochmage Shoreburn Erilyn Eastcastle Rosemill Wolflea Greenshore Bluedell Newley Fairsage Greyice Greensummer Southpine Ostwynne Violetfay Northwynne Redlake Butterway Brightrock Fogland Silverwitch Butterhill Deephedge Flowerfield Coldville Mallowbridge Blackbush Bluewyn Silverbarrow Rosegate Freymere Newmill Icenesse Mallowness Fieldedge Verthedge Highmont Mistshore Applecastle Bluedale Orbarrow Strongfall Silverlea Mallowway Flowermill Seamoor Northriver Starryhill Wooddell Wellbank Janholt Bluelake Orfort Redwell Springfox Summermage Goldcrest Courtedge Fairice Snowsage Windbridge
Snowshore Newley Wolflea Corbank Oldmoor Lightmere Marbleiron Eriwall Brightmere Southwheat Foxhaven Buttermead Newby Irondeer Bushgate Oakmere Goldwyvern Westmill Clearnesse Butterbush Esterfall Ironshore Westerlight Rosemill Esterash Lochmage Ironriver Stoneglass Wildemarsh Morwald Westvale Fairsage Courtcastle Bluedell Shoreburn Erilyn Courtwall Violetley Clearland Valhaven Eastcastle Greyice Greenshore Stonefair Morwall Dellwyn Foxvale Woodice Wellmage Freyview
Brightmere
x 19194 18345 13575 18741 16860 16107 18644 10406 17399 19211 13270 16765 13793 10468 15342 19255 17746 18905 15821 11517 13653 15710 14116 11483 17496 17880 15648 17634 11966 16690 18847 10119 18719 15398 11636 15388 19939 18407 10226 18933 16255 14996 12173 18426 10223 12869 17126 12921 17178 11836 19747 11866 13909 15124 13474 11397 19527 11073 15744 11776 17299 15774 15661 11445 16594 15806 12173 10585 12635 11433 16973 12311 11865 10567 10457 17335 12387 15877 10197 10118 19134 19163 19616 18555 14798 19358 19263 19776 15769 15870 16434 16561 14917 19757 10619 10703 12649 15544 10594 
19194 x 10770 13417 16764 14573 15400 18339 17486 19766 18695 17767 14852 16428 15536 17420 14092 16453 15218 16148 19022 13956 13741 13242 14954 11364 10889 14370 13690 16524 10542 18306 12529 15247 17495 10642 19487 19167 11859 18354 15466 11434 10002 11013 13474 19908 15804 19155 10705 19466 12125 19291 16737 11313 14776 19139 11548 15268 19196 14301 14392 11719 19552 19360 10632 13527 10042 16347 15831 19702 18446 17655 13990 15833 12675 16233 11787 14341 10522 10291 18472 19008 18835 15514 16052 16689 11839 16868 17224 12046 13801 11993 10620 11011 15381 13012 10133 14400 10431 17516 
18345 10770 x 17713 17713 12791 14589 16506 15553 10693 13479 17190 15483 17406 14553 15325 18924 14117 18048 12339 11413 16249 14348 14643 15817 17230 13047 11652 14516 14396 17739 18848 14803 16023 15116 13373 11100 19985 18793 17364 12215 15764 10108 14026 15482 13797 13782 10934 18011 10078 16745 15085 10020 19157 15265 17157 19470 12154 19951 12653 13959 18104 10591 16147 17105 16707 10859 18136 14025 18085 11942 13221 17733 19891 15256 17918 14889 12002 15813 13584 11119 18800 13652 12445 13083 16881 11028 13044 15126 10142 16072 14084 10676 14414 14726 15969 17947 12020 14975 14760 
13575 13417 17713 x 10968 17377 17848 13439 11036 14153 11817 17198 19272 11340 19540 16170 19028 19258 14498 17343 17164 11161 15787 19323 19556 19461 11808 11014 15905 18899 17605 14141 12400 14930 19797 15519 19762 12114 14847 15316 10883 17383 19237 10624 16878 15756 10226 11579 18164 10268 15649 14389 14467 13892 17129 18901 15157 11958 17938 16412 13069 18173 14070 15213 17097 18773 12856 10721 12849 11121 12452 18111 15712 16573 17491 18862 10559 14296 16976 11168 14792 14254 18806 12081 14177 17247 15419 10538 11334 14795 17514 17424 17925 15710 17717 17696 15958 12347 11790 17836 
18741 16764 17713 10968 x 14106 19625 14509 15015 12788 10660 17084 12794 13570 15568 18461 19915 13112 15204 12868 19351 10626 15916 14294 15272 14861 12163 10806 14871 16554 14269 14380 14327 11810 11428 15835 12345 16286 15837 16797 18916 19616 14328 19382 12370 18465 18309 15412 18643 19319 15603 17483 13908 16384 17194 19589 19770 19738 16371 18217 10265 13453 19750 11089 12150 15926 10716 18879 13862 10913 13864 13325 11756 12218 16554 14724 11421 12349 13140 19012 11561 19739 12906 14840 14796 14270 13773 17598 16240 12944 13137 11814 15252 19904 13275 10819 10077 13178 17397 19415 
16860 14573 12791 17377 14106 x 14372 18886 12085 14728 11101 18661 14987 13705 19611 15967 16824 15800 16948 16433 11969 16044 10167 18131 17240 12360 10003 14187 11381 10559 17462 17257 10110 18167 17089 14159 11022 12711 16658 17293 14818 17432 13577 17003 10451 14858 10252 17019 19279 16805 15439 15208 15420 14152 16173 16880 10607 10509 18925 14389 11456 13551 12365 16290 16333 11605 13484 13615 19177 19630 19965 12699 18887 14521 18991 10659 14002 14275 13572 11734 17794 19653 18258 18594 11195 13450 13967 11187 10971 14556 11837 10320 10741 15930 18822 19991 14937 14895 10569 11388 
16107 15400 14589 17848 19625 14372 x 15745 11144 11925 17886 12042 17633 12426 11606 10853 18196 17148 10284 19328 15867 10528 15650 11026 18616 14229 13947 10128 11125 15573 13246 16641 17644 10337 19402 11536 19165 15663 12375 11127 16507 15606 10736 17764 17968 16373 18405 15492 17636 10113 12289 17906 15613 15566 13386 14795 16870 12898 14101 19615 15139 15559 15733 18626 10180 13522 10167 14800 15592 10460 12014 13316 15487 19468 16157 17276 11844 11965 19679 13083 11597 13234 16847 17568 15946 13341 13363 16185 12151 12341 14329 15969 17293 16504 11098 19277 19163 11969 16962 17263 
18644 18339 16506 13439 14509 18886 15745 x 17570 19945 19263 14619 14425 11609 18278 10656 17720 17644 10110 14057 14575 14117 12085 11400 14476 15718 16842 12096 17615 10831 13792 11735 15990 17458 12782 13001 11756 17798 17133 15122 17900 14854 15399 10196 13759 19849 10552 11329 12587 18197 15896 16011 12802 19320 11288 15374 12399 12873 14891 11345 13728 17405 15082 19904 12500 12173 13583 14992 17616 15319 14004 14524 14661 13643 10725 18518 16428 19371 15111 12717 18381 10705 18295 19523 15695 10875 17899 15773 16056 10083 16884 16455 18063 12968 14999 12585 17829 12227 19922 17827 
10406 17486 15553 11036 15015 12085 11144 17570 x 10576 10752 15908 11741 13422 19165 14418 17606 12017 19712 19146 17568 17465 14667 17543 17062 14286 15735 12449 14501 19871 14903 17762 16040 17657 12485 15636 18447 17742 14566 12397 10363 10190 13398 12941 10220 10839 18481 19269 12725 16025 18056 19371 11588 12896 11905 10507 14880 17271 18618 16865 17390 18422 11736 14183 16598 18219 14387 18627 12908 18406 12478 16393 11331 16651 13021 15067 15618 15912 14951 12917 10989 19343 18109 11034 14147 16806 16736 12890 14394 10491 10323 14719 12692 17410 15358 13671 12257 12718 13560 12719 
17399 19766 10693 14153 12788 14728 11925 19945 10576 x 11347 12086 13357 11782 12027 13791 14801 17932 15176 18426 11008 13786 10581 14587 16129 12588 16360 18131 11103 15962 10767 16265 13556 11981 18338 12609 14344 14257 12087 10437 19099 10390 13158 15234 14734 12181 16723 15518 18736 15216 19441 19846 10771 16143 13487 13313 15646 14153 18026 19576 16239 13999 12166 11604 15241 15631 11153 11844 13195 19457 12184 12859 12156 14966 18072 17300 15891 16333 17543 14949 15538 14010 16567 19346 10204 10535 12516 19893 11605 12471 17644 14621 15163 13343 16476 11332 13426 16393 18517 13121 
19211 18695 13479 11817 10660 11101 17886 19263 10752 11347 x 16997 10050 19386 17880 17182 13562 19899 17997 19642 16764 11987 11082 10781 13465 19243 13925 14267 12189 19282 11509 13674 19956 12934 10076 13403 10859 17001 10460 13383 14938 18360 10056 19236 16557 11545 18204 16359 13298 14993 10520 19859 14095 13115 11066 18063 19164 14226 16504 17404 13067 16943 13397 19190 13839 14040 14143 13912 13115 19712 14326 15085 17804 19790 16425 11663 12955 19747 16481 11998 15300 19396 10975 10295 17463 10895 15306 14046 17246 15245 14036 11614 13929 18174 17765 11241 13771 18598 11503 16888 
13270 17767 17190 17198 17084 18661 12042 14619 15908 12086 16997 x 17749 11363 11560 14260 18205 11027 16905 18025 16506 15043 18355 11350 16955 15383 10965 16907 11158 14167 16046 10779 19496 18046 17876 19536 10372 16105 13776 14895 19009 16651 16837 18761 10727 15206 10890 10649 13353 12177 17420 16168 13114 11258 10706 16363 11561 13771 16704 18467 16064 15429 17666 14324 12924 13371 11067 19409 14566 12780 16564 13896 15806 15607 19769 10732 14698 14921 18581 11661 12116 13369 12674 17059 15859 14209 15348 15023 11130 19764 17202 17856 12638 19404 11841 18532 16667 14493 18304 11630 
16765 14852 15483 19272 12794 14987 17633 14425 11741 13357 10050 17749 x 14108 14463 17232 12188 12026 17473 19837 12466 15739 14622 13775 11830 14919 17112 12114 15554 14608 11082 10298 11614 16014 11712 16736 19130 13971 11327 14157 16285 19503 12631 12498 19631 12808 19731 15383 10108 10243 19141 18781 15244 14398 17881 11881 11127 11119 19414 10133 12854 12569 12614 17860 17137 10290 11703 16542 10932 16224 16173 11254 10817 19686 16956 16541 15858 12548 15207 15911 15725 12933 12143 13693 13718 18567 14800 17065 13745 13093 12137 13671 12792 17690 17059 10337 15809 10197 18732 18205 
13793 16428 17406 11340 13570 13705 12426 11609 13422 11782 19386 11363 14108 x 17001 14752 15861 17810 19030 17509 14596 10524 17007 15648 10152 19899 18165 17218 14766 15224 14450 19314 18708 13490 14346 18684 19103 18296 12608 11424 14448 11456 18546 18956 11335 19727 13292 17285 11212 15991 17019 12043 11259 19263 13339 17422 18762 10416 17097 12013 19458 18441 14162 16285 14075 12484 17795 11238 10512 18672 10919 12168 10171 16180 19025 17513 17380 11571 18544 18380 12287 15430 13322 18039 11315 15403 15877 19912 16949 12804 15822 10789 12624 12382 18273 15093 13279 15461 19338 18605 
10468 15536 14553 19540 15568 19611 11606 18278 19165 12027 17880 11560 14463 17001 x 18463 16874 17639 11536 19369 16273 19315 18281 18448 18581 16679 17729 10424 14962 17702 18880 14385 10804 14109 10727 17409 19204 17060 19660 19144 18254 10019 13275 15711 16354 13044 13931 15634 14760 11377 18308 10554 13434 12792 14651 18399 18130 10389 13193 11024 19533 10144 18341 17629 12821 16260 18294 16204 12276 16898 10826 10518 10160 19980 10587 17344 10804 19812 14919 19264 19993 19167 18676 10085 13906 14615 12075 18653 12355 15407 12690 12016 16831 10801 12954 18620 15334 18812 19334 19127 
15342 17420 15325 16170 18461 15967 10853 10656 14418 13791 17182 14260 17232 14752 18463 x 11029 12862 12658 10124 18913 16652 17041 17821 10216 15779 19077 19486 12804 15373 18566 13674 16582 10961 15354 17209 12264 18255 18211 15055 14007 16990 11060 12759 11400 12099 19571 11839 15578 19842 11220 12128 15143 11239 16161 15964 12578 14994 13787 14265 19088 10601 13776 12968 12851 17701 12720 10243 18844 10451 19810 14581 13745 16098 14693 14649 10779 12744 17376 16234 15926 10277 19706 16230 14022 10054 18224 13135 14905 13265 17457 17615 17675 12066 13980 10138 15553 11467 10073 16641 
19255 14092 18924 19028 19915 16824 18196 17720 17606 14801 13562 18205 12188 15861 16874 11029 x 17817 15121 14629 13415 11599 19357 19300 13493 10492 15797 16441 11510 19953 19990 17677 11579 17397 15937 19283 13654 17462 19990 14396 14286 19090 15986 17067 14535 16333 18938 16232 13031 11152 13607 16831 19462 17262 15650 11910 16432 18955 12629 11241 12801 19500 16769 11969 10149 12667 13756 15489 11238 10657 16407 12042 17433 17526 15417 17754 11235 16232 16102 10063 18808 16951 12378 14068 12002 17343 17936 19174 16581 15753 16341 15913 13353 19936 18797 16922 12036 14186 19411 10069 
17746 16453 14117 19258 13112 15800 17148 17644 12017 17932 19899 11027 12026 17810 17639 12862 17817 x 10870 11303 18807 17751 16956 19207 14144 18815 17143 13116 13181 16266 16688 17946 13237 17439 19936 10550 14089 10483 14271 11862 18582 14445 18988 11798 18937 14946 16559 18543 19144 17270 10788 15070 17883 10349 11459 15222 19913 10473 15253 12781 14983 10364 15601 19688 14439 13973 19483 14919 15079 16705 18964 15222 17575 19903 12893 10931 19977 10729 19037 11184 18198 13426 14994 19141 12516 10045 11212 14527 10043 13185 17648 18132 16866 10646 10592 12339 16965 16616 13572 14518 
18905 15218 18048 14498 15204 16948 10284 10110 19712 15176 17997 16905 17473 19030 11536 12658 15121 10870 x 11497 11557 14211 10304 19008 17085 16707 10348 19552 14112 17932 19199 19808 16616 13076 16785 17321 19117 14773 17059 11936 11512 14980 16027 17479 12047 14525 10654 17991 15000 18482 16458 16440 10980 11023 19001 16750 15510 18606 10186 18200 15235 12073 17284 17847 17807 11759 15474 13162 13066 11933 12741 11630 14333 12778 19202 11197 10439 10566 15191 13791 17403 17620 16340 19930 17440 12551 19884 13819 17378 16625 14581 13280 19894 17715 18880 11337 14164 12663 18597 10151 
15821 16148 12339 17343 12868 16433 19328 14057 19146 18426 19642 18025 19837 17509 19369 10124 14629 11303 11497 x 18106 13935 12646 11455 10756 18243 12492 15192 14631 11618 11115 11668 11171 16101 17629 14730 13263 10934 14971 11497 18392 18862 14375 12521 17877 17788 10036 10104 12156 17961 19884 17608 18293 16853 14556 15501 13264 10137 17010 13527 16084 19611 16341 12399 16867 18672 17710 14734 11951 16781 12065 14619 10083 11774 14928 13090 14249 18625 11045 13830 14298 17539 16004 18976 12660 12690 11303 14901 18744 10045 10199 17302 10235 12223 13407 11785 17907 18739 10502 19033 
11517 19022 11413 17164 19351 11969 15867 14575 17568 11008 16764 16506 12466 14596 16273 18913 13415 18807 11557 18106 x 17606 12534 17475 17104 16647 11870 10387 10229 13744 16071 13423 15391 11951 17916 19448 10686 18916 15038 18058 10460 15297 16924 18532 14688 11377 16585 19061 18020 19675 17655 13732 13913 18275 12546 10445 13565 12504 13277 10903 15622 11628 15488 16830 16225 15778 16646 11885 19727 17536 15979 13614 14267 13722 10058 17746 15409 13043 15023 19989 18660 11363 13063 13872 15872 19342 17818 18941 10613 12618 13426 13963 13610 19408 14139 19990 12982 19380 12151 19076 
13653 13956 16249 11161 10626 16044 10528 14117 17465 13786 11987 15043 15739 10524 19315 16652 11599 17751 14211 13935 17606 x 11033 12250 12517 11315 15821 13775 15045 17473 12095 13065 15595 13018 17889 19509 15084 12842 14011 15367 15861 13378 12329 19610 17522 18247 15102 17462 19679 15842 16585 13394 12079 16314 15754 15946 10455 11052 19895 15510 16307 14283 19558 10480 19863 12600 10201 12549 19100 18484 19351 12631 15719 14772 12206 18572 19164 12043 16410 11777 19954 19986 19775 15640 18046 15117 10719 18236 16831 19897 14032 10111 17990 17683 19101 17612 12112 11207 13743 18613 
15710 13741 14348 15787 15916 10167 15650 12085 14667 10581 11082 18355 14622 17007 18281 17041 19357 16956 10304 12646 12534 11033 x 10818 17297 16157 19770 17109 15820 18030 16261 14891 12751 18207 19259 18712 10600 15460 19126 11290 17669 13287 17570 19213 13045 16295 19627 14206 10088 16544 18975 17576 19095 14208 11034 12503 13361 14357 12433 10066 11190 11833 12892 14500 16187 13308 13061 18231 15063 12967 17067 15276 19172 18505 19347 11188 13547 15169 15116 16028 16992 19718 18063 13767 12510 11766 19275 18168 10847 17670 17058 12141 16499 13364 19672 16830 14541 11448 15356 18698 
14116 13242 14643 19323 14294 18131 11026 11400 17543 14587 10781 11350 13775 15648 18448 17821 19300 19207 19008 11455 17475 12250 10818 x 18285 17752 18272 18167 14792 17988 14916 14514 11885 13396 17955 11185 18755 13742 10257 16220 13117 13922 13972 18555 11283 18952 10284 13128 15153 16549 11371 13845 16627 11717 18339 15748 10479 13992 13932 19167 11296 14110 11516 15280 14681 12444 13280 14529 14879 18508 14707 18877 13738 16606 16872 19698 17426 17367 15026 13248 18895 13411 17626 19360 15177 13835 18828 19628 12442 16004 12227 19910 18388 19360 18454 19666 16190 13778 13991 18010 
11483 14954 15817 19556 15272 17240 18616 14476 17062 16129 13465 16955 11830 10152 18581 10216 13493 14144 17085 10756 17104 12517 17297 18285 x 15344 16407 10619 17172 14770 11938 12056 18680 10110 19820 13590 19334 17561 19048 19702 14013 17737 13343 11809 13746 10148 19161 15172 17171 17540 16220 18274 12097 11152 12331 16786 18057 18120 15160 11506 14855 10726 15772 16832 14869 13745 18708 16938 17978 13993 19628 14906 12001 16778 15347 15032 19424 13263 19438 15899 14425 12201 19509 17377 15723 15222 14373 12510 10080 19633 11426 10842 11229 18283 13581 19283 14365 14479 16161 17919 
17496 11364 17230 19461 14861 12360 14229 15718 14286 12588 19243 15383 14919 19899 16679 15779 10492 18815 16707 18243 16647 11315 16157 17752 15344 x 10002 15217 16624 18544 19015 11681 11101 14081 11305 16520 19060 18209 12615 12564 15817 18389 18682 15731 15900 13417 14146 10657 13445 15395 19840 17697 16027 16420 10544 12468 19040 10064 13676 14500 10624 10408 15549 15617 17987 12001 18944 12163 12130 13140 16132 17213 12376 15966 12220 17492 14544 16280 13816 11449 11227 13409 19435 13734 17841 15537 13881 13830 12978 17061 12743 18193 14711 18173 10831 19980 14163 13991 13863 10074 
17880 10889 13047 11808 12163 10003 13947 16842 15735 16360 13925 10965 17112 18165 17729 19077 15797 17143 10348 12492 11870 15821 19770 18272 16407 10002 x 10312 12776 13839 16736 17605 19312 11700 10509 12632 12691 13592 19994 11022 19189 17681 18574 19238 12943 18346 11847 18503 19416 16477 15907 10394 14864 15532 14927 13396 12358 10202 14318 19445 15463 17058 12054 16984 14561 18758 12179 11341 14629 17515 14540 18164 15926 15581 15223 16879 14882 17086 18810 12662 11028 17672 10644 17335 10324 12301 10635 18560 11621 17733 15379 17275 15053 13258 11486 13015 13863 10654 14569 14336 
15648 14370 11652 11014 10806 14187 10128 12096 12449 18131 14267 16907 12114 17218 10424 19486 16441 13116 19552 15192 10387 13775 17109 18167 10619 15217 10312 x 18582 17737 13063 16106 15815 19944 12887 17800 14141 14683 16876 12916 12402 10068 13870 12189 17008 13457 14795 19813 19835 13764 11702 11132 18789 14514 16557 13717 18289 12976 11710 16778 15182 13769 11277 12645 13185 10442 19965 10138 18004 19697 16598 17641 15892 14682 11188 14147 16199 12527 16729 12665 11630 14144 13494 19218 18147 16633 15424 10738 10122 14586 17401 11530 13888 16221 15109 17937 11122 14801 14045 14487 
17634 13690 14516 15905 14871 11381 11125 17615 14501 11103 12189 11158 15554 14766 14962 12804 11510 13181 14112 14631 10229 15045 15820 14792 17172 16624 12776 18582 x 15905 10498 14202 14070 19462 19827 15890 11873 13972 17946 19735 11500 10143 14108 18656 11424 16781 12205 13587 10509 18652 19498 10757 15911 13749 18253 12586 14965 19986 14222 18562 17903 14099 17117 13909 14876 19407 11116 16366 14478 13955 17126 16454 15905 14225 14304 18433 18739 18014 12381 16549 16232 15043 16896 18401 17076 16254 15502 18093 16567 18905 15841 13624 10563 10957 15276 12375 10399 10586 14433 17697 
11966 16524 14396 18899 16554 10559 15573 10831 19871 15962 19282 14167 14608 15224 17702 15373 19953 16266 17932 11618 13744 17473 18030 17988 14770 18544 13839 17737 15905 x 16219 14384 16126 12290 14140 11886 12820 11740 15046 15758 16853 15648 10934 13699 10002 17351 11309 12215 14875 13247 11300 13212 18401 14616 16430 16610 12229 19134 19117 15394 11652 15519 15570 18204 11857 17745 19492 11734 10817 16534 12102 11595 14986 11381 14353 17738 11238 19160 12704 18323 14221 14183 12953 14175 14225 14614 18200 14899 16297 18240 14020 17436 12696 12726 11167 19303 15239 17313 17251 19144 
16690 10542 17739 17605 14269 17462 13246 13792 14903 10767 11509 16046 11082 14450 18880 18566 19990 16688 19199 11115 16071 12095 16261 14916 11938 19015 16736 13063 10498 16219 x 11993 12335 11446 13554 12825 13708 12575 10339 19969 17629 10876 17399 16906 15252 10772 10648 11577 11364 10961 16109 14141 10903 12965 11358 17634 13215 16949 17756 14962 12191 10564 15831 12498 17026 18961 17104 17262 15628 11955 15622 16213 13605 11171 14752 18377 19103 11004 14065 18690 13847 15237 11818 16695 16069 15439 19332 15515 11639 19706 12420 10726 11865 19865 10564 16638 12337 13597 14558 10001 
18847 18306 18848 14141 14380 17257 16641 11735 17762 16265 13674 10779 10298 19314 14385 13674 17677 17946 19808 11668 13423 13065 14891 14514 12056 11681 17605 16106 14202 14384 11993 x 18462 18379 16945 15426 16442 13832 16968 15157 13620 11272 17098 19639 16984 15906 12279 14991 14341 16979 19138 12933 19583 13919 13101 16617 10655 10497 15771 17814 15101 19420 19781 12665 13143 14302 13429 12155 17813 15724 19888 15572 11766 14473 14453 10237 18193 15931 13550 16400 16149 19006 11106 13792 19719 17292 16946 17251 15252 12322 19198 12528 14924 18316 16373 14503 19167 19337 17881 18087 
10119 12529 14803 12400 14327 10110 17644 15990 16040 13556 19956 19496 11614 18708 10804 16582 11579 13237 16616 11171 15391 15595 12751 11885 18680 11101 19312 15815 14070 16126 12335 18462 x 10390 11417 16131 13547 12004 14319 16990 19900 15175 19749 13991 12859 16127 11738 15951 19629 13743 15516 18144 16052 16634 14243 18749 10612 11839 15519 18595 13630 15894 19198 14464 10903 13717 10458 10565 12715 17049 18600 16510 11481 15077 15048 15545 14718 12166 16739 10785 13015 14334 16249 16188 18257 13124 14491 16277 14679 15975 12239 19442 12692 12566 17794 16728 18396 12126 16156 10050 
18719 15247 16023 14930 11810 18167 10337 17458 17657 11981 12934 18046 16014 13490 14109 10961 17397 17439 13076 16101 11951 13018 18207 13396 10110 14081 11700 19944 19462 12290 11446 18379 10390 x 15647 10798 10253 10477 13364 12558 16326 12144 15218 17792 15387 18756 17198 16862 13283 17609 19849 13369 10006 19888 15832 11623 15557 17269 11945 12917 12943 11657 16354 12826 10958 14866 16432 13956 17677 17609 17172 18122 13267 13022 15812 13275 16918 15730 16198 15465 12739 19971 18814 10337 19947 16922 14130 10108 16609 14027 11903 15918 19501 12843 15578 16159 13999 13529 13119 13486 
15398 17495 15116 19797 11428 17089 19402 12782 12485 18338 10076 17876 11712 14346 10727 15354 15937 19936 16785 17629 17916 17889 19259 17955 19820 11305 10509 12887 19827 14140 13554 16945 11417 15647 x 14147 16461 18112 10439 16238 18640 15233 14435 16860 12877 10232 14841 15793 19850 10480 12404 17917 15684 18246 15517 16332 19953 12334 13928 11832 14930 17494 14000 19014 19762 14773 19529 17853 11261 16735 17924 14768 12099 14369 16555 18107 13462 12962 14381 13612 10969 17181 14986 14202 12554 17807 19650 17466 11345 11987 17668 11292 18519 13190 10354 18834 13871 19060 16039 12430 
11636 10642 13373 15519 15835 14159 11536 13001 15636 12609 13403 19536 16736 18684 17409 17209 19283 10550 17321 14730 19448 19509 18712 11185 13590 16520 12632 17800 15890 11886 12825 15426 16131 10798 14147 x 16023 19532 10639 12904 15598 17219 12380 19741 14135 19812 10483 17032 19653 16406 15330 18266 16555 13257 15611 10744 19352 16919 16957 12998 16202 18196 15791 14419 12820 11009 17718 16930 13183 18968 16045 18347 10230 14953 12231 16393 19894 13906 15521 12474 18333 18639 10086 10361 17229 18691 14174 19526 19676 13490 14231 16825 19158 13676 19223 12871 19049 17970 19093 15642 
15388 19487 11100 19762 12345 11022 19165 11756 18447 14344 10859 10372 19130 19103 19204 12264 13654 14089 19117 13263 10686 15084 10600 18755 19334 19060 12691 14141 11873 12820 13708 16442 13547 10253 16461 16023 x 15936 19485 15979 13142 15811 10632 16091 18179 13836 17526 10959 16108 12633 16665 17247 17842 12437 12132 14912 15409 10345 19986 14542 15869 12300 19056 16407 18818 18526 13960 10758 13699 10279 11412 16506 16121 11111 16756 17373 16914 16051 10482 17839 18008 15563 10547 16232 17849 18707 15214 19905 11831 11240 19058 11050 10269 10462 14382 17179 16764 12367 18334 13402 
19939 19167 19985 12114 16286 12711 15663 17798 17742 14257 17001 16105 13971 18296 17060 18255 17462 10483 14773 10934 18916 12842 15460 13742 17561 18209 13592 14683 13972 11740 12575 13832 12004 10477 18112 19532 15936 x 19185 19021 11722 18875 14292 19753 19924 12790 16152 11224 19965 16491 15846 12134 19584 15195 19289 15361 19558 10775 14500 18248 14201 19929 10492 11379 17083 18894 11881 18837 14272 16235 14427 14280 12830 14924 13798 17827 16179 12454 16760 17998 16099 17214 11165 11358 12004 13139 12833 14080 18052 10859 12980 15950 19525 11538 17649 19883 19221 13457 16854 14057 
18407 11859 18793 14847 15837 16658 12375 17133 14566 12087 10460 13776 11327 12608 19660 18211 19990 14271 17059 14971 15038 14011 19126 10257 19048 12615 19994 16876 17946 15046 10339 16968 14319 13364 10439 10639 19485 19185 x 15510 11303 17918 11689 11009 17884 10590 16763 18255 10792 17088 15878 13285 13917 12819 10716 13510 16860 10975 19971 15200 16765 18755 19432 11815 11476 19507 14158 16539 17742 19114 15314 16481 15471 18756 11136 11900 17661 15935 19726 18863 17361 17423 19023 10383 14330 12052 15620 19228 11610 15537 13922 14676 13257 18741 11249 13510 14238 19951 13656 18777 
10226 18354 17364 15316 16797 17293 11127 15122 12397 10437 13383 14895 14157 11424 19144 15055 14396 11862 11936 11497 18058 15367 11290 16220 19702 12564 11022 12916 19735 15758 19969 15157 16990 12558 16238 12904 15979 19021 15510 x 15859 10932 10228 18629 13290 11632 15354 17661 14553 18727 19726 15951 15862 17306 15927 17742 11901 13338 16491 16736 17314 12522 14301 15599 19466 11746 13281 14250 10234 19652 19012 19927 14007 10485 19970 11071 15651 15175 18596 14507 13884 11031 17807 13703 19566 10746 18160 10306 14333 16510 14418 19596 18557 11847 10616 15100 11088 13458 14809 10091 
18933 15466 12215 10883 18916 14818 16507 17900 10363 19099 14938 19009 16285 14448 18254 14007 14286 18582 11512 18392 10460 15861 17669 13117 14013 15817 19189 12402 11500 16853 17629 13620 19900 16326 18640 15598 13142 11722 11303 15859 x 19319 13068 18588 19756 19550 14656 12621 10419 10719 19289 17095 10801 10051 15386 18531 15811 17077 12772 16423 16967 13268 11310 18947 19144 19826 11033 12184 16255 18707 12338 19144 19823 14029 17786 17860 16104 18540 11268 15032 11889 16088 15861 10745 17470 11506 17924 10125 11270 19580 17575 11363 12673 19207 15439 18643 15266 18398 18335 19601 
16255 11434 15764 17383 19616 17432 15606 14854 10190 10390 18360 16651 19503 11456 10019 16990 19090 14445 14980 18862 15297 13378 13287 13922 17737 18389 17681 10068 10143 15648 10876 11272 15175 12144 15233 17219 15811 18875 17918 10932 19319 x 16631 18893 18939 14395 19236 14421 11443 19372 18470 10102 10301 10633 14601 11464 18206 13374 11390 13399 16857 18258 10557 15509 10140 10491 12717 13324 13611 12830 12517 15949 12782 13393 16084 19940 11002 14673 19150 13417 10901 13802 14584 16528 19244 17256 13450 13791 12113 13722 10441 19559 15498 12934 10006 13775 18660 16732 12707 14594 
14996 10002 10108 19237 14328 13577 10736 15399 13398 13158 10056 16837 12631 18546 13275 11060 15986 18988 16027 14375 16924 12329 17570 13972 13343 18682 18574 13870 14108 10934 17399 17098 19749 15218 14435 12380 10632 14292 11689 10228 13068 16631 x 15969 18622 10047 11675 13011 10896 15923 11311 12150 10699 18452 12133 14652 16608 19531 12052 16819 14369 15386 15686 13573 19555 16426 17449 12963 16060 15382 18172 10379 15438 13832 10710 17790 14746 16646 18063 16492 10093 13532 18403 13643 16846 16527 15329 14352 10132 18335 19998 16015 19777 17865 12861 10933 15582 12628 12315 13703 
12173 11013 14026 10624 19382 17003 17764 10196 12941 15234 19236 18761 12498 18956 15711 12759 17067 11798 17479 12521 18532 19610 19213 18555 11809 15731 19238 12189 18656 13699 16906 19639 13991 17792 16860 19741 16091 19753 11009 18629 18588 18893 15969 x 19856 14547 16856 14273 14864 14009 18153 19612 14812 18972 14432 19896 16797 17772 11502 15767 19806 10504 12412 11537 10605 18778 16847 18044 10195 18887 17278 17776 19147 16353 13999 17705 19599 15648 16745 17118 12773 15128 11692 17087 14402 18472 10801 12025 12212 16500 10485 14869 15016 13059 17542 17309 10148 10629 15588 17028 
18426 13474 15482 16878 12370 10451 17968 13759 10220 14734 16557 10727 19631 11335 16354 11400 14535 18937 12047 17877 14688 17522 13045 11283 13746 15900 12943 17008 11424 10002 15252 16984 12859 15387 12877 14135 18179 19924 17884 13290 19756 18939 18622 19856 x 18918 13867 10493 11919 14253 11451 10164 12786 15475 15062 15224 13565 17817 18208 11992 16065 16508 19395 18613 19129 19464 15219 14518 17842 10538 12730 18561 12749 12754 19554 12030 12678 16574 19334 12575 13197 16992 16833 12428 19309 19406 13436 14153 18991 13336 18441 19689 10173 12330 10785 12555 14231 11062 15995 15642 
10223 19908 13797 15756 18465 14858 16373 19849 10839 12181 11545 15206 12808 19727 13044 12099 16333 14946 14525 17788 11377 18247 16295 18952 10148 13417 18346 13457 16781 17351 10772 15906 16127 18756 10232 19812 13836 12790 10590 11632 19550 14395 10047 14547 18918 x 14944 13695 14814 16091 17531 13334 18354 14493 10655 17312 13039 14988 15675 13862 14924 12348 17065 16343 13015 15956 19125 18366 13986 18472 19254 17874 12149 19811 18330 17790 10014 13869 15652 15902 19045 13471 15080 11611 14276 10802 14510 16705 18617 14292 18518 11392 16668 10179 12508 18912 13878 12112 16353 13695 
12869 15804 13782 10226 18309 10252 18405 10552 18481 16723 18204 10890 19731 13292 13931 19571 18938 16559 10654 10036 16585 15102 19627 10284 19161 14146 11847 14795 12205 11309 10648 12279 11738 17198 14841 10483 17526 16152 16763 15354 14656 19236 11675 16856 13867 14944 x 14876 13655 11973 18535 10708 14196 11710 18192 11436 15365 19675 10187 12567 18723 16702 10312 11607 14452 10648 17130 12536 13690 11889 17565 15971 18499 15053 19141 10112 12449 10830 18121 14344 19054 17538 18234 12554 15153 17879 16059 14218 11763 15268 19950 17988 15092 13295 18327 19221 12626 19816 19581 18213 
17126 19155 10934 11579 15412 17019 15492 11329 19269 15518 16359 10649 15383 17285 15634 11839 16232 18543 17991 10104 19061 17462 14206 13128 15172 10657 18503 19813 13587 12215 11577 14991 15951 16862 15793 17032 10959 11224 18255 17661 12621 14421 13011 14273 10493 13695 14876 x 13269 12825 16007 16416 11458 11207 16644 12569 18060 19571 16311 10831 12065 10778 10000 10256 19322 13459 13678 14489 11377 16223 10885 17375 14243 16918 17707 14132 15365 11402 12216 13483 15791 10574 19579 15603 13602 12019 15723 19293 17242 13120 18829 16228 11811 17069 18611 16515 10951 18441 12363 17321 
12921 10705 18011 18164 18643 19279 17636 12587 12725 18736 13298 13353 10108 11212 14760 15578 13031 19144 15000 12156 18020 19679 10088 15153 17171 13445 19416 19835 10509 14875 11364 14341 19629 13283 19850 19653 16108 19965 10792 14553 10419 11443 10896 14864 11919 14814 13655 13269 x 16416 16984 15176 16959 17370 19402 10716 11459 17392 13566 13003 14736 17341 14025 13724 16942 17071 14470 19766 16291 15932 19486 15215 19739 17840 19813 12831 19105 15324 13499 15775 14487 13798 11850 16646 14319 11765 18304 14715 19835 14447 15329 13285 12687 17230 15199 15306 15921 11638 14477 15150 
17178 19466 10078 10268 19319 16805 10113 18197 16025 15216 14993 12177 10243 15991 11377 19842 11152 17270 18482 17961 19675 15842 16544 16549 17540 15395 16477 13764 18652 13247 10961 16979 13743 17609 10480 16406 12633 16491 17088 18727 10719 19372 15923 14009 14253 16091 11973 12825 16416 x 14711 11308 19915 12430 16437 13870 12143 16832 12403 11763 18260 13859 17363 15117 12315 11481 19976 12322 10327 19230 19871 11248 18672 15456 15868 17026 16285 12974 18947 10611 18042 17251 10204 11622 16758 10814 11470 18435 19992 11440 14546 14642 16449 14048 15573 16643 16889 18837 10740 10530 
11836 12125 16745 15649 15603 15439 12289 15896 18056 19441 10520 17420 19141 17019 18308 11220 13607 10788 16458 19884 17655 16585 18975 11371 16220 19840 15907 11702 19498 11300 16109 19138 15516 19849 12404 15330 16665 15846 15878 19726 19289 18470 11311 18153 11451 17531 18535 16007 16984 14711 x 12709 17473 10441 18601 18910 11331 15943 11378 10321 14556 18182 16947 16182 11370 15219 16989 15404 14791 13021 18083 10062 11846 13703 18183 13497 10732 15845 12037 16970 15652 18907 19842 19121 13915 17206 16929 17446 14184 14230 12022 17400 11954 17854 13032 18693 12206 19960 10210 15330 
19747 19291 15085 14389 17483 15208 17906 16011 19371 19846 19859 16168 18781 12043 10554 12128 16831 15070 16440 17608 13732 13394 17576 13845 18274 17697 10394 11132 10757 13212 14141 12933 18144 13369 17917 18266 17247 12134 13285 15951 17095 10102 12150 19612 10164 13334 10708 16416 15176 11308 12709 x 19054 16512 19833 16673 15234 12993 16560 14552 11652 16684 11066 14033 12512 19424 18406 16833 19943 15235 13556 15888 12007 14353 11419 18589 11145 18929 19301 16952 13298 12077 17226 16101 19367 18708 18127 16070 16999 13418 19374 19016 15610 19979 13438 10927 19279 16459 19649 13901 
11866 16737 10020 14467 13908 15420 15613 12802 11588 10771 14095 13114 15244 11259 13434 15143 19462 17883 10980 18293 13913 12079 19095 16627 12097 16027 14864 18789 15911 18401 10903 19583 16052 10006 15684 16555 17842 19584 13917 15862 10801 10301 10699 14812 12786 18354 14196 11458 16959 19915 17473 19054 x 18466 18907 12198 19369 14830 14170 11832 17295 17680 18648 14467 17147 12257 12982 10360 12614 14771 17801 14038 16528 12889 15543 19923 17247 13682 18479 15948 13601 19978 11419 10027 16068 15587 11621 11631 16539 14173 12042 10918 11079 17132 10672 11505 18231 10436 14278 18092 
13909 11313 19157 13892 16384 14152 15566 19320 12896 16143 13115 11258 14398 19263 12792 11239 17262 10349 11023 16853 18275 16314 14208 11717 11152 16420 15532 14514 13749 14616 12965 13919 16634 19888 18246 13257 12437 15195 12819 17306 10051 10633 18452 18972 15475 14493 11710 11207 17370 12430 10441 16512 18466 x 14636 11464 11324 19334 19711 19933 13127 11542 12793 19946 17738 16617 14257 18455 18180 11700 13699 11575 12136 16691 16710 10685 13255 10652 10988 13171 15833 11262 12006 12491 13945 16981 15171 13130 16898 18341 10552 12593 16082 17360 18828 18698 19605 15709 12318 17414 
15124 14776 15265 17129 17194 16173 13386 11288 11905 13487 11066 10706 17881 13339 14651 16161 15650 11459 19001 14556 12546 15754 11034 18339 12331 10544 14927 16557 18253 16430 11358 13101 14243 15832 15517 15611 12132 19289 10716 15927 15386 14601 12133 14432 15062 10655 18192 16644 19402 16437 18601 19833 18907 14636 x 13511 15787 15042 14611 11464 11074 11348 12085 12930 15137 19566 17567 17169 17756 13086 18888 12002 18797 18163 12476 14008 18793 11794 19477 13691 12631 10944 15681 13443 10143 13487 12272 16578 15181 17370 11980 19666 15122 16297 16024 10386 12291 10612 19435 17710 
13474 19139 17157 18901 19589 16880 14795 15374 10507 13313 18063 16363 11881 17422 18399 15964 11910 15222 16750 15501 10445 15946 12503 15748 16786 12468 13396 13717 12586 16610 17634 16617 18749 11623 16332 10744 14912 15361 13510 17742 18531 11464 14652 19896 15224 17312 11436 12569 10716 13870 18910 16673 12198 11464 13511 x 14549 14125 17526 18325 15133 14266 16714 16962 11241 13435 15727 10596 10333 19893 15162 15151 16061 15389 16553 17229 18211 14079 14949 19590 15581 14316 19925 19137 10938 12254 15777 12812 13541 18594 10518 18860 16425 11378 10500 12864 18418 14857 13154 13326 
11397 11548 19470 15157 19770 10607 16870 12399 14880 15646 19164 11561 11127 18762 18130 12578 16432 19913 15510 13264 13565 10455 13361 10479 18057 19040 12358 18289 14965 12229 13215 10655 10612 15557 19953 19352 15409 19558 16860 11901 15811 18206 16608 16797 13565 13039 15365 18060 11459 12143 11331 15234 19369 11324 15787 14549 x 14830 14109 11437 13422 17924 13870 14772 16802 17846 14409 12438 15662 10689 12464 18554 16168 15931 15761 19835 17261 15574 10103 18497 18008 16617 12424 15882 14963 15626 13552 13608 13085 11392 17178 17766 15311 12637 19750 15635 11841 16203 13484 15198 
19527 15268 12154 11958 19738 10509 12898 12873 17271 14153 14226 13771 11119 10416 10389 14994 18955 10473 18606 10137 12504 11052 14357 13992 18120 10064 10202 12976 19986 19134 16949 10497 11839 17269 12334 16919 10345 10775 10975 13338 17077 13374 19531 17772 17817 14988 19675 19571 17392 16832 15943 12993 14830 19334 15042 14125 14830 x 15763 19487 18546 11170 12629 18654 11073 11353 19270 12743 10090 14226 11504 17285 13868 16703 14241 16781 11318 14462 12738 13457 14061 11911 18809 19865 16284 13849 14801 19154 17391 10609 15462 19342 17592 10995 12648 15334 14281 16234 19120 11642 
11073 19196 19951 17938 16371 18925 14101 14891 18618 18026 16504 16704 19414 17097 13193 13787 12629 15253 10186 17010 13277 19895 12433 13932 15160 13676 14318 11710 14222 19117 17756 15771 15519 11945 13928 16957 19986 14500 19971 16491 12772 11390 12052 11502 18208 15675 10187 16311 13566 12403 11378 16560 14170 19711 14611 17526 14109 15763 x 17699 14120 14465 13496 10417 15664 11512 16636 19558 11749 11548 16688 16340 13497 19030 14709 12015 12501 14899 17558 13276 13782 19109 16980 14876 16289 14012 12825 15725 16929 10547 15548 15076 17839 16109 11834 13060 19209 14918 11884 12503 
15744 14301 12653 16412 18217 14389 19615 11345 16865 19576 17404 18467 10133 12013 11024 14265 11241 12781 18200 13527 10903 15510 10066 19167 11506 14500 19445 16778 18562 15394 14962 17814 18595 12917 11832 12998 14542 18248 15200 16736 16423 13399 16819 15767 11992 13862 12567 10831 13003 11763 10321 14552 11832 19933 11464 18325 11437 19487 17699 x 19980 10469 18760 19367 11610 19902 18099 15868 16112 13990 12179 17867 13783 11767 18080 11801 13102 17771 11938 15507 12594 16311 18514 15616 17223 16216 13395 12956 11951 15997 18944 12697 17454 16886 16544 13105 19908 17188 10448 15094 
11776 14392 13959 13069 10265 11456 15139 13728 17390 16239 13067 16064 12854 19458 19533 19088 12801 14983 15235 16084 15622 16307 11190 11296 14855 10624 15463 15182 17903 11652 12191 15101 13630 12943 14930 16202 15869 14201 16765 17314 16967 16857 14369 19806 16065 14924 18723 12065 14736 18260 14556 11652 17295 13127 11074 15133 13422 18546 14120 19980 x 11160 15235 11518 16001 11077 10820 15629 13665 15401 14662 16187 11474 13053 19992 17110 12775 13580 19776 15567 15950 19631 14776 14618 16089 12083 16795 17458 16658 15142 16011 19338 13986 18476 13952 15838 18332 11163 13285 11057 
17299 11719 18104 18173 13453 13551 15559 17405 18422 13999 16943 15429 12569 18441 10144 10601 19500 10364 12073 19611 11628 14283 11833 14110 10726 10408 17058 13769 14099 15519 10564 19420 15894 11657 17494 18196 12300 19929 18755 12522 13268 18258 15386 10504 16508 12348 16702 10778 17341 13859 18182 16684 17680 11542 11348 14266 17924 11170 14465 10469 11160 x 17571 14269 19616 15370 16577 14391 10516 17761 10227 15323 12030 11013 10294 11430 15515 10531 19333 11600 12508 18007 19811 18176 10671 18609 13155 19898 17436 13704 12509 13450 10551 15861 14589 12220 10313 18595 18602 17368 
15774 19552 10591 14070 19750 12365 15733 15082 11736 12166 13397 17666 12614 14162 18341 13776 16769 15601 17284 16341 15488 19558 12892 11516 15772 15549 12054 11277 17117 15570 15831 19781 19198 16354 14000 15791 19056 10492 19432 14301 11310 10557 15686 12412 19395 17065 10312 10000 14025 17363 16947 11066 18648 12793 12085 16714 13870 12629 13496 18760 15235 17571 x 14434 10194 18001 10089 19164 19525 11706 13414 19755 18299 15288 18167 10993 10169 12722 19050 15136 15417 11900 12730 15036 17191 11745 10643 11560 18493 10745 17943 17388 16707 16752 17689 12592 11110 15032 18329 19671 
15661 19360 16147 15213 11089 16290 18626 19904 14183 11604 19190 14324 17860 16285 17629 12968 11969 19688 17847 12399 16830 10480 14500 15280 16832 15617 16984 12645 13909 18204 12498 12665 14464 12826 19014 14419 16407 11379 11815 15599 18947 15509 13573 11537 18613 16343 11607 10256 13724 15117 16182 14033 14467 19946 12930 16962 14772 18654 10417 19367 11518 14269 14434 x 10557 10607 13052 12404 12173 19140 13849 15024 14700 13767 17907 17285 14776 11608 18571 17761 14402 11258 12926 12010 12196 11919 14856 11513 19924 19813 11032 14741 16988 16741 15301 17078 10098 12664 18404 18455 
11445 10632 17105 17097 12150 16333 10180 12500 16598 15241 13839 12924 17137 14075 12821 12851 10149 14439 17807 16867 16225 19863 16187 14681 14869 17987 14561 13185 14876 11857 17026 13143 10903 10958 19762 12820 18818 17083 11476 19466 19144 10140 19555 10605 19129 13015 14452 19322 16942 12315 11370 12512 17147 17738 15137 11241 16802 11073 15664 11610 16001 19616 10194 10557 x 10236 15252 17790 15932 10209 13650 12939 16148 16125 11317 14911 17268 13936 14175 14198 18296 14448 14417 17065 12429 18588 11164 17693 16733 19430 12938 15609 12320 19369 13311 14900 19129 18161 12568 17886 
16594 13527 16707 18773 15926 11605 13522 12173 18219 15631 14040 13371 10290 12484 16260 17701 12667 13973 11759 18672 15778 12600 13308 12444 13745 12001 18758 10442 19407 17745 18961 14302 13717 14866 14773 11009 18526 18894 19507 11746 19826 10491 16426 18778 19464 15956 10648 13459 17071 11481 15219 19424 12257 16617 19566 13435 17846 11353 11512 19902 11077 15370 18001 10607 10236 x 14172 12693 10466 19874 11045 17789 14188 18659 16659 19654 12991 13266 13395 16768 17009 19763 13275 13195 15951 15995 10827 14891 19022 16793 14517 10746 18483 12244 14702 19688 10270 12513 14815 17887 
15806 10042 10859 12856 10716 13484 10167 13583 14387 11153 14143 11067 11703 17795 18294 12720 13756 19483 15474 17710 16646 10201 13061 13280 18708 18944 12179 19965 11116 19492 17104 13429 10458 16432 19529 17718 13960 11881 14158 13281 11033 12717 17449 16847 15219 19125 17130 13678 14470 19976 16989 18406 12982 14257 17567 15727 14409 19270 16636 18099 10820 16577 10089 13052 15252 14172 x 19335 17462 13284 14338 12768 14391 10859 13666 11818 14565 18035 16880 14625 17691 13355 12889 16101 18758 13421 13740 10455 18278 16650 11725 11789 15058 10861 18694 19597 10575 16522 11180 12323 
12173 16347 18136 10721 18879 13615 14800 14992 18627 11844 13912 19409 16542 11238 16204 10243 15489 14919 13162 14734 11885 12549 18231 14529 16938 12163 11341 10138 16366 11734 17262 12155 10565 13956 17853 16930 10758 18837 16539 14250 12184 13324 12963 18044 14518 18366 12536 14489 19766 12322 15404 16833 10360 18455 17169 10596 12438 12743 19558 15868 15629 14391 19164 12404 17790 12693 19335 x 14040 12042 13982 12204 14974 17552 19586 13792 19312 18802 15379 13554 18151 15040 13202 11480 19232 11186 13413 10226 16303 18799 14310 10802 17240 15682 13322 18020 11555 15886 17490 16752 
10585 15831 14025 12849 13862 19177 15592 17616 12908 13195 13115 14566 10932 10512 12276 18844 11238 15079 13066 11951 19727 19100 15063 14879 17978 12130 14629 18004 14478 10817 15628 17813 12715 17677 11261 13183 13699 14272 17742 10234 16255 13611 16060 10195 17842 13986 13690 11377 16291 10327 14791 19943 12614 18180 17756 10333 15662 10090 11749 16112 13665 10516 19525 12173 15932 10466 17462 14040 x 14873 10877 14808 13581 13234 14004 13200 14287 14628 15617 10531 15637 16586 14325 13383 14491 14159 18820 15863 16032 16368 14653 13479 13658 19893 19538 16640 16745 17556 15495 10953 
12635 19702 18085 11121 10913 19630 10460 15319 18406 19457 19712 12780 16224 18672 16898 10451 10657 16705 11933 16781 17536 18484 12967 18508 13993 13140 17515 19697 13955 16534 11955 15724 17049 17609 16735 18968 10279 16235 19114 19652 18707 12830 15382 18887 10538 18472 11889 16223 15932 19230 13021 15235 14771 11700 13086 19893 10689 14226 11548 13990 15401 17761 11706 19140 10209 19874 13284 12042 14873 x 19552 11002 15853 17736 15258 12145 19926 15110 13257 15079 17149 12228 13157 13901 15265 19554 16066 10093 11262 14518 12318 19338 17499 12537 18211 13156 11725 19069 12266 19418 
11433 18446 11942 12452 13864 19965 12014 14004 12478 12184 14326 16564 16173 10919 10826 19810 16407 18964 12741 12065 15979 19351 17067 14707 19628 16132 14540 16598 17126 12102 15622 19888 18600 17172 17924 16045 11412 14427 15314 19012 12338 12517 18172 17278 12730 19254 17565 10885 19486 19871 18083 13556 17801 13699 18888 15162 12464 11504 16688 12179 14662 10227 13414 13849 13650 11045 14338 13982 10877 19552 x 15657 16298 13754 10934 17340 15333 11430 14613 10964 17093 17585 16591 14167 12332 14031 17212 11123 15525 16274 13760 18992 14982 19767 14075 17005 12978 14689 15476 12124 
16973 17655 13221 18111 13325 12699 13316 14524 16393 12859 15085 13896 11254 12168 10518 14581 12042 15222 11630 14619 13614 12631 15276 18877 14906 17213 18164 17641 16454 11595 16213 15572 16510 18122 14768 18347 16506 14280 16481 19927 19144 15949 10379 17776 18561 17874 15971 17375 15215 11248 10062 15888 14038 11575 12002 15151 18554 17285 16340 17867 16187 15323 19755 15024 12939 17789 12768 12204 14808 11002 15657 x 16330 12368 16245 13641 14876 10335 17241 12036 18488 17205 13724 16832 15761 15688 15881 19649 13797 14840 18988 14437 16375 10554 12942 11934 14163 14088 17090 10551 
12311 13990 17733 15712 11756 18887 15487 14661 11331 12156 17804 15806 10817 10171 10160 13745 17433 17575 14333 10083 14267 15719 19172 13738 12001 12376 15926 15892 15905 14986 13605 11766 11481 13267 12099 10230 16121 12830 15471 14007 19823 12782 15438 19147 12749 12149 18499 14243 19739 18672 11846 12007 16528 12136 18797 16061 16168 13868 13497 13783 11474 12030 18299 14700 16148 14188 14391 14974 13581 15853 16298 16330 x 18265 18391 12937 14262 17435 19352 13945 12595 10076 16565 15708 12482 17075 19593 11904 10346 15990 12994 11159 14654 12727 12736 13592 10359 16127 18873 15186 
11865 15833 19891 16573 12218 14521 19468 13643 16651 14966 19790 15607 19686 16180 19980 16098 17526 19903 12778 11774 13722 14772 18505 16606 16778 15966 15581 14682 14225 11381 11171 14473 15077 13022 14369 14953 11111 14924 18756 10485 14029 13393 13832 16353 12754 19811 15053 16918 17840 15456 13703 14353 12889 16691 18163 15389 15931 16703 19030 11767 13053 11013 15288 13767 16125 18659 10859 17552 13234 17736 13754 12368 18265 x 16774 14242 10336 17428 19754 10326 19270 19509 15958 10518 10436 11273 15513 19217 11385 18018 14313 11969 13649 13418 17976 10771 11670 11131 15902 10867 
10567 12675 15256 17491 16554 18991 16157 10725 13021 18072 16425 19769 16956 19025 10587 14693 15417 12893 19202 14928 10058 12206 19347 16872 15347 12220 15223 11188 14304 14353 14752 14453 15048 15812 16555 12231 16756 13798 11136 19970 17786 16084 10710 13999 19554 18330 19141 17707 19813 15868 18183 11419 15543 16710 12476 16553 15761 14241 14709 18080 19992 10294 18167 17907 11317 16659 13666 19586 14004 15258 10934 16245 18391 16774 x 11783 18776 17346 15634 10206 16964 17802 13503 10335 15996 12744 13037 15581 14352 13479 14219 14575 10586 17654 14567 17263 13938 16531 12501 15123 
10457 16233 17918 18862 14724 10659 17276 18518 15067 17300 11663 10732 16541 17513 17344 14649 17754 10931 11197 13090 17746 18572 11188 19698 15032 17492 16879 14147 18433 17738 18377 10237 15545 13275 18107 16393 17373 17827 11900 11071 17860 19940 17790 17705 12030 17790 10112 14132 12831 17026 13497 18589 19923 10685 14008 17229 19835 16781 12015 11801 17110 11430 10993 17285 14911 19654 11818 13792 13200 12145 17340 13641 12937 14242 11783 x 11426 19647 19123 10657 14689 18894 18360 16592 14389 12836 11571 10482 18095 13012 15748 15706 13048 10571 14102 18179 17079 15180 17355 16856 
17335 11787 14889 10559 11421 14002 11844 16428 15618 15891 12955 14698 15858 17380 10804 10779 11235 19977 10439 14249 15409 19164 13547 17426 19424 14544 14882 16199 18739 11238 19103 18193 14718 16918 13462 19894 16914 16179 17661 15651 16104 11002 14746 19599 12678 10014 12449 15365 19105 16285 10732 11145 17247 13255 18793 18211 17261 11318 12501 13102 12775 15515 10169 14776 17268 12991 14565 19312 14287 19926 15333 14876 14262 10336 18776 11426 x 18591 16090 18799 10185 16216 10832 15945 13204 15550 19920 13654 19909 11319 18404 19066 13422 15422 14702 14500 16850 10855 17402 12064 
12387 14341 12002 14296 12349 14275 11965 19371 15912 16333 19747 14921 12548 11571 19812 12744 16232 10729 10566 18625 13043 12043 15169 17367 13263 16280 17086 12527 18014 19160 11004 15931 12166 15730 12962 13906 16051 12454 15935 15175 18540 14673 16646 15648 16574 13869 10830 11402 15324 12974 15845 18929 13682 10652 11794 14079 15574 14462 14899 17771 13580 10531 12722 11608 13936 13266 18035 18802 14628 15110 11430 10335 17435 17428 17346 19647 18591 x 19746 17599 13669 12740 15847 18312 19614 18764 17213 10678 15882 14677 15485 10980 17989 15089 19393 12817 14181 11715 10234 14346 
15877 10522 15813 16976 13140 13572 19679 15111 14951 17543 16481 18581 15207 18544 14919 17376 16102 19037 15191 11045 15023 16410 15116 15026 19438 13816 18810 16729 12381 12704 14065 13550 16739 16198 14381 15521 10482 16760 19726 18596 11268 19150 18063 16745 19334 15652 18121 12216 13499 18947 12037 19301 18479 10988 19477 14949 10103 12738 17558 11938 19776 19333 19050 18571 14175 13395 16880 15379 15617 13257 14613 17241 19352 19754 15634 19123 16090 19746 x 15969 10825 11935 12984 13817 16476 11941 14874 12543 18565 18588 10675 10696 11234 16426 10890 12584 17470 15533 11147 13118 
10197 10291 13584 11168 19012 11734 13083 12717 12917 14949 11998 11661 15911 18380 19264 16234 10063 11184 13791 13830 19989 11777 16028 13248 15899 11449 12662 12665 16549 18323 18690 16400 10785 15465 13612 12474 17839 17998 18863 14507 15032 13417 16492 17118 12575 15902 14344 13483 15775 10611 16970 16952 15948 13171 13691 19590 18497 13457 13276 15507 15567 11600 15136 17761 14198 16768 14625 13554 10531 15079 10964 12036 13945 10326 10206 10657 18799 17599 15969 x 12108 15649 11220 15531 16694 19573 12335 16055 12645 13148 14995 18994 12944 10276 10645 11052 13015 16058 12804 12118 
10118 18472 11119 14792 11561 17794 11597 18381 10989 15538 15300 12116 15725 12287 19993 15926 18808 18198 17403 14298 18660 19954 16992 18895 14425 11227 11028 11630 16232 14221 13847 16149 13015 12739 10969 18333 18008 16099 17361 13884 11889 10901 10093 12773 13197 19045 19054 15791 14487 18042 15652 13298 13601 15833 12631 15581 18008 14061 13782 12594 15950 12508 15417 14402 18296 17009 17691 18151 15637 17149 17093 18488 12595 19270 16964 14689 10185 13669 10825 12108 x 14080 15188 16458 12908 10166 13097 13247 14512 17794 10880 16544 12711 16881 17284 12306 11579 14457 19001 18278 
19134 19008 18800 14254 19739 19653 13234 10705 19343 14010 19396 13369 12933 15430 19167 10277 16951 13426 17620 17539 11363 19986 19718 13411 12201 13409 17672 14144 15043 14183 15237 19006 14334 19971 17181 18639 15563 17214 17423 11031 16088 13802 13532 15128 16992 13471 17538 10574 13798 17251 18907 12077 19978 11262 10944 14316 16617 11911 19109 16311 19631 18007 11900 11258 14448 19763 13355 15040 16586 12228 17585 17205 10076 19509 17802 18894 16216 12740 11935 15649 14080 x 17211 11244 11520 17289 18197 18146 19167 18560 17624 19677 10259 11128 10286 10458 18867 19125 14818 19268 
19163 18835 13652 18806 12906 18258 16847 18295 18109 16567 10975 12674 12143 13322 18676 19706 12378 14994 16340 16004 13063 19775 18063 17626 19509 19435 10644 13494 16896 12953 11818 11106 16249 18814 14986 10086 10547 11165 19023 17807 15861 14584 18403 11692 16833 15080 18234 19579 11850 10204 19842 17226 11419 12006 15681 19925 12424 18809 16980 18514 14776 19811 12730 12926 14417 13275 12889 13202 14325 13157 16591 13724 16565 15958 13503 18360 10832 15847 12984 11220 15188 17211 x 19042 18395 17458 12240 19784 18240 15504 12037 16426 15312 19029 16357 18696 10654 10356 18358 11080 
19616 15514 12445 12081 14840 18594 17568 19523 11034 19346 10295 17059 13693 18039 10085 16230 14068 19141 19930 18976 13872 15640 13767 19360 17377 13734 17335 19218 18401 14175 16695 13792 16188 10337 14202 10361 16232 11358 10383 13703 10745 16528 13643 17087 12428 11611 12554 15603 16646 11622 19121 16101 10027 12491 13443 19137 15882 19865 14876 15616 14618 18176 15036 12010 17065 13195 16101 11480 13383 13901 14167 16832 15708 10518 10335 16592 15945 18312 13817 15531 16458 11244 19042 x 12289 11431 16683 15930 12484 12093 18807 11847 15804 17704 19369 17184 13013 16196 16309 16191 
18555 16052 13083 14177 14796 11195 15946 15695 14147 10204 17463 15859 13718 11315 13906 14022 12002 12516 17440 12660 15872 18046 12510 15177 15723 17841 10324 18147 17076 14225 16069 19719 18257 19947 12554 17229 17849 12004 14330 19566 17470 19244 16846 14402 19309 14276 15153 13602 14319 16758 13915 19367 16068 13945 10143 10938 14963 16284 16289 17223 16089 10671 17191 12196 12429 15951 18758 19232 14491 15265 12332 15761 12482 10436 15996 14389 13204 19614 16476 16694 12908 11520 18395 12289 x 18085 15187 11174 14066 14190 11812 18133 13394 18022 12042 12066 16428 15497 15090 11870 
14798 16689 16881 17247 14270 13450 13341 10875 16806 10535 10895 14209 18567 15403 14615 10054 17343 10045 12551 12690 19342 15117 11766 13835 15222 15537 12301 16633 16254 14614 15439 17292 13124 16922 17807 18691 18707 13139 12052 10746 11506 17256 16527 18472 19406 10802 17879 12019 11765 10814 17206 18708 15587 16981 13487 12254 15626 13849 14012 16216 12083 18609 11745 11919 18588 15995 13421 11186 14159 19554 14031 15688 17075 11273 12744 12836 15550 18764 11941 19573 10166 17289 17458 11431 18085 x 19356 18290 14662 14605 13289 10100 16403 14306 11984 16517 15070 15406 13290 19090 
19358 11839 11028 15419 13773 13967 13363 17899 16736 12516 15306 15348 14800 15877 12075 18224 17936 11212 19884 11303 17818 10719 19275 18828 14373 13881 10635 15424 15502 18200 19332 16946 14491 14130 19650 14174 15214 12833 15620 18160 17924 13450 15329 10801 13436 14510 16059 15723 18304 11470 16929 18127 11621 15171 12272 15777 13552 14801 12825 13395 16795 13155 10643 14856 11164 10827 13740 13413 18820 16066 17212 15881 19593 15513 13037 11571 19920 17213 14874 12335 13097 18197 12240 16683 15187 19356 x 17285 15541 15661 16211 15776 13058 14183 18658 17918 15655 10215 18922 16441 
19263 16868 13044 10538 17598 11187 16185 15773 12890 19893 14046 15023 17065 19912 18653 13135 19174 14527 13819 14901 18941 18236 18168 19628 12510 13830 18560 10738 18093 14899 15515 17251 16277 10108 17466 19526 19905 14080 19228 10306 10125 13791 14352 12025 14153 16705 14218 19293 14715 18435 17446 16070 11631 13130 16578 12812 13608 19154 15725 12956 17458 19898 11560 11513 17693 14891 10455 10226 15863 10093 11123 19649 11904 19217 15581 10482 13654 10678 12543 16055 13247 18146 19784 15930 11174 18290 17285 x 17885 17476 14775 18728 14709 15375 13286 11267 13338 19917 12044 11435 
19776 17224 15126 11334 16240 10971 12151 16056 14394 11605 17246 11130 13745 16949 12355 14905 16581 10043 17378 18744 10613 16831 10847 12442 10080 12978 11621 10122 16567 16297 11639 15252 14679 16609 11345 19676 11831 18052 11610 14333 11270 12113 10132 12212 18991 18617 11763 17242 19835 19992 14184 16999 16539 16898 15181 13541 13085 17391 16929 11951 16658 17436 18493 19924 16733 19022 18278 16303 16032 11262 15525 13797 10346 11385 14352 18095 19909 15882 18565 12645 14512 19167 18240 12484 14066 14662 15541 17885 x 15046 16199 13822 14536 15805 16866 17631 15184 15839 16394 13725 
15769 12046 10142 14795 12944 14556 12341 10083 10491 12471 15245 19764 13093 12804 15407 13265 15753 13185 16625 10045 12618 19897 17670 16004 19633 17061 17733 14586 18905 18240 19706 12322 15975 14027 11987 13490 11240 10859 15537 16510 19580 13722 18335 16500 13336 14292 15268 13120 14447 11440 14230 13418 14173 18341 17370 18594 11392 10609 10547 15997 15142 13704 10745 19813 19430 16793 16650 18799 16368 14518 16274 14840 15990 18018 13479 13012 11319 14677 18588 13148 17794 18560 15504 12093 14190 14605 15661 17476 15046 x 13308 10719 12608 17996 17549 10981 19417 13962 16502 12596 
15870 13801 16072 17514 13137 11837 14329 16884 10323 17644 14036 17202 12137 15822 12690 17457 16341 17648 14581 10199 13426 14032 17058 12227 11426 12743 15379 17401 15841 14020 12420 19198 12239 11903 17668 14231 19058 12980 13922 14418 17575 10441 19998 10485 18441 18518 19950 18829 15329 14546 12022 19374 12042 10552 11980 10518 17178 15462 15548 18944 16011 12509 17943 11032 12938 14517 11725 14310 14653 12318 13760 18988 12994 14313 14219 15748 18404 15485 10675 14995 10880 17624 12037 18807 11812 13289 16211 14775 16199 13308 x 17011 17386 15748 19858 16381 13073 19829 12760 18667 
16434 11993 14084 17424 11814 10320 15969 16455 14719 14621 11614 17856 13671 10789 12016 17615 15913 18132 13280 17302 13963 10111 12141 19910 10842 18193 17275 11530 13624 17436 10726 12528 19442 15918 11292 16825 11050 15950 14676 19596 11363 19559 16015 14869 19689 11392 17988 16228 13285 14642 17400 19016 10918 12593 19666 18860 17766 19342 15076 12697 19338 13450 17388 14741 15609 10746 11789 10802 13479 19338 18992 14437 11159 11969 14575 15706 19066 10980 10696 18994 16544 19677 16426 11847 18133 10100 15776 18728 13822 10719 17011 x 19738 19359 11264 12266 19635 13148 15220 17864 
16561 10620 10676 17925 15252 10741 17293 18063 12692 15163 13929 12638 12792 12624 16831 17675 13353 16866 19894 10235 13610 17990 16499 18388 11229 14711 15053 13888 10563 12696 11865 14924 12692 19501 18519 19158 10269 19525 13257 18557 12673 15498 19777 15016 10173 16668 15092 11811 12687 16449 11954 15610 11079 16082 15122 16425 15311 17592 17839 17454 13986 10551 16707 16988 12320 18483 15058 17240 13658 17499 14982 16375 14654 13649 10586 13048 13422 17989 11234 12944 12711 10259 15312 15804 13394 16403 13058 14709 14536 12608 17386 19738 x 16422 15144 16567 14054 15263 15672 15614 
14917 11011 14414 15710 19904 15930 16504 12968 17410 13343 18174 19404 17690 12382 10801 12066 19936 10646 17715 12223 19408 17683 13364 19360 18283 18173 13258 16221 10957 12726 19865 18316 12566 12843 13190 13676 10462 11538 18741 11847 19207 12934 17865 13059 12330 10179 13295 17069 17230 14048 17854 19979 17132 17360 16297 11378 12637 10995 16109 16886 18476 15861 16752 16741 19369 12244 10861 15682 19893 12537 19767 10554 12727 13418 17654 10571 15422 15089 16426 10276 16881 11128 19029 17704 18022 14306 14183 15375 15805 17996 15748 19359 16422 x 14832 16061 14706 15188 12893 17245 
19757 15381 14726 17717 13275 18822 11098 14999 15358 16476 17765 11841 17059 18273 12954 13980 18797 10592 18880 13407 14139 19101 19672 18454 13581 10831 11486 15109 15276 11167 10564 16373 17794 15578 10354 19223 14382 17649 11249 10616 15439 10006 12861 17542 10785 12508 18327 18611 15199 15573 13032 13438 10672 18828 16024 10500 19750 12648 11834 16544 13952 14589 17689 15301 13311 14702 18694 13322 19538 18211 14075 12942 12736 17976 14567 14102 14702 19393 10890 10645 17284 10286 16357 19369 12042 11984 18658 13286 16866 17549 19858 11264 15144 14832 x 16642 19656 18174 15130 15011 
10619 13012 15969 17696 10819 19991 19277 12585 13671 11332 11241 18532 10337 15093 18620 10138 16922 12339 11337 11785 19990 17612 16830 19666 19283 19980 13015 17937 12375 19303 16638 14503 16728 16159 18834 12871 17179 19883 13510 15100 18643 13775 10933 17309 12555 18912 19221 16515 15306 16643 18693 10927 11505 18698 10386 12864 15635 15334 13060 13105 15838 12220 12592 17078 14900 19688 19597 18020 16640 13156 17005 11934 13592 10771 17263 18179 14500 12817 12584 11052 12306 10458 18696 17184 12066 16517 17918 11267 17631 10981 16381 12266 16567 16061 16642 x 15417 19485 16196 14083 
10703 10133 17947 15958 10077 14937 19163 17829 12257 13426 13771 16667 15809 13279 15334 15553 12036 16965 14164 17907 12982 12112 14541 16190 14365 14163 13863 11122 10399 15239 12337 19167 18396 13999 13871 19049 16764 19221 14238 11088 15266 18660 15582 10148 14231 13878 12626 10951 15921 16889 12206 19279 18231 19605 12291 18418 11841 14281 19209 19908 18332 10313 11110 10098 19129 10270 10575 11555 16745 11725 12978 14163 10359 11670 13938 17079 16850 14181 17470 13015 11579 18867 10654 13013 16428 15070 15655 13338 15184 19417 13073 19635 14054 14706 19656 15417 x 15263 12380 19450 
12649 14400 12020 12347 13178 14895 11969 12227 12718 16393 18598 14493 10197 15461 18812 11467 14186 16616 12663 18739 19380 11207 11448 13778 14479 13991 10654 14801 10586 17313 13597 19337 12126 13529 19060 17970 12367 13457 19951 13458 18398 16732 12628 10629 11062 12112 19816 18441 11638 18837 19960 16459 10436 15709 10612 14857 16203 16234 14918 17188 11163 18595 15032 12664 18161 12513 16522 15886 17556 19069 14689 14088 16127 11131 16531 15180 10855 11715 15533 16058 14457 19125 10356 16196 15497 15406 10215 19917 15839 13962 19829 13148 15263 15188 18174 19485 15263 x 11765 17818 
15544 10431 14975 11790 17397 10569 16962 19922 13560 18517 11503 18304 18732 19338 19334 10073 19411 13572 18597 10502 12151 13743 15356 13991 16161 13863 14569 14045 14433 17251 14558 17881 16156 13119 16039 19093 18334 16854 13656 14809 18335 12707 12315 15588 15995 16353 19581 12363 14477 10740 10210 19649 14278 12318 19435 13154 13484 19120 11884 10448 13285 18602 18329 18404 12568 14815 11180 17490 15495 12266 15476 17090 18873 15902 12501 17355 17402 10234 11147 12804 19001 14818 18358 16309 15090 13290 18922 12044 16394 16502 12760 15220 15672 12893 15130 16196 12380 11765 x 10208 
10594 17516 14760 17836 19415 11388 17263 17827 12719 13121 16888 11630 18205 18605 19127 16641 10069 14518 10151 19033 19076 18613 18698 18010 17919 10074 14336 14487 17697 19144 10001 18087 10050 13486 12430 15642 13402 14057 18777 10091 19601 14594 13703 17028 15642 13695 18213 17321 15150 10530 15330 13901 18092 17414 17710 13326 15198 11642 12503 15094 11057 17368 19671 18455 17886 17887 12323 16752 10953 19418 12124 10551 15186 10867 15123 16856 12064 14346 13118 12118 18278 19268 11080 16191 11870 19090 16441 11435 13725 12596 18667 17864 15614 17245 15011 14083 19450 17818 10208 x 