50
25
Marbleiron Courtcastle Ironriver Courtwall Morwald Clearnesse Valhaven Buttermead Violetley Westvale Woodice Esterfall Eriwall Goldwyvern Newby Foxvale Morwall Oakmere Foxhaven Freyview Ironshore Oldmoor Dellwyn Butterbush Corbank Esterash Stonefair Westerlight Clearland Bushgate Brightmere Stoneglass Wildemarsh Wellmage Snowshore Irondeer Lightmere Southwheat Westmill Lochmage Shoreburn Erilyn Eastcastle Rosemill Wolflea Greenshore Bluedell Newley Fairsage Greyice
Oldmoor Woodice Dellwyn Freyview Oakmere Eriwall Valhaven Newby Foxhaven Morwall Goldwyvern Corbank Westvale Morwald Ironriver Violetley Courtwall Ironshore Marbleiron Buttermead Courtcastle Butterbush Foxvale Esterfall Clearnesse
Clearnesse
x 17627 16356 18557 11937 13899 19307 19578 17748 16783 17095 19441 13712 13302 13948 10337 16327 19688 10494 10687 13739 16346 19860 13801 11043 10879 18725 17551 15786 10871 14921 15296 10862 15361 12234 12203 16124 18791 10265 12130 15904 13748 19093 11715 10994 15901 19435 16812 16544 13006 
17627 x 16467 12166 19431 16538 10261 13113 14652 10847 18589 16371 13081 14289 14114 19566 16492 16572 14941 16669 18339 14880 18909 13533 10535 16689 19513 16176 19576 18718 19602 13335 14022 13070 18944 13246 13563 19717 13430 13768 16466 10300 16859 14644 13803 14606 11326 10540 16266 13592 
16356 16467 x 14390 15775 11068 12647 19432 14670 16841 15612 18467 17396 12081 15952 14697 15146 11647 13122 18230 17993 16868 18100 19118 10125 17651 18897 11036 14585 10490 12597 14746 12194 15680 11709 18649 16420 18061 14943 11145 12850 19069 11143 16272 17746 19054 12097 17245 19675 17366 
18557 12166 14390 x 13545 19466 13779 12314 19774 15810 18353 19143 11865 13211 16061 12453 16833 15629 11205 12264 12872 13674 12986 13955 10559 17263 16098 11904 11274 12211 11904 12985 14489 19102 19210 16033 18566 14507 13595 17570 16870 11522 11209 16921 15213 15851 15139 15911 10167 13931 
11937 19431 15775 13545 x 19884 15385 18658 19464 18511 14767 14493 15414 17044 19895 10528 15404 11265 16451 13330 15465 16274 14232 16437 19265 13384 12042 13518 12438 13663 11894 13805 17773 18797 11375 10277 11115 16622 13586 17271 11367 10852 17727 14147 12018 13493 17590 15772 18011 13646 
13899 16538 11068 19466 19884 x 19402 19929 11099 18690 14029 15622 16431 16673 19584 15734 16986 15418 17454 10719 10657 18478 12739 18984 12117 13455 11468 18576 12630 14735 15104 13152 15978 13305 11053 11080 15927 19805 12600 13108 12251 14172 10711 11381 17046 11420 18564 14175 14879 16473 
19307 10261 12647 13779 15385 19402 x 14593 15824 16093 10222 14984 13145 18003 11021 10721 13666 19547 11054 14012 11223 18173 15552 18017 11190 12584 19783 11575 17279 19374 14967 19089 17499 17448 18038 14557 12727 10221 14180 19076 18217 15029 13012 12552 17161 19655 17419 17392 10971 10352 
19578 13113 19432 12314 18658 19929 14593 x 13340 17229 14360 16765 17175 13517 12115 19705 17542 15210 16101 18951 14156 17734 17465 17527 14961 12384 13363 12863 13585 18588 10903 10181 19595 19168 17088 18352 15433 18407 14772 12685 18322 17202 15964 10166 14937 10841 12795 10624 17021 10098 
17748 14652 14670 19774 19464 11099 15824 13340 x 10446 17179 17261 11183 18590 14666 14412 11336 13452 13132 10970 11205 16831 12610 11960 16310 19351 19315 13791 16630 13670 19639 17699 13039 10434 14976 11785 15176 15588 13728 16890 17036 10833 16781 13248 13278 16842 18316 13713 14980 12159 
16783 10847 16841 15810 18511 18690 16093 17229 10446 x 16103 19375 19237 15592 11369 19090 11129 13368 14382 18984 12036 13639 19801 15871 19411 14796 17011 19713 12055 10472 18273 17653 13003 13009 16261 15134 16394 15757 17931 14579 16007 12165 13697 12652 11868 11592 10190 17025 14609 18158 
17095 18589 15612 18353 14767 14029 10222 14360 17179 16103 x 18023 11599 19087 14128 10375 17343 11258 19072 12747 16127 19176 15832 19574 10067 14160 12955 17704 15916 11784 14929 15329 15531 15693 18870 14634 15103 19418 19694 19116 15355 19603 10224 13216 17094 18866 14723 19727 18984 10375 
19441 16371 18467 19143 14493 15622 14984 16765 17261 19375 18023 x 14912 10792 14991 12211 13539 10954 13481 14550 17252 13497 19583 17300 14206 16891 10742 17662 10516 13134 10430 11574 18072 12959 19069 15559 10105 19345 12960 16490 12550 15019 12999 11649 17627 17183 11737 11343 16090 14391 
13712 13081 17396 11865 15414 16431 13145 17175 11183 19237 11599 14912 x 16900 13440 12802 13660 17363 19057 11528 13504 11386 12878 16607 12134 14443 12870 12134 11797 16120 15209 19567 17165 17832 14300 11781 11853 14540 13444 15152 18915 16353 17204 17200 11094 11566 13050 14813 11926 16335 
13302 14289 12081 13211 17044 16673 18003 13517 18590 15592 19087 10792 16900 x 15150 12407 13184 19532 18892 17499 18411 16448 13656 12196 13623 12286 16390 18725 17173 16898 11503 16707 19918 12556 12933 12928 11196 17216 14176 17854 11078 16499 12522 19320 13154 17241 17294 13440 17870 18429 
13948 14114 15952 16061 19895 19584 11021 12115 14666 11369 14128 14991 13440 15150 x 13037 16801 12789 11548 11501 12954 19361 18890 11815 17227 12751 13211 11656 18154 18731 18041 18743 16354 11824 18331 16520 11772 12217 11820 12182 15709 18846 17201 16331 18625 16336 11188 12569 19602 19919 
10337 19566 14697 12453 10528 15734 10721 19705 14412 19090 10375 12211 12802 12407 13037 x 13014 11499 16214 13868 19930 16745 16589 15592 13311 16066 16952 11135 19193 10086 15964 16489 18193 11732 15830 10744 17193 19370 11031 15693 10945 11843 12454 10544 15021 16903 19885 18346 17136 16405 
16327 16492 15146 16833 15404 16986 13666 17542 11336 11129 17343 13539 13660 13184 16801 13014 x 17742 11259 15492 15033 11424 15472 11088 15171 17194 16369 12787 16284 11232 11044 15006 13122 19492 15475 18311 11881 19003 10575 14423 10676 10235 16992 16609 18953 19336 17185 16236 11627 17669 
19688 16572 11647 15629 11265 15418 19547 15210 13452 13368 11258 10954 17363 19532 12789 11499 17742 x 14155 17828 14381 19350 10199 10621 19053 15130 15894 14991 17121 19106 19929 12436 10653 18078 15092 11373 17005 12692 16777 17130 18556 14770 10582 13855 19732 15935 18158 12217 19343 11967 
10494 14941 13122 11205 16451 17454 11054 16101 13132 14382 19072 13481 19057 18892 11548 16214 11259 14155 x 17045 15141 19057 12190 17280 17167 11353 18090 16081 15983 15415 14826 17744 17521 16773 14425 14423 16895 13107 16931 13599 16804 12941 15751 14269 12492 16022 18984 11297 19443 18703 
10687 16669 18230 12264 13330 10719 14012 18951 10970 18984 12747 14550 11528 17499 11501 13868 15492 17828 17045 x 10874 15796 14578 16103 15040 13370 15513 12162 14742 12429 15299 11868 19961 15539 19902 14720 19161 16547 10890 14087 12981 19764 14854 13954 19683 11735 16793 19166 18003 19231 
13739 18339 17993 12872 15465 10657 11223 14156 11205 12036 16127 17252 13504 18411 12954 19930 15033 14381 15141 10874 x 19981 17467 17731 16104 17709 12478 15989 19111 10805 13175 16727 11599 18777 19759 19348 19424 14391 18370 16042 10498 14158 18212 16539 11220 13855 17172 10452 16056 12141 
16346 14880 16868 13674 16274 18478 18173 17734 16831 13639 19176 13497 11386 16448 19361 16745 11424 19350 19057 15796 19981 x 12191 12867 11511 13616 12580 17491 12432 13003 10482 19670 16639 17868 15467 12265 11478 10198 14129 11000 17525 18473 14219 10559 15292 17555 11793 16969 18744 11402 
19860 18909 18100 12986 14232 12739 15552 17465 12610 19801 15832 19583 12878 13656 18890 16589 15472 10199 12190 14578 17467 12191 x 13926 16441 17643 16258 13924 18404 11854 14813 10502 15524 18224 12310 11956 13723 14876 18222 13694 17933 17374 19299 12239 19691 14517 17511 15271 18809 19657 
13801 13533 19118 13955 16437 18984 18017 17527 11960 15871 19574 17300 16607 12196 11815 15592 11088 10621 17280 16103 17731 12867 13926 x 19810 12109 18454 16474 16376 17053 12691 18841 12483 11831 19909 17371 13370 14346 19078 15266 13278 18746 11354 10777 15202 17096 17148 11956 13105 11151 
11043 10535 10125 10559 19265 12117 11190 14961 16310 19411 10067 14206 12134 13623 17227 13311 15171 19053 17167 15040 16104 11511 16441 19810 x 11073 12956 18311 10461 19552 17504 17105 18008 19505 19707 18926 19797 11597 11650 10016 13895 15822 12115 12859 12294 18256 14923 14222 13534 12212 
10879 16689 17651 17263 13384 13455 12584 12384 19351 14796 14160 16891 14443 12286 12751 16066 17194 15130 11353 13370 17709 13616 17643 12109 11073 x 14572 12462 16297 11448 16121 15429 12041 12894 19828 12115 16221 18923 16751 10631 17747 12306 19950 19247 12784 18145 14125 11750 13483 12846 
18725 19513 18897 16098 12042 11468 19783 13363 19315 17011 12955 10742 12870 16390 13211 16952 16369 15894 18090 15513 12478 12580 16258 18454 12956 14572 x 18815 11386 18401 15290 15615 10354 18498 11076 15791 11087 13376 15812 13511 14823 10224 16397 15022 10251 16515 11116 17082 10505 11353 
17551 16176 11036 11904 13518 18576 11575 12863 13791 19713 17704 17662 12134 18725 11656 11135 12787 14991 16081 12162 15989 17491 13924 16474 18311 12462 18815 x 17869 13751 17550 10918 14193 14283 15702 16179 13431 12304 18180 17413 12749 10412 14381 13708 19405 13237 13291 15517 10832 14736 
15786 19576 14585 11274 12438 12630 17279 13585 16630 12055 15916 10516 11797 17173 18154 19193 16284 17121 15983 14742 19111 12432 18404 16376 10461 16297 11386 17869 x 18735 12458 14225 12902 13250 13040 13719 17981 18985 16926 17916 16673 18227 10000 16706 15233 10283 16633 13104 18523 15388 
10871 18718 10490 12211 13663 14735 19374 18588 13670 10472 11784 13134 16120 16898 18731 10086 11232 19106 15415 12429 10805 13003 11854 17053 19552 11448 18401 13751 18735 x 12836 11706 12621 10360 11293 15297 11165 18345 12879 18225 13939 14696 12629 15002 17106 15933 17504 14563 18005 11053 
14921 19602 12597 11904 11894 15104 14967 10903 19639 18273 14929 10430 15209 11503 18041 15964 11044 19929 14826 15299 13175 10482 14813 12691 17504 16121 15290 17550 12458 12836 x 10323 18839 19046 12403 14895 14481 15704 19010 10978 15762 11070 19060 18251 17616 10100 11508 14581 18666 12745 
15296 13335 14746 12985 13805 13152 19089 10181 17699 17653 15329 11574 19567 16707 18743 16489 15006 12436 17744 11868 16727 19670 10502 18841 17105 15429 15615 10918 14225 11706 10323 x 12591 11634 17566 11565 15439 14032 15502 10921 19087 12779 15860 10894 15858 15790 18069 10775 13367 16414 
10862 14022 12194 14489 17773 15978 17499 19595 13039 13003 15531 18072 17165 19918 16354 18193 13122 10653 17521 19961 11599 16639 15524 12483 18008 12041 10354 14193 12902 12621 18839 12591 x 13117 19225 12657 15345 10664 19286 14546 12559 11571 15487 19275 18123 11711 16368 15893 12082 11369 
15361 13070 15680 19102 18797 13305 17448 19168 10434 13009 15693 12959 17832 12556 11824 11732 19492 18078 16773 15539 18777 17868 18224 11831 19505 12894 18498 14283 13250 10360 19046 11634 13117 x 11628 11049 13900 19322 19026 18823 15121 19366 13968 10516 19905 10235 18929 10967 12390 12261 
12234 18944 11709 19210 11375 11053 18038 17088 14976 16261 18870 19069 14300 12933 18331 15830 15475 15092 14425 19902 19759 15467 12310 19909 19707 19828 11076 15702 13040 11293 12403 17566 19225 11628 x 17102 10908 12823 10750 13658 14254 14316 19555 13984 17735 19235 17962 14872 11268 18255 
12203 13246 18649 16033 10277 11080 14557 18352 11785 15134 14634 15559 11781 12928 16520 10744 18311 11373 14423 14720 19348 12265 11956 17371 18926 12115 15791 16179 13719 15297 14895 11565 12657 11049 17102 x 14118 19028 11692 19895 15663 12718 16462 13657 18334 16514 18252 12811 10029 17107 
16124 13563 16420 18566 11115 15927 12727 15433 15176 16394 15103 10105 11853 11196 11772 17193 11881 17005 16895 19161 19424 11478 13723 13370 19797 16221 11087 13431 17981 11165 14481 15439 15345 13900 10908 14118 x 11246 15301 19065 15422 15526 19301 13001 11389 11884 15085 19195 10674 12281 
18791 19717 18061 14507 16622 19805 10221 18407 15588 15757 19418 19345 14540 17216 12217 19370 19003 12692 13107 16547 14391 10198 14876 14346 11597 18923 13376 12304 18985 18345 15704 14032 10664 19322 12823 19028 11246 x 12134 13105 11768 17292 11364 18132 17122 10634 19699 14548 12528 12614 
10265 13430 14943 13595 13586 12600 14180 14772 13728 17931 19694 12960 13444 14176 11820 11031 10575 16777 16931 10890 18370 14129 18222 19078 11650 16751 15812 18180 16926 12879 19010 15502 19286 19026 10750 11692 15301 12134 x 16016 10945 16192 19545 18946 18214 18242 14475 13456 18192 15623 
12130 13768 11145 17570 17271 13108 19076 12685 16890 14579 19116 16490 15152 17854 12182 15693 14423 17130 13599 14087 16042 11000 13694 15266 10016 10631 13511 17413 17916 18225 10978 10921 14546 18823 13658 19895 19065 13105 16016 x 14929 12422 10979 15779 14514 11557 15121 12086 19812 10831 
15904 16466 12850 16870 11367 12251 18217 18322 17036 16007 15355 12550 18915 11078 15709 10945 10676 18556 16804 12981 10498 17525 17933 13278 13895 17747 14823 12749 16673 13939 15762 19087 12559 15121 14254 15663 15422 11768 10945 14929 x 16316 11182 14854 12211 18080 10622 12079 18184 12272 
13748 10300 19069 11522 10852 14172 15029 17202 10833 12165 19603 15019 16353 16499 18846 11843 10235 14770 12941 19764 14158 18473 17374 18746 15822 12306 10224 10412 18227 14696 11070 12779 11571 19366 14316 12718 15526 17292 16192 12422 16316 x 15991 13573 16280 15759 19076 17148 13280 16281 
19093 16859 11143 11209 17727 10711 13012 15964 16781 13697 10224 12999 17204 12522 17201 12454 16992 10582 15751 14854 18212 14219 19299 11354 12115 19950 16397 14381 10000 12629 19060 15860 15487 13968 19555 16462 19301 11364 19545 10979 11182 15991 x 15296 15578 15544 16404 14955 12479 16076 
11715 14644 16272 16921 14147 11381 12552 10166 13248 12652 13216 11649 17200 19320 16331 10544 16609 13855 14269 13954 16539 10559 12239 10777 12859 19247 15022 13708 16706 15002 18251 10894 19275 10516 13984 13657 13001 18132 18946 15779 14854 13573 15296 x 18449 10495 13450 11178 17316 18721 
10994 13803 17746 15213 12018 17046 17161 14937 13278 11868 17094 17627 11094 13154 18625 15021 18953 19732 12492 19683 11220 15292 19691 15202 12294 12784 10251 19405 15233 17106 17616 15858 18123 19905 17735 18334 11389 17122 18214 14514 12211 16280 15578 18449 x 19522 15380 14595 15951 14219 
15901 14606 19054 15851 13493 11420 19655 10841 16842 11592 18866 17183 11566 17241 16336 16903 19336 15935 16022 11735 13855 17555 14517 17096 18256 18145 16515 13237 10283 15933 10100 15790 11711 10235 19235 16514 11884 10634 18242 11557 18080 15759 15544 10495 19522 x 14957 18058 19173 11016 
19435 11326 12097 15139 17590 18564 17419 12795 18316 10190 14723 11737 13050 17294 11188 19885 17185 18158 18984 16793 17172 11793 17511 17148 14923 14125 11116 13291 16633 17504 11508 18069 16368 18929 17962 18252 15085 19699 14475 15121 10622 19076 16404 13450 15380 14957 x 18425 15660 19780 
16812 10540 17245 15911 15772 14175 17392 10624 13713 17025 19727 11343 14813 13440 12569 18346 16236 12217 11297 19166 10452 16969 15271 11956 14222 11750 17082 15517 13104 14563 14581 10775 15893 10967 14872 12811 19195 14548 13456 12086 12079 17148 14955 11178 14595 18058 18425 x 17281 19405 
16544 16266 19675 10167 18011 14879 10971 17021 14980 14609 18984 16090 11926 17870 19602 17136 11627 19343 19443 18003 16056 18744 18809 13105 13534 13483 10505 10832 18523 18005 18666 13367 12082 12390 11268 10029 10674 12528 18192 19812 18184 13280 12479 17316 15951 19173 15660 17281 x 17045 
13006 13592 17366 13931 13646 16473 10352 10098 12159 18158 10375 14391 16335 18429 19919 16405 17669 11967 18703 19231 12141 11402 19657 11151 12212 12846 11353 14736 15388 11053 12745 16414 11369 12261 18255 17107 12281 12614 15623 10831 12272 16281 16076 18721 14219 11016 19780 19405 17045 x 