50
25
FacultyClub BioscienceLibrary SutardjaDai Etcheverry SproulPlaza Hilgard StudentUnion EarthquakeLibrary UniversityHouse LawrenceofScience Pimentel Mulford CareerCenter HearstGym Durham OBrien Library Spieker FPF PacificFilmArchive BrainImagingCenter Morrison Wheeler Cheit Manville Koshland Jacobs Investigative EarthLibrary EnergyBuilding MediaCenter StowPlaza MartinezCommons MelvinLaboratory BancroftDance AndersenAuditorium Unit3 AnthropologyLibrary Stephens InternationalHouse OptometryLibrary IRLE SpringerGateway DonnerLaboratory ArtHistoryLibrary Sproul Birge CITRIS NewspapersLibrary Warren 
FacultyClub BioscienceLibrary SutardjaDai Etcheverry SproulPlaza Hilgard StudentUnion EarthquakeLibrary UniversityHouse LawrenceofScience Pimentel Mulford CareerCenter HearstGym Durham OBrien Library Spieker FPF PacificFilmArchive BrainImagingCenter Morrison Wheeler Cheit Manville 
FacultyClub
x 24094.0385 82930.7697 6768.5668 65804.2347 63298.5442 57045.3811 63156.237 80476.5608 10390.0541 56969.8198 31257.7039 28115.5748 x 62165.9872 17844.523 21163.3289 29647.4183 87379.5419 13723.0021 42928.6078 36506.1028 x 79192.7714 52294.748 43713.9887 68795.3794 28406.0925 31063.1595 54728.0931 58808.5515 43152.6904 x 50340.0132 20985.8767 64855.5346 25881.1964 64049.7336 45080.4799 48169.2171 20380.5041 89512.1206 37489.1462 15214.8948 76443.0311 57864.4855 16226.8447 55067.1423 28732.0269 26823.8944 
24094.0385 x 82728.7729 19512.3758 57714.1191 41722.6619 80647.3945 74784.1198 85516.1865 31161.4779 34270.2193 52476.4769 33091.3094 16041.2423 54900.0955 26442.5507 x 42473.6535 93746.8401 33170.9306 x 59783.2756 39899.8098 61706.9509 30741.1152 65229.9967 50305.4683 6923.7751 27273.6036 77509.1852 66226.8192 42469.3895 59590.7786 46303.5267 38198.8222 64645.11 31724.1405 63142.8903 54075.7395 28024.4655 25931.1324 95574.9097 18155.1462 27355.0475 84413.5844 65246.7699 35710.7951 78930.7413 x 45625.3964 
82930.7697 82728.7729 x 86737.4867 31956.5018 75170.8247 96486.4685 40736.1345 18129.1404 92415.594 79392.325 73307.3145 54870.2149 80564.5141 32165.594 99673.953 100839.9107 56772.2406 25057.2532 95850.2514 93530.5668 84357.0472 53224.2058 60931.2777 73813.6531 76174.9837 x 89077.9645 108249.8711 x 30882.723 40884.8854 29445.687 36568.2925 66707.8859 18329.2527 57083.716 19619.2395 41981.0995 69495.1101 62991.9462 24942.3727 99296.1964 x 28159.9667 31334.6748 71770.0705 99012.9241 85863.768 x 
6768.5668 19512.3758 86737.4867 x 67454.1359 60440.2767 x 69143.5163 85391.6808 11710.4867 53496.3478 38014.5126 31986.1382 6691.9119 63985.6707 12937.6697 15088.8032 x 92591.9438 14088.1995 48771.1056 42860.622 53988.919 78094.2355 49369.4258 50425.5936 x 22743.2738 24647.2531 61188.1305 64012.2615 46244.7642 68812.741 52778.3879 27338.4591 68484.797 29835.1353 67504.2393 50411.8154 45773.4782 23752.1945 94677.536 31105.7214 19971.0772 81891.5422 63050.8816 22824.0584 60932.9727 23618.324 33481.0497 
65804.2347 57714.1191 31956.5018 67454.1359 x 43219.6861 98291.4937 54076.5918 44628.4818 76166.9107 47795.4422 x 40051.2945 x x 79733.4574 79355.1312 48935.1883 53538.0675 x 90676.2157 80928.5556 21959.2272 31782.4546 42584.4159 76892.4407 31777.2977 63103.7826 84841.034 90658.5747 40006.932 x 2520.401 16706.0393 56644.9998 21211.7933 42092.7112 19106.1332 x 38852.7962 45929.6272 54277.046 72038.9684 52396.1336 50645.4647 39599.4276 60300.9593 99428.3173 59636.1352 60624.8745 
63298.5442 41722.6619 75170.8247 60440.2767 43219.6861 x 114825.7371 88308.6094 x 72094.6287 x 83977.3171 53556.0647 55193.3922 43336.1797 68008.145 64609.7115 66492.4512 95433.404 74484.3413 102816.7706 94146.5674 23195.5081 25340.2471 11070.8555 95673.1184 14703.1395 42377.525 64807.2137 x 75235.9343 49334.4568 45735.8617 45411.8154 68271.3207 61875.0115 54071.4765 59699.4937 69083.8698 15448.896 52474.2128 96471.1192 45080.7156 58244.1001 90310.7021 74468.6078 68643.8895 114199.9946 39507.7075 75302.7368 
57045.3811 80647.3945 96486.4685 x 98291.4937 114825.7371 x 57172.9615 83386.2109 54279.8175 110425.9538 31037.0858 x 64662.8427 94447.7319 67118.613 72681.1712 50564.973 84929.0964 x 14815.1691 20988.6684 98419.4027 123381.3552 104662.356 21424.1519 115608.4596 85440.6376 82322.9074 9005.2066 65756.3363 73933.6133 97980.1878 82233.1983 46600.0973 84401.8827 61587.4259 85179.2358 57917.0701 x 62359.2676 87182.7312 94210.1917 x x 65432.3282 46440.5551 4662.5731 85543.8953 39929.4107 
63156.237 74784.1198 40736.1345 69143.5163 54076.5918 88308.6094 57172.9615 x x 69770.4429 88412.7319 40641.3229 41809.7683 64976.9401 51168.5308 80918.8454 84186.9176 33783.5988 28658.2003 72783.2783 57128.5678 49252.8781 65752.3061 85223.3191 81855.761 38743.8937 82014.4625 81683.9631 93706.3319 x 14080.8323 39105.8597 52612.3606 43478.8318 42343.846 x 43061.6754 35798.4026 20958.0762 76256.8112 48990.6426 30983.1888 92921.4327 x 16937.9471 14565.1938 47558.8048 60269.6228 x 38443.0564 
80476.5608 85516.1865 18129.1404 85391.6808 44628.4818 x 83386.2109 x x 88879.9932 89093.1398 64335.6 53917.2311 79924.6416 43424.1275 98114.3494 100266.3819 x 9081.4515 92188.8645 82677.0151 74230.5337 63312.8338 75827.869 82957.4621 64488.791 76273.5607 92294.7275 x 74402.7119 22016.1848 43410.7535 42349.1801 42606.5109 61504.1856 24488.0641 55891.1067 26657.5702 35704.6389 77967.4263 62230.5883 10364.4772 103201.7843 65480.7035 10636.6482 22888.2587 66866.6964 x 89427.524 59937.8943 
10390.0541 31161.4779 92415.594 11710.4867 76166.9107 72094.6287 54279.8175 69770.4429 88879.9932 x 65206.5736 33462.4038 37918.346 17248.2605 72510.1286 13313.4751 18587.0001 37371.8755 95335.051 3449.9358 x 35254.8629 64512.6638 89104.0262 61025.9315 44719.3275 78481.9684 33771.1383 x 53613.1988 66956.6133 53198.4245 77284.0416 60578.122 27679.5648 74521.3728 35672.986 73824.9952 53195.5272 57299.0643 30531.1459 97529.2211 40740.2604 24798.6015 84071.9214 66046.0846 22325.5134 51569.433 35035.0069 31681.8444 
56969.8198 34270.2193 79392.325 53496.3478 47795.4422 x 110425.9538 88412.7319 89093.1398 65206.5736 x 79963.3244 50927.928 48734.6887 x 60165.4851 56477.5765 63737.4965 98157.0554 67388.7055 97825.44 89533.4367 26189.8764 33993.2525 6567.6956 92079.7345 22803.03 34145.2256 56158.3341 105690.3682 75990.4879 49363.3043 50301.3349 x 64255.6423 64705.6393 51082.7547 62591.1644 68357.408 12230.3297 x 99372.7399 36189.7332 53706.062 92072.6603 75155.5867 x 109484.2314 31499.9358 71553.4213 
31257.7039 52476.4769 73307.3145 38014.5126 x 83977.3171 31037.0858 40641.3229 64335.6 33462.4038 79963.3244 x 31719.5615 37298.5505 65125.4723 46482.7132 51175.8306 x 68799.5332 35706.8452 21640.9981 11891.6248 67464.1715 92578.7269 74021.6212 12756.717 84594.8118 58191.6597 61355.2786 25736.6569 43134.6851 44017.2608 69065.5793 52521.4856 15730.1133 58246.1187 30560.7274 58529.6863 31519.9128 68728.2471 31537.364 71117.7798 68246.181 26426.2951 56980.5683 42474.3124 16784.3857 31105.391 57588.4483 8923.5098 
28115.5748 33091.3094 54870.2149 31986.1382 40051.2945 53556.0647 x 41809.7683 53917.2311 37918.346 50927.928 31719.5615 x 26122.3348 36171.0638 44910.4158 46535.7675 x 61612.3875 41368.0519 52587.6377 43074.5633 35748.0685 60904.9376 44544.6745 42477.8946 52946.6712 40013.4221 x 56554.2052 33440.1043 15493.6184 x 23538.8809 17141.8861 36742.1584 2245.4812 35946.5989 x 38940.9877 8341.1801 63583.0685 51245.4004 13129.6846 51666.8531 32456.3481 x 62803.9896 37711.4913 22796.1337 
x 16041.2423 80564.5141 6691.9119 x 55193.3922 64662.8427 64976.9401 79924.6416 17248.2605 48734.6887 37298.5505 26122.3348 x 57314.6739 19285.472 20415.3143 31246.0184 87375.5448 20108.3328 x 43869.9717 47518.9095 71893.5138 44159.1495 50014.6571 61233.7155 21005.9273 29023.4603 61801.46 58881.439 39882.7029 62143.1859 46210.6871 24478.59 62265.2715 24062.9175 61213.328 45502.2991 40189.8191 17785.4642 89411.6808 30992.517 x 76949.1633 57907.7489 20883.1116 62893.913 20881.0782 31411.6496 
62165.9872 54900.0955 32165.594 63985.6707 x 43336.1797 94447.7319 51168.5308 43424.1275 72510.1286 x 65125.4723 36171.0638 57314.6739 x 76371.5788 x 45005.7636 52443.5906 x 86752.9797 77006.1658 21062.6862 34171.7905 41691.1041 73060.4259 32912.8878 60493.4533 81895.6574 86864.0307 37090.2327 21301.5122 4830.7834 x x 19313.2792 38228.974 17130.2072 37517.7401 x 42182.757 53337.7662 69735.417 48600.2235 x 36622.7257 56404.6851 95549.2964 57058.3605 56692.7423 
17844.523 26442.5507 99673.953 12937.6697 79733.4574 68008.145 67118.613 80918.8454 98114.3494 13313.4751 60165.4851 46482.7132 44910.4158 19285.472 76371.5788 x 5682.9356 47491.4777 105152.9732 12311.4407 52310.6077 48524.1982 x 87885.5927 57112.3772 57988.3824 76619.1401 26302.3386 15323.0946 66833.9594 76567.7644 59127.9462 81201.989 65475.3852 38610.2687 81415.2837 42747.5717 80418.8123 62872.5741 54433.7458 36689.7351 107269.0714 30321.9913 x 94274.3076 x 33552.0984 64161.6715 28672.2073 43749.5207 
21163.3289 x 100839.9107 15088.8032 79355.1312 64609.7115 72681.1712 84186.9176 100266.3819 18587.0001 56477.5765 51175.8306 46535.7675 20415.3143 x 5682.9356 x 50487.8435 107586.3954 17919.5436 57884.1013 53832.5376 63245.6925 85455.4745 53894.8835 62966.1794 74013.0432 22337.1964 10181.189 72200.1436 79024.8221 60020.2737 80964.6418 65825.2924 42146.1248 82517.0194 x 81388.6927 65469.0426 51672.3774 38200.625 109653.5949 25045.6838 35003.0991 96955.297 78059.1294 37332.5065 69778.107 25105.4735 47802.0034 
29647.4183 42473.6535 56772.2406 x 48935.1883 66492.4512 50564.973 33783.5988 x 37371.8755 63737.4965 x x 31246.0184 45005.7636 47491.4777 50487.8435 x 57988.6613 40647.9356 41771.4072 32036.1873 48110.2947 72840.8921 57403.558 29846.1113 65465.7673 49193.484 59927.9911 43981.5904 29593.5431 23826.2026 49055.5428 x 10049.2384 x 12673.7897 39962.2967 15857.2954 51826.6252 x 60170.3737 60308.165 16035.6461 46860.8241 28691.4759 15345.3606 51102.698 47476.1273 11711.9195 
87379.5419 93746.8401 25057.2532 92591.9438 53538.0675 95433.404 84929.0964 28658.2003 9081.4515 95335.051 98157.0554 68799.5332 61612.3875 87375.5448 52443.5906 105152.9732 107586.3954 57988.6613 x 98569.202 x 77877.8876 72394.2278 84502.0203 92003.9185 67355.5589 85246.0194 100577.1843 116350.801 75932.2729 28587.8306 51989.262 x 51581.2495 67711.804 33569.0403 63489.9602 35736.8554 42301.6111 86984.1706 69845.7298 x x 72621.2779 11829.7103 29544.1371 73092.776 88329.4856 97789.8999 65347.3282 
13723.0021 33170.9306 95850.2514 14088.1995 x 74484.3413 x 72783.2783 92188.8645 3449.9358 67388.7055 35706.8452 41368.0519 20108.3328 x 12311.4407 17919.5436 40647.9356 98569.202 x 40000.0725 36505.8741 67560.7134 91994.794 x 46514.1688 81262.4305 35195.1572 27551.0363 54698.2262 x 56640.6191 80665.3775 63993.7369 30867.315 77967.5033 39122.6685 77274.2739 56490.9721 59861.574 33956.5144 100772.6337 41366.8368 28248.5052 87256.9973 69336.5703 25492.5633 51860.411 36740.588 34526.3503 
42928.6078 x 93530.5668 48771.1056 90676.2157 102816.7706 14815.1691 57128.5678 82677.0151 x 97825.44 21640.9981 52587.6377 x 86752.9797 52310.6077 57884.1013 41771.4072 x 40000.0725 x 9749.8286 88060.9106 x x 18429.4843 104865.2336 71306.8733 67507.7686 x 62763.6621 65593.8501 90706.5705 74117.7563 35609.501 x 51146.4912 79802.6549 52466.0034 87376.5299 50798.9494 88084.9047 79740.9583 44627.8566 x 62239.1022 34235.9566 12161.9607 71623.6897 x 
36506.1028 59783.2756 84357.0472 42860.622 80928.5556 94146.5674 20988.6684 49252.8781 74230.5337 35254.8629 89533.4367 11891.6248 43074.5633 43869.9717 77006.1658 48524.1982 53832.5376 32036.1873 77877.8876 36505.8741 9749.8286 x x 103968.6458 83848.3797 12063.4377 95634.7798 64780.3346 63841.0575 18426.099 53757.9867 x 80957.0797 64380.2994 26287.3586 69836.3172 41720.1063 70203.5504 42960.9198 78751.2675 41804.1788 80205.5008 73943.6641 35923.6515 66078.7139 x 25556.4045 20062.476 64731.9944 x 
x 39899.8098 53224.2058 53988.919 21959.2272 23195.5081 98419.4027 65752.3061 63312.8338 64512.6638 26189.8764 67464.1715 35748.0685 47518.9095 21062.6862 x 63245.6925 48110.2947 72394.2278 67560.7134 88060.9106 x x 25478.6992 x 77956.2834 x 44112.7826 67009.0487 92089.7224 52359.307 27476.7396 24413.3105 x 52454.6376 38829.7439 36976.1163 36674.7471 47516.844 16988.5129 37774.6853 x 51751.1733 44449.9197 67118.1711 51632.4838 54360.7369 98528.0937 40602.4774 58540.9218 
79192.7714 61706.9509 60931.2777 78094.2355 31782.4546 25340.2471 123381.3552 85223.3191 75827.869 89104.0262 33993.2525 92578.7269 60904.9376 71893.5138 34171.7905 87885.5927 85455.4745 72840.8921 84502.0203 91994.794 x 103968.6458 25478.6992 x 33097.1291 102581.3352 11697.8159 64226.1356 87408.0143 116711.7955 71171.7719 50359.8934 33780.0841 43062.8252 77811.068 x 62270.4306 50887.4969 69707.927 33932.942 63252.1918 x 69016.5002 69916.1983 82385.3118 70658.1319 79833.9468 123683.3539 60929.2561 83666.217 
52294.748 30741.1152 73813.6531 49369.4258 42584.4159 11070.8555 104662.356 81855.761 82957.4621 61025.9315 6567.6956 74021.6212 44544.6745 44159.1495 41691.1041 57112.3772 53894.8835 57403.558 92003.9185 x x 83848.3797 x 33097.1291 x 86004.1681 21418.6382 x 54725.9631 99714.3931 69489.0473 x 45057.9378 x 58292.8282 58658.5303 44778.9329 56571.3928 61791.6841 5678.5923 42500.8599 93268.2024 35920.4522 47935.7485 85704.9987 68647.6766 58293.6784 103860.5835 28816.8802 65507.2157 
43713.9887 65229.9967 76174.9837 50425.5936 76892.4407 95673.1184 21424.1519 38743.8937 64488.791 44719.3275 92079.7345 12756.717 42477.8946 50014.6571 73060.4259 57988.3824 62966.1794 29846.1113 67355.5589 46514.1688 18429.4843 12063.4377 77956.2834 102581.3352 86004.1681 x 95301.6064 x 73128.5288 14140.1876 45292.4272 52726.8895 76560.1512 60936.9795 27952.5236 63232.4272 41684.7812 63925.3705 36562.6299 80599.2815 43559.5844 69673.3574 80918.3238 38915.4797 55681.8101 44865.2603 29526.3045 23092.9803 70344.1347 20534.3216 
68795.3794 50305.4683 x x 31777.2977 14703.1395 115608.4596 82014.4625 76273.5607 78481.9684 22803.03 84594.8118 52946.6712 61233.7155 32912.8878 76619.1401 74013.0432 65465.7673 85246.0194 81262.4305 104865.2336 95634.7798 x 11697.8159 21418.6382 95301.6064 x 52600.8637 75752.2284 109424.4544 68250.4601 44636.586 x 38606.9037 69347.6572 52199.9452 54035.8979 50008.1856 64613.8052 22366.4833 x 86036.2838 57337.7678 x 81521.7137 67607.3616 70838.095 115575.4803 49335.9283 75683.4914 
28406.0925 6923.7751 89077.9645 22743.2738 63103.7826 42377.525 85440.6376 81683.9631 92294.7275 33771.1383 34145.2256 58191.6597 40013.4221 21005.9273 60493.4533 26302.3386 22337.1964 49193.484 100577.1843 35195.1572 71306.8733 64780.3346 44112.7826 64226.1356 x x 52600.8637 x 23239.7145 82798.0273 x 49115.135 65093.122 52545.4338 44431.7375 71107.8174 38630.1488 x 60995.4928 30308.7065 32775.7677 102387.7087 11239.2431 33797.0182 91312.2139 72154.8489 41548.7759 83457.0657 3515.0067 51750.9608 
31063.1595 27273.6036 108249.8711 24647.2531 84841.034 64807.2137 82322.9074 93706.3319 x x 56158.3341 61355.2786 x 29023.4603 81895.6574 15323.0946 10181.189 59927.9911 116350.801 27551.0363 67507.7686 63841.0575 67009.0487 87408.0143 54725.9631 73128.5288 75752.2284 23239.7145 x x 87893.4782 67382.7574 86641.0117 72453.2643 51963.4551 89941.019 52896.4186 88661.4707 74518.4402 x 46546.8848 118366.279 21014.5334 44132.6198 105972.5952 86918.1991 47288.0117 79254.7578 26650.1741 x 
54728.0931 77509.1852 x 61188.1305 90658.5747 x 9005.2066 x 74402.7119 53613.1988 105690.3682 25736.6569 56554.2052 61801.46 86864.0307 66833.9594 72200.1436 43981.5904 75932.2729 54698.2262 x 18426.099 92089.7224 116711.7955 99714.3931 14140.1876 109424.4544 82798.0273 x x 57059.1535 66763.4674 x 74894.953 41436.0795 x 55690.4656 76898.3156 49862.8609 94377.522 57213.5544 78188.8868 x 52138.5135 64746.2002 56771.8998 42211.7734 12671.1061 82543.819 34248.7451 
58808.5515 66226.8192 30882.723 64012.2615 40006.932 75235.9343 65756.3363 14080.8323 22016.1848 66956.6133 75990.4879 43134.6851 33440.1043 58881.439 37090.2327 76567.7644 79024.8221 29593.5431 28587.8306 x 62763.6621 53757.9867 52359.307 71171.7719 69489.0473 45292.4272 68250.4601 x 87893.4782 57059.1535 x 26796.5524 38582.3173 29954.8126 39498.1813 20498.0339 35190.6872 22014.9386 13770.9333 64004.0779 41523.2007 30704.4117 84296.3528 44041.3312 18228.7775 983.7937 x 68169.6648 70573.0637 38085.3274 
43152.6904 42469.3895 40884.8854 46244.7642 x 49334.4568 73933.6133 39105.8597 43410.7535 53198.4245 49363.3043 44017.2608 15493.6184 39882.7029 21301.5122 59127.9462 60020.2737 23826.2026 51989.262 56640.6191 65593.8501 x 27476.7396 50359.8934 x 52726.8895 44636.586 49115.135 67382.7574 66763.4674 26796.5524 x x 8547.347 x 22562.1082 x 21368.642 20040.5719 37278.9944 22782.6345 53659.2388 x 28525.7883 x 25920.2216 35375.5375 74754.0051 x 35458.1171 
x 59590.7786 29445.687 68812.741 2520.401 45735.8617 97980.1878 52612.3606 42349.1801 77284.0416 50301.3349 69065.5793 x 62143.1859 4830.7834 81201.989 80964.6418 49055.5428 x 80665.3775 90706.5705 80957.0797 24413.3105 33780.0841 45057.9378 76560.1512 x 65093.122 86641.0117 x 38582.3173 x x 17186.7968 57062.6206 19286.3347 42804.3937 17242.6189 40529.4375 41264.4887 46906.7664 x 74170.5342 53272.1677 48606.3694 38223.3752 60881.525 99231.4811 61640.7139 x 
50340.0132 46303.5267 36568.2925 52778.3879 16706.0393 45411.8154 82233.1983 43478.8318 42606.5109 60578.122 x 52521.4856 23538.8809 46210.6871 x 65475.3852 65825.2924 x 51581.2495 63993.7369 74117.7563 64380.2994 x 43062.8252 x 60936.9795 38606.9037 52545.4338 72453.2643 74894.953 29954.8126 8547.347 17186.7968 x x 19035.3623 25653.6801 17236.3932 26648.2141 35446.7145 30058.2731 52966.8336 62735.1386 36246.2194 45165.8815 29238.9857 x x 49305.4454 43998.2077 
20985.8767 38198.8222 66707.8859 27338.4591 56644.9998 68271.3207 46600.0973 42343.846 61504.1856 27679.5648 64255.6423 15730.1133 17141.8861 24478.59 x 38610.2687 42146.1248 10049.2384 67711.804 30867.315 35609.501 26287.3586 52454.6376 77811.068 58292.8282 27952.5236 69347.6572 44431.7375 51963.4551 41436.0795 39498.1813 x 57062.6206 x x 49695.4263 15563.8682 49447.3161 25836.0879 53001.1957 15809.9382 69923.439 55109.8095 11072.6543 56396.0335 38616.2311 5381.5366 46271.1487 43344.4422 7536.1436 
64855.5346 64645.11 18329.2527 68484.797 21211.7933 61875.0115 84401.8827 x 24488.0641 74521.3728 64705.6393 58246.1187 36742.1584 62265.2715 19313.2792 81415.2837 82517.0194 x 33569.0403 77967.5033 x 69836.3172 38829.7439 x 58658.5303 63232.4272 52199.9452 71107.8174 89941.019 x 20498.0339 22562.1082 19286.3347 19035.3623 49695.4263 x 38974.3664 2196.0036 26924.86 53818.5567 44764.4862 x 81539.7628 x 29476.7641 20377.6985 x 86322.8089 67966.4133 51153.5866 
25881.1964 31724.1405 57083.716 29835.1353 42092.7112 54071.4765 61587.4259 43061.6754 55891.1067 35672.986 51082.7547 30560.7274 2245.4812 24062.9175 38228.974 42747.5717 x 12673.7897 63489.9602 39122.6685 51146.4912 41720.1063 36976.1163 62270.4306 44778.9329 41684.7812 54035.8979 38630.1488 52896.4186 55690.4656 35190.6872 x 42804.3937 25653.6801 15563.8682 38974.3664 x x 22422.0396 39232.2778 x 65483.9482 49869.3114 10886.5407 x 34208.138 18352.0404 61566.9318 x 21658.5093 
64049.7336 63142.8903 19619.2395 67504.2393 19106.1332 59699.4937 85179.2358 35798.4026 26657.5702 73824.9952 62591.1644 58529.6863 35946.5989 61213.328 17130.2072 80418.8123 81388.6927 39962.2967 35736.8554 77274.2739 79802.6549 70203.5504 36674.7471 50887.4969 56571.3928 63925.3705 50008.1856 x 88661.4707 76898.3156 22014.9386 21368.642 17242.6189 17236.3932 49447.3161 2196.0036 x x 27445.7993 51771.6793 43843.7237 36832.0721 79892.235 49030.8018 x 21820.1695 54178.0522 86996.8871 66369.8915 51226.0792 
45080.4799 54075.7395 41981.0995 50411.8154 x 69083.8698 57917.0701 20958.0762 35704.6389 53195.5272 68357.408 31519.9128 x 45502.2991 37517.7401 62872.5741 65469.0426 15857.2954 42301.6111 56490.9721 52466.0034 42960.9198 47516.844 69707.927 61791.6841 36562.6299 64613.8052 60995.4928 74518.4402 49862.8609 13770.9333 20040.5719 40529.4375 26648.2141 25836.0879 26924.86 22422.0396 27445.7993 x 56131.4303 28588.3488 44446.2696 x 30468.8074 31487.7181 12851.89 31181.038 59592.5041 x 25215.5555 
48169.2171 28024.4655 69495.1101 45773.4782 38852.7962 15448.896 x 76256.8112 77967.4263 57299.0643 12230.3297 68728.2471 38940.9877 40189.8191 x 54433.7458 51672.3774 51826.6252 86984.1706 59861.574 87376.5299 78751.2675 16988.5129 33932.942 5678.5923 80599.2815 22366.4833 30308.7065 x 94377.522 64004.0779 37278.9944 41264.4887 35446.7145 53001.1957 53818.5567 39232.2778 51771.6793 56131.4303 x 37191.4068 88306.6333 x 42832.4337 80413.2613 63151.7567 53225.7746 98795.3158 x 60139.4513 
20380.5041 25931.1324 62991.9462 23752.1945 45929.6272 52474.2128 62359.2676 48990.6426 62230.5883 30531.1459 x 31537.364 8341.1801 17785.4642 42182.757 36689.7351 38200.625 x 69845.7298 33956.5144 50798.9494 41804.1788 37774.6853 63252.1918 42500.8599 43559.5844 x 32775.7677 46546.8848 57213.5544 41523.2007 22782.6345 46906.7664 30058.2731 15809.9382 44764.4862 x 43843.7237 28588.3488 37191.4068 x x 43992.1854 6763.925 59717.4838 40541.4608 16673.6867 61862.0093 30826.4449 23030.8274 
89512.1206 95574.9097 24942.3727 94677.536 54277.046 96471.1192 87182.7312 30983.1888 10364.4772 97529.2211 99372.7399 71117.7798 63583.0685 89411.6808 53337.7662 107269.0714 109653.5949 60170.3737 x 100772.6337 88084.9047 80205.5008 x x 93268.2024 69673.3574 86036.2838 102387.7087 118366.279 78188.8868 30704.4117 53659.2388 x 52966.8336 69923.439 x 65483.9482 36832.0721 44446.2696 88306.6333 x x 113351.1433 74709.9989 14154.7414 31652.7152 75304.9251 90602.7617 99569.0099 67623.3834 
37489.1462 18155.1462 99296.1964 31105.7214 72038.9684 45080.7156 94210.1917 92921.4327 103201.7843 40740.2604 36189.7332 68246.181 51245.4004 30992.517 69735.417 30321.9913 25045.6838 60308.165 x 41366.8368 79740.9583 73943.6641 51751.1733 69016.5002 35920.4522 80918.3238 57337.7678 11239.2431 21014.5334 x 84296.3528 x 74170.5342 62735.1386 55109.8095 81539.7628 49869.3114 79892.235 x x 43992.1854 113351.1433 x 44717.9886 102449.854 83318.5964 x 91889.2197 13784.064 x 
15214.8948 27355.0475 x 19971.0772 52396.1336 58244.1001 x x 65480.7035 24798.6015 53706.062 26426.2951 13129.6846 x 48600.2235 x 35003.0991 16035.6461 72621.2779 28248.5052 44627.8566 35923.6515 44449.9197 69916.1983 47935.7485 38915.4797 x 33797.0182 44132.6198 52138.5135 44041.3312 28525.7883 53272.1677 36246.2194 11072.6543 x 10886.5407 49030.8018 30468.8074 42832.4337 6763.925 74709.9989 44717.9886 x 61956.5029 43079.8046 10402.7809 55962.8877 32482.7804 18608.3046 
76443.0311 84413.5844 28159.9667 81891.5422 50645.4647 90310.7021 x 16937.9471 10636.6482 84071.9214 92072.6603 56980.5683 51666.8531 76949.1633 x 94274.3076 96955.297 46860.8241 11829.7103 87256.9973 x 66078.7139 67118.1711 82385.3118 85704.9987 55681.8101 81521.7137 91312.2139 105972.5952 64746.2002 18228.7775 x 48606.3694 45165.8815 56396.0335 29476.7641 x x 31487.7181 80413.2613 59717.4838 14154.7414 102449.854 61956.5029 x 19212.525 x 77004.0866 88702.7229 x 
57864.4855 65246.7699 31334.6748 63050.8816 39599.4276 74468.6078 65432.3282 14565.1938 22888.2587 66046.0846 75155.5867 42474.3124 32456.3481 57907.7489 36622.7257 x 78059.1294 28691.4759 29544.1371 69336.5703 62239.1022 x 51632.4838 70658.1319 68647.6766 44865.2603 67607.3616 72154.8489 86918.1991 56771.8998 983.7937 25920.2216 38223.3752 29238.9857 38616.2311 20377.6985 34208.138 21820.1695 12851.89 63151.7567 40541.4608 31652.7152 83318.5964 43079.8046 19212.525 x 43980.595 67790.5395 69597.2995 x 
16226.8447 35710.7951 71770.0705 22824.0584 60300.9593 68643.8895 46440.5551 47558.8048 66866.6964 22325.5134 x 16784.3857 x 20883.1116 56404.6851 33552.0984 37332.5065 15345.3606 73092.776 25492.5633 34235.9566 25556.4045 54360.7369 79833.9468 58293.6784 29526.3045 70838.095 41548.7759 47288.0117 42211.7734 x 35375.5375 60881.525 x 5381.5366 x 18352.0404 54178.0522 31181.038 53225.7746 16673.6867 75304.9251 x 10402.7809 x 43980.595 x 45574.9281 x 10683.2849 
55067.1423 78930.7413 99012.9241 60932.9727 99428.3173 114199.9946 4662.5731 60269.6228 x 51569.433 109484.2314 31105.391 62803.9896 62893.913 95549.2964 64161.6715 69778.107 51102.698 88329.4856 51860.411 12161.9607 20062.476 98528.0937 123683.3539 103860.5835 23092.9803 115575.4803 83457.0657 79254.7578 12671.1061 68169.6648 74754.0051 99231.4811 x 46271.1487 86322.8089 61566.9318 86996.8871 59592.5041 98795.3158 61862.0093 90602.7617 91889.2197 55962.8877 77004.0866 67790.5395 45574.9281 x 83737.1779 40018.2971 
28732.0269 x 85863.768 23618.324 59636.1352 39507.7075 85543.8953 x 89427.524 35035.0069 31499.9358 57588.4483 37711.4913 20881.0782 57058.3605 28672.2073 25105.4735 47476.1273 97789.8999 36740.588 71623.6897 64731.9944 40602.4774 60929.2561 28816.8802 70344.1347 49335.9283 3515.0067 26650.1741 82543.819 70573.0637 x 61640.7139 49305.4454 43344.4422 67966.4133 x 66369.8915 x x 30826.4449 99569.0099 13784.064 32482.7804 88702.7229 69597.2995 x 83737.1779 x 50772.3841 
26823.8944 45625.3964 x 33481.0497 60624.8745 75302.7368 39929.4107 38443.0564 59937.8943 31681.8444 71553.4213 8923.5098 22796.1337 31411.6496 56692.7423 43749.5207 47802.0034 11711.9195 65347.3282 34526.3503 x x 58540.9218 83666.217 65507.2157 20534.3216 75683.4914 51750.9608 x 34248.7451 38085.3274 35458.1171 x 43998.2077 7536.1436 51153.5866 21658.5093 51226.0792 25215.5555 60139.4513 23030.8274 67623.3834 x 18608.3046 x x 10683.2849 40018.2971 50772.3841 x 
