100
47
0 1 2 3 4 5 6 7 8 9 10 11 12 13 14 15 16 17 18 19 20 21 22 23 24 25 26 27 28 29 30 31 32 33 34 35 36 37 38 39 40 41 42 43 44 45 46 47 48 49 50 51 52 53 54 55 56 57 58 59 60 61 62 63 64 65 66 67 68 69 70 71 72 73 74 75 76 77 78 79 80 81 82 83 84 85 86 87 88 89 90 91 92 93 94 95 96 97 98 99
1 2 3 4 6 10 11 16 17 23 24 25 26 28 29 30 31 32 41 43 44 45 46 47 48 50 53 57 58 59 61 62 67 70 73 76 77 78 81 82 85 86 88 89 95 97 99
0
x       95.8176 x       x       68.3875 55.0561 19.7533 37.0449 37.0142 51.3858 69.281  x       41.8074 16.9615 x       83.3109 41.6872 73.3102 58.5258 70.935  x       90.1067 78.8775 69.5614 x       76.8923 x       x       x       x       75.1237 91.3328 57.772  63.6762 47.1279 67.2753 73.3651 x       50.658  74.4055 88.1708 64.9948 87.405  66.7015 85.246  87.4037 53.699  x       x       49.5156 72.1963 58.1841 74.9532 67.5532 82.5314 64.1993 56.7556 x       96.886  56.7202 71.9463 73.5484 44.4457 39.3667 58.302  60.3061 46.7225 49.5386 81.0823 91.6835 59.1912 93.8523 74.5028 79.2002 94.9622 77.1473 68.9837 68.9938 56.0339 68.7007 86.1501 55.8677 57.941  74.3281 94.5876 71.4999 68.851  81.1383 58.9157 69.8274 90.53   66.4036 41.8311 80.6951 86.5437 96.524  86.324  58.9459 54.9948 64.2156
95.8176 x       82.6211 85.491  69.8253 72.2488 99.3957 80.0589 77.3348 62.1893 73.7417 12.36   79.0721 x       64.3198 71.8202 54.6666 68.3884 98.2766 44.9352 x       36.6605 x       x       72.5675 64.1835 45.4231 83.5551 91.2047 73.0689 81.5984 x       40.9072 86.6038 67.6387 46.7472 x       x       64.6336 88.6992 36.3658 87.6988 68.2127 x       65.6483 95.9837 x       x       56.5418 63.0549 52.8162 72.9812 81.9816 76.3919 71.8786 92.2678 55.629  73.5505 80.417  75.1078 48.7094 83.4542 97.4689 85.9633 51.3752 66.3129 x       x       74.5547 91.1433 69.8851 75.1702 80.6692 63.5959 86.5376 94.8472 75.6612 70.4386 67.848  73.0565 60.4152 63.8505 88.5444 53.4601 96.4131 66.1464 58.1924 89.9916 99.9258 71.3075 68.3063 81.8713 x       x       77.6671 70.4249 80.7721 55.7967 82.5092 68.601 
x       82.6211 x       65.4289 68.3852 66.06   38.178  37.8376 28.8184 57.0392 79.0947 86.3678 45.6785 28.789  79.0655 81.0226 56.1007 86.4426 72.8946 66.3711 84.2759 82.015  88.7541 89.2574 82.5561 58.0095 64.3321 82.8849 53.2825 42.8411 82.9861 77.7019 67.8431 74.5297 33.5668 65.2266 54.0841 59.7576 66.5536 x       85.8388 43.2913 97.3083 67.7956 86.6967 84.156  x       69.0042 73.1306 67.0926 52.8646 66.5113 x       82.888  82.2213 49.1809 70.4961 47.3163 86.6451 58.6721 59.4946 78.4856 47.2068 55.5805 x       56.0893 32.1703 47.0531 78.194  81.1802 70.4285 78.2853 78.6136 x       88.111  x       x       64.6182 69.6175 62.8669 73.7771 55.1154 43.3793 69.8566 83.2541 87.0198 86.0004 81.3858 53.8812 x       78.9947 82.8396 35.4095 68.1422 89.8695 89.8032 82.514  50.3157 67.0434 47.5199
x       85.491  65.4289 x       53.1974 66.0298 62.1906 75.1537 53.6537 75.7632 44.8094 91.4845 63.9144 x       21.6562 75.6447 31.576  x       57.5315 x       43.2909 73.9037 x       44.0107 18.4716 42.1084 57.6784 92.6287 56.5708 53.3253 78.6596 87.8366 66.9823 52.3312 82.0797 57.073  77.12   73.1545 x       68.9204 90.7502 56.8277 x       x       55.0378 x       79.2756 60.9637 57.0645 72.5624 75.3219 52.6893 x       44.4275 59.9948 46.7151 37.3585 83.3192 78.7347 54.7009 x       51.9714 65.3349 82.4222 96.6056 89.7048 63.7731 68.4214 60.3442 x       59.68   56.8816 73.7273 44.5012 88.7798 x       52.0014 86.2629 69.3059 59.3314 75.251  x       x       52.7819 49.1481 74.412  x       73.9931 60.382  88.7504 x       57.6359 x       70.4014 69.7399 98.8903 93.8075 72.9361 83.2344 56.479 
68.3875 69.8253 68.3852 53.1974 x       28.3464 87.651  88.5342 x       69.6713 69.578  61.3033 95.6966 70.8384 61.1131 38.9555 62.8376 x       x       89.3469 49.6972 79.8069 68.1726 58.5425 63.4243 37.2795 65.622  63.4393 71.0404 64.4819 42.5272 65.8867 80.098  91.2738 78.3604 70.9681 81.9778 57.7805 59.2598 63.5543 72.2716 41.5318 47.9658 81.6153 65.3982 44.1142 91.0347 74.5173 79.9574 66.9235 89.1757 50.9246 x       52.6982 67.6419 x       65.4954 98.5135 56.0217 62.1216 94.0505 74.9636 73.4458 54.1601 70.9188 86.032  57.8268 79.2724 76.3723 x       83.4795 41.0632 57.5763 59.4158 x       x       64.2202 x       90.6511 39.4624 80.9434 77.1052 68.9402 57.7562 58.9834 89.0388 72.2369 78.1832 51.795  73.3844 59.2239 81.6382 x       68.3154 86.5475 72.1813 x       91.708  46.1053 94.3715
55.0561 72.2488 66.06   66.0298 28.3464 x       60.5641 79.868  67.8795 92.3778 66.8613 81.4513 79.5096 x       61.8432 54.2074 39.2783 62.7614 x       x       23.2592 59.7679 x       35.6738 52.4304 35.6971 49.6832 89.2731 73.7527 90.1351 40.5379 93.6143 56.8877 85.9163 68.3078 69.6291 72.7665 64.2913 44.191  68.1804 58.651  x       59.1491 87.1104 45.4607 37.3864 77.3825 72.2868 58.6641 x       75.1261 76.8812 65.2566 31.5291 69.819  56.2885 57.2832 72.1654 59.2354 64.1747 x       76.9541 79.1721 61.2232 x       64.2972 58.1609 x       x       53.2327 x       39.0295 66.1793 38.9785 59.2317 x       40.3547 79.6614 63.2896 63.217  68.4628 72.3806 93.6967 71.8049 71.4322 66.1431 x       83.6582 55.3211 51.2271 80.4116 x       56.5807 61.8999 82.1466 73.4632 53.9034 x       47.2946 73.883 
19.7533 99.3957 38.178  62.1906 87.651  60.5641 x       51.5525 29.0298 37.8807 81.2937 88.269  23.3929 22.086  x       87.065  54.6853 79.679  68.4899 67.4399 66.2166 71.9749 94.3599 67.6695 75.1206 58.4484 56.3696 x       48.5918 x       64.1741 98.0959 70.7353 72.4703 52.0738 63.9972 55.9778 40.2628 64.6967 81.9529 84.8012 x       79.3046 60.7067 82.0642 x       51.4437 73.1936 89.7775 57.2192 57.8264 74.7621 82.6724 57.4565 85.986  72.4327 68.5249 54.5731 x       66.9185 70.3475 70.2239 58.6041 55.192  65.593  71.9997 48.5101 41.1407 70.9815 96.4393 68.1127 75.9087 58.8792 x       x       64.0832 58.3754 54.2535 50.7088 78.6884 74.981  65.5564 66.1766 58.7292 89.9763 75.8871 66.3299 76.5542 56.0504 68.2004 82.5016 64.0764 x       76.7797 x       96.3039 74.9398 45.9334 53.5893 44.6006
37.0449 80.0589 37.8376 75.1537 88.5342 79.868  51.5525 x       50.8972 83.297  82.6875 91.7335 39.752  52.4238 89.1412 66.7088 65.9927 88.0505 89.9164 x       74.3696 71.5677 86.7009 82.9263 75.6335 65.3481 63.8127 98.4155 41.3132 62.2371 62.3619 86.3328 75.6682 82.9078 61.7224 96.3316 41.5727 57.1528 x       76.3397 78.4148 71.3976 98.2184 88.4526 99.7848 60.7193 41.8703 83.1651 92.7847 53.3746 63.75   55.5581 97.1267 77.2004 69.5087 73.5257 77.4337 56.5685 68.0431 43.3268 71.8328 67.7687 42.2542 75.9807 48.7337 59.8441 64.7551 x       x       x       51.1884 62.8665 62.545  80.0823 62.7334 83.0905 66.681  36.2794 59.1599 84.3525 x       80.8506 76.0942 65.5983 83.4903 69.7487 49.5163 66.4151 90.466  82.0293 94.1833 x       41.715  x       87.0352 87.6376 92.046  x       66.6465 48.6887
37.0142 77.3348 28.8184 53.6537 x       67.8795 29.0298 50.8972 x       32.4457 x       84.6357 x       35.7772 71.4799 78.9262 61.9637 81.1553 68.8441 60.167  80.1994 78.2687 87.4468 66.9274 69.0113 75.3714 x       82.839  29.4024 68.8486 74.9688 75.8196 85.8347 93.3547 31.8903 81.8758 x       52.8299 x       82.105  85.1773 60.0639 81.1793 59.6909 66.6997 82.4173 51.3346 x       65.2005 43.0307 72.4885 55.3439 71.4012 58.2585 73.1924 76.5226 61.5922 71.5824 76.0707 67.9368 85.1799 65.683  68.3222 67.347  62.6327 84.2115 51.3761 45.3792 58.0371 x       55.6995 73.3253 65.2228 62.9425 69.9408 73.3579 66.6286 56.4985 41.6825 x       68.883  59.0559 56.8559 86.2947 70.7082 x       77.1743 82.6189 50.3501 59.7212 x       92.2245 11.4222 x       89.4163 78.3395 54.3736 46.1551 66.2217 47.3924
51.3858 62.1893 57.0392 75.7632 69.6713 92.3778 37.8807 83.297  32.4457 x       80.66   53.8239 48.3294 42.7206 56.0416 x       78.8515 51.745  68.665  30.1734 78.5364 49.3557 81.3704 x       59.0076 70.4758 59.3364 x       48.97   98.614  56.4945 69.2133 58.9247 92.9587 46.2606 77.3344 66.8678 60.7659 75.8774 62.0812 x       48.5153 65.071  31.8173 84.1971 80.7983 43.4626 81.0317 64.6574 67.7358 74.3284 60.6369 69.0989 78.4889 61.104  68.5592 73.0345 86.3541 51.9436 85.8402 56.5566 46.2522 69.0425 x       87.0974 61.0826 53.7455 53.9049 78.9959 88.2966 79.0122 67.9376 42.5382 87.6212 82.5459 75.9996 x       81.1308 69.6739 75.8648 x       40.0807 63.5426 67.1437 60.5026 45.739  50.4893 64.6747 44.3713 76.2021 77.8618 71.4199 43.7317 64.9837 63.8988 64.2349 66.1443 52.1783 72.4249 73.9599
69.281  73.7417 79.0947 44.8094 69.578  66.8613 81.2937 82.6875 x       80.66   x       77.3803 86.366  69.6708 41.1353 95.3522 52.0692 41.7618 84.2455 x       45.9858 90.0668 32.7012 80.7817 46.1147 54.5282 76.5875 71.8176 90.4261 72.8514 52.3121 79.0352 90.7533 x       93.9371 55.2372 62.3473 84.3081 x       25.7266 68.0839 45.6769 59.5041 91.661  66.4888 64.0273 85.9459 58.7803 77.1683 83.3073 64.85   69.9196 59.1774 57.2239 84.8439 x       48.3959 x       90.5716 90.3489 x       77.7232 51.1964 84.2164 80.5244 x       52.4655 80.0082 70.752  84.2748 x       43.1922 69.6197 43.7688 68.7485 59.5542 x       76.4024 x       44.3436 96.5185 80.7966 61.4333 68.9299 86.5355 72.2452 52.3514 90.8016 63.0914 60.9361 44.7983 x       92.4215 70.974  74.5656 x       72.8548 76.5931 49.2931 78.1248
x       12.36   86.3678 91.4845 61.3033 81.4513 88.269  91.7335 84.6357 53.8239 77.3803 x       79.2068 81.2303 72.3647 84.1412 65.3624 75.1431 x       35.7353 85.9289 x       99.9103 65.6372 84.1974 73.564  47.7277 75.0302 94.3165 72.4709 91.3327 16.0979 50.0027 76.8833 56.9495 35.769  70.5601 91.748  64.6929 89.976  27.132  86.5173 60.3966 39.8549 60.8147 88.0224 96.0746 86.4771 67.1478 73.246  51.0526 69.8482 76.19   72.9034 68.935  98.5231 x       76.4327 76.9542 64.6268 49.6861 80.5013 86.3535 89.5034 60.0613 60.415  69.9635 x       62.8697 83.2339 70.5549 85.4231 69.5974 67.5418 83.6603 98.2533 64.6066 81.2747 x       84.3804 51.3807 53.3284 78.1111 x       84.8746 58.761  69.6993 98.8658 88.1372 74.4964 57.394  73.2794 85.4974 92.5883 70.0058 67.2824 78.0043 64.0926 91.9099 73.4689
41.8074 79.0721 45.6785 63.9144 95.6966 79.5096 23.3929 39.752  x       48.3294 86.366  79.2068 x       33.0739 70.0325 92.2668 57.1177 63.5443 78.3302 72.2042 68.0508 66.8108 88.7599 73.6613 66.0281 x       54.627  76.6    54.498  88.4474 61.3024 81.0397 x       90.1642 38.1521 65.7857 33.1881 x       55.8395 x       79.1963 63.6999 x       67.6656 66.8573 91.2814 70.8969 73.3069 x       54.9435 37.835  87.9683 74.9907 49.8542 62.8442 79.7918 55.7423 64.6994 81.9874 62.253  80.1068 67.2577 74.7222 75.0912 59.6482 87.8075 44.4349 22.283  64.8957 x       57.6943 77.3574 59.1728 62.5025 x       74.0291 44.7735 58.7201 43.4633 92.6132 65.5786 56.164  59.4597 72.8494 83.4769 85.6315 67.7695 97.6851 63.3946 x       86.3298 86.1561 47.6824 90.6391 x       92.8631 59.1926 35.5106 54.1421 60.9296
16.9615 x       28.789  x       70.8384 x       22.086  52.4238 35.7772 42.7206 69.6708 81.2303 33.0739 x       64.0603 90.8912 51.715  70.7002 47.9606 59.1638 70.7189 81.2932 80.9155 x       61.8558 78.2555 60.8601 80.5447 x       x       81.3103 89.1058 73.8066 58.9816 58.1097 53.3701 57.3468 44.0267 58.6589 x       91.9189 65.1032 97.691  52.9221 83.652  81.2955 65.9771 78.8911 80.8736 41.3644 61.5629 68.8833 62.1125 63.5199 81.2976 59.5687 52.8156 x       87.653  64.4047 x       81.0439 55.1742 53.9414 x       55.8597 x       52.0136 67.7739 92.4575 65.1098 90.5746 x       79.1633 80.1048 83.8056 54.1997 63.0763 42.9157 65.7529 75.2957 x       63.08   59.8139 89.1424 77.9391 58.9385 64.8826 68.6784 72.7614 80.107  76.3295 28.1651 66.3768 85.6913 93.5066 81.9037 43.793  51.4798 50.7647
x       64.3198 79.0655 21.6562 61.1131 61.8432 x       89.1412 71.4799 56.0416 41.1353 72.3647 70.0325 64.0603 x       62.255  31.4868 x       67.8333 x       53.3509 x       47.0377 63.4613 17.7547 37.3072 58.5905 x       72.2439 59.0168 89.7908 x       68.0853 44.8827 72.3743 x       74.3907 67.801  40.3762 58.9825 85.637  66.6762 35.0077 75.9775 44.5992 36.6248 72.9203 70.1043 66.3499 72.7807 93.1088 59.7498 24.3992 47.5619 62.4197 55.3776 40.8384 x       67.2604 60.1898 57.2888 46.31   83.4807 85.1377 99.1019 98.8857 71.8139 84.2943 x       60.954  54.6829 74.7069 x       x       67.9353 52.9856 56.0477 x       x       x       77.5591 81.5465 88.586  68.1304 61.5218 66.9737 47.4707 x       72.171  73.3499 73.6796 59.9045 82.6859 86.3191 64.4732 80.9042 72.4726 76.3873 82.0875 61.6077
83.3109 71.8202 81.0226 75.6447 38.9555 54.2074 87.065  66.7088 78.9262 x       95.3522 84.1412 92.2668 90.8912 62.255  x       47.8458 57.2229 76.7634 71.3413 x       63.0591 93.4315 65.0757 59.8779 67.6246 49.8815 43.1984 71.8881 84.759  46.6573 98.1429 73.3547 x       83.0456 x       73.2189 77.4766 46.9987 70.3257 x       50.1218 39.4591 76.1723 53.288  69.631  61.6711 83.9958 x       65.8587 64.8543 76.004  74.0908 76.1098 67.7346 60.8726 59.6697 82.4594 71.6076 54.3413 85.4907 55.0967 74.4464 52.944  58.3453 51.0112 56.4688 93.2638 81.2588 78.6507 77.1071 76.1925 x       64.9808 91.864  69.2818 58.2425 49.7805 66.6183 73.186  82.7577 86.5399 65.9646 65.2916 69.6658 81.704  82.501  62.7342 54.9339 72.7619 62.4356 55.9372 69.0646 61.0132 70.2899 62.7039 x       88.6983 65.5002 75.0065
41.6872 54.6666 56.1007 31.576  62.8376 39.2783 54.6853 65.9927 61.9637 78.8515 52.0692 65.3624 57.1177 51.715  31.4868 47.8458 x       36.0239 88.5809 90.6191 36.7608 x       65.9927 73.0634 41.7527 x       49.5757 61.3049 74.8205 77.9473 72.6736 x       91.0988 64.8792 87.8759 x       59.626  46.6327 11.3427 68.7554 72.6569 79.1738 48.7422 81.5243 61.4418 65.9895 83.1103 81.726  42.7608 83.6016 85.3614 52.0413 51.8895 39.2591 76.5901 x       22.9064 68.8173 93.4491 57.2741 81.6575 58.229  82.6733 64.4378 82.9823 76.9365 81.0187 77.7099 x       84.4055 57.3923 56.174  57.2627 44.6504 x       58.8273 58.7757 93.3873 x       x       84.4076 79.1188 99.1507 60.6374 79.0216 73.5958 50.5231 x       74.4621 78.6733 76.9897 79.5081 x       71.5491 76.2579 89.2509 81.5715 84.1093 x       48.2225
73.3102 68.3884 86.4426 x       x       62.7614 79.679  88.0505 81.1553 51.745  41.7618 75.1431 63.5443 70.7002 x       57.2229 36.0239 x       67.6698 80.2062 58.6428 74.8706 38.1253 67.3793 12.7808 33.035  66.5423 77.4477 74.2454 65.6838 91.5935 82.8154 62.127  42.9162 70.4195 64.8169 x       60.2142 30.8495 63.9087 85.5875 63.9614 40.7152 72.4352 45.6523 40.2808 66.1859 64.0566 63.0038 66.8231 85.6618 50.8344 17.558  46.4989 x       52.001  44.5593 x       64.3285 64.2649 x       38.3224 x       89.2342 89.2055 90.3723 x       x       51.8739 65.2129 49.6917 65.9969 52.438  42.3282 x       47.4414 58.8109 96.6803 78.1146 45.6776 69.4254 75.4309 x       63.0454 60.3979 66.9983 47.7181 65.6511 74.399  74.7564 69.4191 61.5135 91.5415 83.1905 55.9475 71.0133 68.6755 73.6495 83.3397 59.2951
58.5258 98.2766 72.8946 57.5315 x       x       68.4899 89.9164 68.8441 68.665  84.2455 x       78.3302 47.9606 67.8333 76.7634 88.5809 67.6698 x       93.1735 61.1119 92.6485 63.2513 62.5514 69.2732 76.2107 88.3585 88.6461 94.2713 x       52.307  x       85.4969 46.553  71.3957 x       x       88.852  79.2375 97.7641 75.2957 86.38   83.0321 87.0952 60.8518 x       81.5296 60.6398 x       71.1319 93.6979 69.5279 x       59.7123 84.8778 83.3255 67.6906 38.2591 87.9663 65.6787 71.0381 83.1715 60.7303 40.6588 82.4323 60.9249 x       61.2594 73.6901 79.4632 47.9704 63.2224 48.7728 62.9643 86.816  36.6951 48.3094 81.1714 77.8405 76.4586 83.6149 x       68.5124 76.0333 57.1885 85.3862 x       24.2861 57.3924 x       80.8153 97.0576 64.8066 64.7358 41.4854 58.6716 x       66.8258 62.2414 50.9826
70.935  44.9352 66.3711 x       89.3469 x       67.4399 x       60.167  30.1734 x       35.7353 72.2042 59.1638 x       71.3413 90.6191 80.2062 93.1735 x       65.9007 70.376  94.6126 63.6806 73.7288 94.5397 63.0006 80.7365 77.5277 92.3599 64.1482 42.0458 66.9375 77.2712 46.9747 68.1182 73.3552 86.7107 85.6883 89.3714 39.6604 62.7309 x       10.3799 64.3335 78.155  63.5008 63.0044 x       74.6035 60.5783 45.0024 68.1043 87.2906 39.4163 88.0051 91.358  89.7985 42.1164 98.1515 x       x       84.9788 59.556  69.959  62.8214 46.1131 60.6941 62.8849 71.5372 74.6437 90.2985 59.511  x       91.7749 x       91.1908 92.6041 71.5902 95.301  17.7275 25.8447 65.3346 82.1726 81.0928 x       76.5899 84.1996 56.3596 89.0264 53.5973 78.0623 51.819  63.549  x       78.3221 x       52.942  68.9392 91.8695
x       x       84.2759 43.2909 49.6972 23.2592 66.2166 74.3696 80.1994 78.5364 45.9858 85.9289 68.0508 70.7189 53.3509 x       36.7608 58.6428 61.1119 65.9007 x       70.8135 74.0932 46.9416 57.6398 40.649  43.704  66.9437 51.8987 86.8639 59.177  72.3975 x       76.3884 63.5127 57.9821 63.485  59.7092 39.5248 66.7194 72.0826 63.1219 44.2946 64.623  26.774  47.9594 x       67.5461 53.1759 89.3838 54.3627 57.8579 68.076  41.6266 x       54.9336 45.9368 53.9097 x       78.206  x       90.4538 65.8698 73.1392 74.9193 81.699  72.0104 57.5895 x       52.4039 42.6699 28.461  56.0552 21.2471 70.6319 54.5442 30.8239 83.3906 41.2986 48.7594 68.9516 88.925  x       80.2144 89.3045 77.1409 59.2695 67.1215 74.2696 68.4892 68.1046 60.8846 x       x       60.7615 75.3494 52.7169 59.9554 64.308  64.016 
90.1067 36.6605 82.015  73.9037 79.8069 59.7679 71.9749 71.5677 78.2687 49.3557 90.0668 x       66.8108 81.2932 x       63.0591 x       74.8706 92.6485 70.376  70.8135 x       68.3379 68.5491 86.5509 92.4796 59.9319 58.0295 x       96.9008 61.6256 49.3611 53.8882 52.584  57.2425 x       50.4769 62.2077 59.4608 88.4534 39.2877 x       x       70.7721 69.0172 61.9944 64.1899 61.0476 82.5152 73.1442 76.8971 43.6198 73.6298 57.6924 51.1032 77.4393 50.2319 x       47.8923 86.2723 71.2961 88.3475 71.4237 66.4694 77.0532 49.3896 72.5897 x       84.3979 89.3677 79.3645 55.2619 x       56.0143 52.1494 x       78.3438 94.5888 75.374  75.5053 79.1493 64.2053 90.1882 x       81.9051 63.5955 47.3441 69.4768 81.276  72.6737 57.8495 96.582  76.1507 78.9625 76.8776 x       69.7008 78.9818 79.2324 56.8549
78.8775 x       88.7541 x       68.1726 x       94.3599 86.7009 87.4468 81.3704 32.7012 99.9103 88.7599 80.9155 47.0377 93.4315 65.9927 38.1253 63.2513 94.6126 74.0932 68.3379 x       71.2257 46.013  x       83.3474 77.1464 91.7244 74.7177 76.6849 88.3053 74.3818 24.0318 87.9701 x       x       57.9125 55.1262 57.369  75.8846 74.4221 x       89.7435 79.7997 67.9907 69.1464 33.2801 54.2858 61.1747 90.9622 55.5861 35.944  82.351  x       68.9092 60.8873 46.8702 98.8925 65.3558 73.5702 69.5348 70.5082 70.4142 57.2246 80.7218 63.9748 82.7867 78.4863 59.1942 42.8873 57.2528 48.1119 x       97.1282 42.6722 63.4048 66.2632 90.1786 75.7236 91.3687 91.2274 61.8227 94.698  77.0617 80.7663 72.9357 61.204  87.5318 83.7933 68.2034 59.1172 x       77.2434 92.052  61.8562 57.0202 85.2865 68.4321 64.2152
69.5614 x       89.2574 44.0107 58.5425 35.6738 67.6695 82.9263 66.9274 x       80.7817 65.6372 73.6613 x       63.4613 65.0757 73.0634 67.3793 62.5514 63.6806 46.9416 68.5491 71.2257 x       60.9512 64.0221 83.4676 70.8116 94.9242 83.8138 35.6967 79.3403 23.1384 x       73.9799 79.2627 x       81.9226 70.3154 60.2992 74.2281 55.3457 86.4726 62.2897 64.1909 62.2876 58.6423 x       72.6771 43.2419 96.2697 89.7725 61.1431 41.446  49.3966 51.1501 61.918  83.2268 47.4891 x       85.0425 85.1535 80.8611 x       54.291  74.0906 90.5721 72.6445 84.8414 74.5054 80.0877 51.8224 66.9064 61.5062 66.1105 98.5982 45.6608 55.866  61.3619 41.7095 77.0079 71.3038 59.7125 96.045  57.7072 65.8543 57.2124 59.8264 57.392  63.5604 73.6894 84.4505 63.753  79.7935 58.3936 92.1541 x       61.5683 77.2589 65.5645
x       72.5675 82.5561 18.4716 63.4243 52.4304 75.1206 75.6335 69.0113 59.0076 46.1147 84.1974 66.0281 61.8558 17.7547 59.8779 41.7527 12.7808 69.2732 73.7288 57.6398 86.5509 46.013  60.9512 x       36.0997 56.6131 88.6759 63.4349 66.1262 86.2732 88.1237 x       52.5646 69.046  66.3084 65.4038 69.6697 x       66.6655 78.6551 65.4554 40.9533 x       58.4198 30.5566 61.1726 74.8374 57.1061 62.9395 91.7209 48.3997 28.4133 46.1879 68.1392 54.3769 52.3893 66.6591 64.3718 53.8097 53.5537 x       83.2368 96.7932 88.6988 82.3889 71.0055 77.6506 55.3609 x       43.1376 62.7196 58.8005 40.4073 84.9122 47.5886 x       x       69.2176 x       60.4522 69.7701 90.8352 57.4526 50.4433 60.444  42.5124 71.8945 77.3917 84.5331 x       58.283  79.7357 79.2201 65.8557 x       78.0879 x       x       67.6783
76.8923 64.1835 58.0095 42.1084 37.2795 35.6971 58.4484 65.3481 75.3714 70.4758 54.5282 73.564  x       78.2555 37.3072 67.6246 x       33.035  76.2107 94.5397 40.649  92.4796 x       64.0221 36.0997 x       81.8034 98.3031 69.8451 56.8575 72.7498 63.9313 58.6264 59.7855 58.3252 67.3981 50.8165 35.1147 45.8944 76.0431 82.6861 71.6259 60.8893 x       46.369  57.5767 93.0124 61.045  44.0865 69.0077 x       63.2779 37.8148 43.9827 83.6491 82.0164 57.0007 84.9111 75.6371 x       72.6174 x       59.856  x       66.792  73.2691 69.616  70.2582 x       68.1693 66.5335 40.7866 44.2982 42.4586 93.5082 x       34.1567 68.9243 58.8763 61.1587 89.7068 98.6718 84.6278 x       78.1918 x       57.0461 74.0005 75.2015 x       93.3366 59.5775 71.0022 83.1221 53.8026 66.9471 86.0813 x       74.8175 65.5456
x       45.4231 64.3321 57.6784 65.622  49.6832 56.3696 63.8127 x       59.3364 76.5875 47.7277 54.627  60.8601 58.5905 49.8815 49.5757 66.5423 88.3585 63.0006 43.704  59.9319 83.3474 83.4676 56.6131 81.8034 x       87.3592 63.2899 92.8623 48.343  63.7258 x       83.6007 52.0588 x       x       55.7414 39.5273 93.7551 50.0134 97.5841 45.5293 52.8535 53.9982 73.4005 49.3028 71.4575 60.2263 x       54.0877 46.1641 74.1784 70.7042 51.1215 91.3399 35.9157 59.6721 49.0633 43.5593 78.6616 x       82.5486 49.5285 60.44   51.9601 74.6942 55.0939 62.3232 53.0396 76.1893 x       82.2986 41.4231 58.2375 67.3029 55.9515 x       68.306  x       72.3546 67.9029 88.2817 96.9155 79.2507 53.1155 78.9663 72.8194 x       66.5331 65.7874 68.3991 45.4868 79.9299 83.0276 60.7664 87.9859 68.721  93.5497 66.5608
x       83.5551 82.8849 92.6287 63.4393 89.2731 x       98.4155 82.839  x       71.8176 75.0302 76.6    80.5447 x       43.1984 61.3049 77.4477 88.6461 80.7365 66.9437 58.0295 77.1464 70.8116 88.6759 98.3031 87.3592 x       90.3983 70.8194 69.5293 70.073  50.9945 98.2042 98.6321 88.383  70.5493 93.9459 56.605  74.836  77.9777 42.999  53.1713 76.885  63.5501 60.4217 96.5197 99.3593 70.4162 90.1204 82.9482 44.3716 76.8281 63.7728 62.1899 61.848  59.2423 80.5861 53.1473 65.277  58.649  97.6114 91.9544 88.4133 64.5518 67.2105 72.7003 83.5103 78.8016 92.1864 72.8158 93.7596 62.7809 60.9076 62.5076 x       67.5281 63.0816 94.035  76.1701 79.8543 x       59.0957 94.4191 66.6922 x       95.6504 74.6777 x       63.4686 83.3254 x       76.8616 79.3096 52.4249 86.8023 80.6094 87.9    52.7232 54.6902
x       91.2047 53.2825 56.5708 71.0404 73.7527 48.5918 41.3132 29.4024 48.97   90.4261 94.3165 54.498  x       72.2439 71.8881 74.8205 74.2454 94.2713 77.5277 51.8987 x       91.7244 94.9242 63.4349 69.8451 63.2899 90.3983 x       72.7968 82.8878 91.83   84.6467 93.1561 39.7079 61.3419 55.2017 64.8504 67.9985 93.326  97.1098 63.2682 84.9598 70.9455 64.6902 61.223  40.8941 95.5511 87.0522 63.3761 x       64.1545 x       67.1082 47.5932 88.9403 74.3615 92.9812 58.7666 56.5782 x       57.8641 82.3544 x       88.9025 85.3578 71.1784 51.6215 50.5261 76.9489 71.0284 77.8787 53.7337 70.9087 47.2623 70.8699 61.2046 77.1764 x       70.231  60.5113 88.336  80.1537 84.1399 x       x       79.7439 94.2873 76.3141 54.9465 84.6211 97.7183 38.2327 60.8087 74.7765 74.79   83.4548 47.1468 55.4342 54.23  
x       73.0689 42.8411 53.3253 64.4819 90.1351 x       62.2371 68.8486 98.614  72.8514 72.4709 88.4474 x       59.0168 84.759  77.9473 65.6838 x       92.3599 86.8639 96.9008 74.7177 83.8138 66.1262 56.8575 92.8623 70.8194 72.7968 x       66.6542 62.5228 79.5987 81.9669 65.5243 59.5866 90.3571 41.9386 87.4865 62.7546 63.8324 51.2446 x       89.763  69.041  83.352  95.3681 54.9646 65.1598 96.5615 58.3762 84.1219 56.773  87.6774 95.5385 47.0085 79.549  55.3437 89.0379 84.9656 85.4633 80.0944 67.1378 45.3018 70.6693 82.5395 49.0257 x       72.2419 74.6345 46.876  76.5979 62.9038 x       70.4474 66.936  84.0632 x       55.9894 67.223  93.9082 71.5271 37.8308 60.9657 83.076  93.348  72.0541 65.0052 59.9084 x       59.2412 76.3875 69.1249 90.5071 64.002  66.1292 74.2512 84.7668 64.2642 54.311 
75.1237 81.5984 82.9861 78.6596 42.5272 40.5379 64.1741 62.3619 74.9688 56.4945 52.3121 91.3327 61.3024 81.3103 89.7908 46.6573 72.6736 91.5935 52.307  64.1482 59.177  61.6256 76.6849 35.6967 86.2732 72.7498 48.343  69.5293 82.8878 66.6542 x       86.439  x       87.8896 x       79.3119 42.2927 85.0412 61.9279 49.1186 87.4151 54.5756 85.6192 71.1776 x       70.3391 74.7541 77.1155 80.2953 61.2786 77.0231 84.5613 80.722  60.2965 67.1134 48.3035 74.6997 72.1445 66.0251 70.7533 x       73.1743 x       x       65.4988 91.8948 72.7706 79.843  x       50.2748 53.8259 69.0171 66.9318 x       45.7351 71.3506 54.4769 59.1833 76.6696 47.4077 79.4316 68.6924 79.0631 70.368  x       81.1612 44.8962 x       62.6099 35.9528 89.2187 98.7147 78.7737 x       78.455  82.1861 67.3011 68.1325 68.7725 85.1026
91.3328 x       77.7019 87.8366 65.8867 93.6143 98.0959 86.3328 75.8196 69.2133 79.0352 16.0979 81.0397 89.1058 x       98.1429 x       82.8154 x       42.0458 72.3975 49.3611 88.3053 79.3403 88.1237 63.9313 63.7258 70.073  91.83   62.5228 86.439  x       60.3256 80.5833 x       47.951  55.416  80.1264 61.368  78.7566 40.3304 91.2711 75.7907 49.3569 53.3021 82.0426 80.8758 84.7923 83.1093 76.8027 43.4989 80.5009 91.593  64.9036 x       98.9797 60.1611 64.9445 82.6028 67.0355 62.2838 x       83.8801 86.566  68.9913 x       63.6463 x       59.4507 84.666  76.9317 99.231  70.2136 55.7154 79.9503 87.9365 76.9683 68.2414 66.0725 77.9207 46.9945 x       62.7835 48.5694 76.3821 x       x       87.0567 95.5506 88.6312 41.5836 x       85.4961 87.0771 84.2297 52.1667 90.3441 71.3221 94.3191 64.5204
57.772  40.9072 67.8431 66.9823 80.098  56.8877 70.7353 75.6682 85.8347 58.9247 90.7533 50.0027 x       73.8066 68.0853 73.3547 91.0988 62.127  85.4969 66.9375 x       53.8882 74.3818 23.1384 x       58.6264 x       50.9945 84.6467 79.5987 x       60.3256 x       75.6328 96.7758 62.377  59.2994 86.0688 90.7289 82.3506 66.4981 76.5166 67.3486 67.5575 43.2536 78.6191 67.4244 76.8978 83.2546 65.3042 75.4661 94.9675 78.8609 61.4907 46.1101 68.8433 79.6862 82.287  43.8597 74.3452 86.0753 64.3893 78.2208 60.3961 41.6016 96.947  94.0395 87.0464 80.5799 54.5715 87.6827 56.3282 x       61.2474 70.48   x       44.936  41.0153 53.116  61.5418 54.2529 69.7758 57.1671 83.2608 57.4624 67.3784 50.982  x       77.3174 75.268  62.0997 83.1713 84.1546 86.749  69.3612 69.4004 82.6208 82.2936 x       65.1048
63.6762 86.6038 74.5297 52.3312 91.2738 85.9163 72.4703 82.9078 93.3547 92.9587 x       76.8833 90.1642 58.9816 44.8827 x       64.8792 42.9162 46.553  77.2712 76.3884 52.584  24.0318 x       52.5646 59.7855 83.6007 98.2042 93.1561 81.9669 87.8896 80.5833 75.6328 x       74.6232 94.4367 64.7127 42.5112 60.4559 53.8108 52.4065 72.7697 73.2202 79.8274 56.3817 80.7095 92.5414 49.3159 46.7677 75.3967 88.2743 75.4277 25.5861 75.5165 70.7859 72.8694 58.447  35.2718 79.9231 69.5588 60.2777 73.7663 51.4568 84.6855 62.9638 79.217  46.7294 74.2658 80.3781 75.6394 x       73.6079 54.798  71.6779 99.3383 55.5353 82.585  85.4923 72.9305 79.8065 x       94.8061 71.6889 74.4146 69.2259 x       63.2972 53.8245 70.0995 86.7951 71.9012 63.6441 83.2365 84.3577 82.645  77.6149 78.9536 74.7006 85.5374 72.3015
47.1279 67.6387 33.5668 82.0797 78.3604 68.3078 52.0738 61.7224 31.8903 46.2606 93.9371 56.9495 38.1521 58.1097 72.3743 83.0456 87.8759 70.4195 71.3957 46.9747 63.5127 57.2425 87.9701 73.9799 69.046  58.3252 52.0588 98.6321 39.7079 65.5243 x       x       96.7758 74.6232 x       79.5816 52.7843 x       87.0744 85.0098 74.1314 x       81.5755 x       63.4461 67.0165 55.5353 92.3168 55.8247 35.2267 60.4715 72.8793 70.3102 81.5728 65.4456 77.8641 73.2036 75.0585 81.603  57.1833 59.676  x       55.5761 70.3608 56.7021 64.6447 60.5992 16.2657 66.0466 83.1408 65.8285 80.3867 58.2869 59.8623 67.7752 73.5853 54.5216 x       45.5342 64.2382 51.701  x       47.6536 87.814  x       72.2755 66.7004 81.1264 x       x       79.1497 86.3869 40.3391 85.4514 77.2707 x       74.577  x       46.6107 75.1038
67.2753 46.7472 65.2266 57.073  70.9681 69.6291 63.9972 96.3316 81.8758 77.3344 55.2372 35.769  65.7857 53.3701 x       x       x       64.8169 x       68.1182 57.9821 x       x       79.2627 66.3084 67.3981 x       88.383  61.3419 59.5866 79.3119 47.951  62.377  94.4367 79.5816 x       81.5818 64.6172 x       78.0775 61.0993 92.4429 73.7399 68.6673 63.6582 53.5141 62.7631 57.5272 56.4905 83.8353 81.49   53.2047 76.6812 x       64.9998 91.5583 37.3569 97.6983 63.0497 58.025  71.4526 84.9526 67.2039 82.0059 x       54.1327 75.1475 75.0634 29.7011 x       80.3066 71.3035 61.048  71.2387 x       72.9964 61.7729 64.3228 43.9129 77.6386 60.5376 76.9095 85.2979 x       54.5488 66.0112 65.2798 77.51   90.2147 50.4124 61.6958 68.1516 74.5517 71.2126 77.7252 67.2526 56.3597 x       82.3159 50.4815
73.3651 x       54.0841 77.12   81.9778 72.7665 55.9778 41.5727 x       66.8678 62.3473 70.5601 33.1881 57.3468 74.3907 73.2189 59.626  x       x       73.3552 63.485  50.4769 x       x       65.4038 50.8165 x       70.5493 55.2017 90.3571 42.2927 55.416  59.2994 64.7127 52.7843 81.5818 x       52.1717 65.5783 69.8486 53.4261 x       76.4878 65.4113 86.1217 59.9107 x       69.6135 60.9998 x       41.4283 66.0262 71.8037 72.5058 59.9214 69.8603 56.5105 62.2372 54.638  55.8689 50.94   60.1905 57.5593 88.5891 62.9837 69.2126 76.0809 55.4469 x       73.7646 53.185  81.1782 84.5537 82.8214 x       54.2547 57.8281 53.1311 74.2511 73.05   74.8859 49.9638 x       95.4168 78.4606 63.6315 45.3455 95.7889 64.6145 64.2027 82.958  97.8238 61.763  76.7309 x       84.0766 59.2167 47.6701 x       66.2482
x       x       59.7576 73.1545 57.7805 64.2913 40.2628 57.1528 52.8299 60.7659 84.3081 91.748  x       44.0267 67.801  77.4766 46.6327 60.2142 88.852  86.7107 59.7092 62.2077 57.9125 81.9226 69.6697 35.1147 55.7414 93.9459 64.8504 41.9386 85.0412 80.1264 86.0688 42.5112 x       64.6172 52.1717 x       55.6972 x       x       85.0868 x       82.9568 76.8217 92.6792 61.2608 46.8558 74.5368 72.2812 49.323  77.9311 48.8238 66.1844 85.2036 69.1665 58.758  x       64.967  93.8203 78.4174 90.337  60.9149 x       60.3687 70.8104 66.134  57.3374 58.2063 80.5881 77.3353 x       64.8371 66.9006 94.3671 66.298  54.5829 51.5049 48.4841 57.8217 96.4436 73.6169 76.2878 93.3861 87.3405 78.6113 54.5516 95.5932 x       71.9789 87.1734 67.008  x       70.4056 x       80.2973 87.1859 64.4631 84.3653 45.5826
50.658  64.6336 66.5536 x       59.2598 44.191  64.6967 x       x       75.8774 x       64.6929 55.8395 58.6589 40.3762 46.9987 11.3427 30.8495 79.2375 85.6883 39.5248 59.4608 55.1262 70.3154 x       45.8944 39.5273 56.605  67.9985 87.4865 61.9279 61.368  90.7289 60.4559 87.0744 x       65.5783 55.6972 x       78.4037 83.5585 78.6007 50.9399 76.7415 53.1613 x       88.2338 x       32.515  73.6829 92.5292 42.0452 47.7135 34.8892 68.6451 70.6247 14.4538 71.54   x       55.1643 85.3967 69.1524 92.4194 70.003  x       x       82.2576 75.7943 42.1404 75.1546 58.6425 50.0367 50.0878 43.4233 66.5547 51.1442 53.4679 94.0065 71.3807 54.2762 x       79.6425 91.8786 68.8531 69.5487 75.1093 44.7511 x       67.6281 74.1415 69.5653 x       64.7802 81.8896 85.8229 93.2816 87.7749 79.2055 74.064  56.5312
74.4055 88.6992 x       68.9204 63.5543 68.1804 81.9529 76.3397 82.105  62.0812 25.7266 89.976  x       x       58.9825 70.3257 68.7554 63.9087 97.7641 89.3714 66.7194 88.4534 57.369  60.2992 66.6655 76.0431 93.7551 74.836  93.326  62.7546 49.1186 78.7566 82.3506 53.8108 85.0098 78.0775 69.8486 x       78.4037 x       91.6999 32.1933 79.2635 82.3879 x       x       68.2663 71.6902 x       69.3467 x       93.4044 70.3298 78.0886 91.2865 23.2603 67.9765 x       92.2874 x       71.6306 x       x       81.6915 66.9756 85.3828 x       70.9809 95.7358 62.4696 80.7398 56.7099 72.0224 65.8992 60.2722 77.5188 75.3169 80.5843 81.8953 33.9178 x       92.9856 40.9493 43.9159 77.3261 91.3547 53.0007 89.3037 66.9338 71.7662 x       64.7059 83.058  72.4969 76.953  89.8848 73.2144 x       40.4651 85.6372
88.1708 36.3658 85.8388 90.7502 72.2716 58.651  84.8012 78.4148 85.1773 x       68.0839 27.132  79.1963 91.9189 85.637  x       72.6569 85.5875 75.2957 39.6604 72.0826 39.2877 75.8846 74.2281 78.6551 82.6861 50.0134 77.9777 97.1098 63.8324 87.4151 40.3304 66.4981 52.4065 74.1314 61.0993 53.4261 x       83.5585 91.6999 x       77.0551 53.2493 46.9693 61.1304 88.7237 71.371  96.5439 74.4377 63.0742 77.6612 x       72.1395 67.9223 x       x       82.3555 x       x       59.5654 43.4901 67.4275 85.8684 76.7752 70.3009 45.347  67.7469 81.4343 x       94.0909 57.8095 x       95.3857 54.2963 58.5246 80.1    68.6445 60.189  57.3815 89.88   55.4914 63.0594 81.0255 69.4629 66.181  64.2015 79.3451 73.0993 82.1264 x       41.1305 x       88.3331 x       65.0495 x       61.5379 89.9224 66.2829 57.7947
64.9948 87.6988 43.2913 56.8277 41.5318 x       x       71.3976 60.0639 48.5153 45.6769 86.5173 63.6999 65.1032 66.6762 50.1218 79.1738 63.9614 86.38   62.7309 63.1219 x       74.4221 55.3457 65.4554 71.6259 97.5841 42.999  63.2682 51.2446 54.5756 91.2711 76.5166 72.7697 x       92.4429 x       85.0868 78.6007 32.1933 77.0551 x       66.8022 x       51.5487 52.6458 80.9779 80.1296 86.4769 88.5387 58.9188 85.8347 52.7764 58.7959 80.8149 41.5609 93.0145 61.0293 91.0313 74.6053 85.0674 63.5762 72.5613 67.8069 95.7262 78.5798 39.7797 x       84.166  69.7855 49.1451 70.4926 59.9434 68.7589 74.8178 60.5147 70.388  80.2515 81.1189 x       55.0042 77.4563 38.3335 65.7292 x       68.5381 78.1595 69.0608 60.472  74.7593 78.3175 51.3025 x       86.619  89.914  87.2932 76.2852 72.4402 27.5307 80.3636
87.405  68.2127 97.3083 x       47.9658 59.1491 79.3046 98.2184 81.1793 65.071  59.5041 60.3966 x       97.691  35.0077 39.4591 48.7422 40.7152 83.0321 x       44.2946 x       x       86.4726 40.9533 60.8893 45.5293 53.1713 84.9598 x       85.6192 75.7907 67.3486 73.2202 81.5755 73.7399 76.4878 x       50.9399 79.2635 53.2493 66.8022 x       94.572  x       45.5489 70.3724 83.1525 32.6826 x       76.7225 88.4399 52.6561 69.6012 78.1014 69.8995 64.7949 63.2781 74.9155 70.6169 x       68.087  98.9536 82.0218 x       64.4459 69.6779 71.6596 52.7021 90.8953 54.1118 43.7116 47.9522 28.6061 79.7415 64.4497 46.1937 68.4322 55.2691 x       81.9854 98.966  80.1871 x       67.7723 89.6971 69.8013 64.8893 64.1858 85.3699 81.2885 x       77.7808 54.9171 x       94.3811 55.8945 74.5356 70.3369 67.9009
66.7015 x       67.7956 x       81.6153 87.1104 60.7067 88.4526 59.6909 31.8173 91.661  39.8549 67.6656 52.9221 75.9775 76.1723 81.5243 72.4352 87.0952 10.3799 64.623  70.7721 89.7435 62.2897 x       x       52.8535 76.885  70.9455 89.763  71.1776 49.3569 67.5575 79.8274 x       68.6673 65.4113 82.9568 76.7415 82.3879 46.9693 x       94.572  x       72.7568 76.5177 64.9719 69.4001 82.7586 64.3792 53.8664 35.5114 x       81.363  29.4135 x       82.9952 89.9201 46.3784 93.7942 33.7053 60.733  93.1609 64.0593 64.7216 52.5069 x       56.5992 55.4396 61.4561 68.7437 81.1307 x       77.6762 96.432  80.4597 87.663  91.0833 75.0018 88.9837 x       27.2522 59.0155 82.0202 82.23   30.6449 67.7841 87.5817 x       x       58.768  83.0638 55.0259 65.5814 55.7684 84.3612 73.8591 x       78.1025 81.8853
85.246  65.6483 86.6967 55.0378 65.3982 45.4607 82.0642 99.7848 66.6997 84.1971 66.4888 60.8147 66.8573 83.652  44.5992 53.288  61.4418 45.6523 60.8518 64.3335 26.774  69.0172 79.7997 64.1909 58.4198 46.369  53.9982 63.5501 64.6902 69.041  x       53.3021 43.2536 56.3817 63.4461 63.6582 86.1217 76.8217 53.1613 x       61.1304 51.5487 x       72.7568 x       49.5359 61.2774 x       56.0103 70.6517 x       x       55.0027 x       62.3046 65.7067 53.433  48.9053 x       73.7578 57.2965 63.7833 x       94.0253 73.3312 72.2576 68.2598 77.363  72.8415 73.7068 61.5857 46.6479 59.9392 24.604  87.4157 57.331  48.8215 69.8563 55.844  51.4364 63.1767 81.4797 80.0668 98.7593 79.7803 67.7041 74.9139 48.2311 87.5464 80.0803 76.2686 79.0629 68.5818 66.1058 63.7974 96.4919 67.0361 67.0761 62.1929 70.0998
87.4037 95.9837 84.156  x       44.1142 37.3864 x       60.7193 82.4173 80.7983 64.0273 88.0224 91.2814 81.2955 36.6248 69.631  65.9895 40.2808 x       78.155  47.9594 61.9944 67.9907 62.2876 30.5566 57.5767 73.4005 60.4217 61.223  83.352  70.3391 82.0426 78.6191 80.7095 67.0165 53.5141 59.9107 92.6792 x       x       88.7237 52.6458 45.5489 76.5177 49.5359 x       57.8986 x       54.1485 42.0152 76.1051 x       55.465  53.6203 63.9179 59.4277 70.1637 74.7419 45.3187 30.9273 x       57.3968 x       97.2499 99.75   67.198  x       71.162  x       x       52.5127 58.5244 71.935  55.6998 57.3935 38.193  47.0861 85.2794 50.4635 62.9372 61.4454 59.5682 60.5568 67.8968 73.7267 x       72.9816 74.454  81.4188 72.577  88.2803 78.0081 78.7757 74.5568 54.0354 73.6711 x       64.9788 61.312  59.4284
53.699  x       x       79.2756 91.0347 77.3825 51.4437 41.8703 51.3346 43.4626 85.9459 96.0746 70.8969 65.9771 72.9203 61.6711 83.1103 66.1859 81.5296 63.5008 x       64.1899 69.1464 58.6423 61.1726 93.0124 49.3028 96.5197 40.8941 95.3681 74.7541 80.8758 67.4244 92.5414 55.5353 62.7631 x       61.2608 88.2338 68.2663 71.371  80.9779 70.3724 64.9719 61.2774 57.8986 x       70.5824 95.485  70.333  75.1188 91.5701 72.4913 74.3295 38.4793 x       x       x       53.9378 45.8853 77.6817 33.1895 67.6271 x       53.8585 75.6156 81.5458 48.8173 86.973  50.7232 73.1935 67.672  70.232  71.9867 63.8163 x       78.2098 x       76.2363 61.3358 65.9979 x       87.4946 50.5279 71.0808 x       78.6349 60.1999 74.7488 55.229  x       86.064  x       34.002  57.9838 79.6012 76.4177 36.6817 83.0055 87.6518
x       x       69.0042 60.9637 74.5173 72.2868 73.1936 83.1651 x       81.0317 58.7803 86.4771 73.3069 78.8911 70.1043 83.9958 81.726  64.0566 60.6398 63.0044 67.5461 61.0476 33.2801 x       74.8374 61.045  71.4575 99.3593 95.5511 54.9646 77.1155 84.7923 76.8978 49.3159 92.3168 57.5272 69.6135 46.8558 x       71.6902 96.5439 80.1296 83.1525 69.4001 x       x       70.5824 x       81.9439 x       x       57.2088 65.7357 83.8765 65.2133 82.5665 x       48.32   81.8327 50.3794 69.8186 95.3907 88.3854 84.4704 67.7224 x       47.1984 91.0753 72.0968 75.0871 46.1985 81.5264 x       83.8266 85.519  66.0272 63.6226 53.2558 x       x       x       64.4745 48.4467 79.487  45.9131 74.9    54.9784 71.8921 86.8497 78.0938 69.1413 x       91.5097 x       61.5697 66.8776 87.7119 79.8074 x       69.6668
x       56.5418 73.1306 57.0645 79.9574 58.6641 89.7775 92.7847 65.2005 64.6574 77.1683 67.1478 x       80.8736 66.3499 x       42.7608 63.0038 x       x       53.1759 82.5152 54.2858 72.6771 57.1061 44.0865 60.2263 70.4162 87.0522 65.1598 80.2953 83.1093 83.2546 46.7677 55.8247 56.4905 60.9998 74.5368 32.515  x       74.4377 86.4769 32.6826 82.7586 56.0103 54.1485 95.485  81.9439 x       43.5319 79.2802 70.0261 65.9198 x       72.7772 65.4231 33.7661 48.5329 63.5536 79.8477 x       65.1665 67.4296 96.6116 96.6877 36.1239 62.5913 69.3055 69.3728 97.7026 47.8821 47.0269 34.693  60.3603 x       64.1741 50.3656 71.8959 61.5149 47.3849 84.5131 x       69.6536 97.8993 98.1101 94.9604 67.5262 x       72.9756 77.8013 64.9645 60.696  65.7342 79.8851 x       84.3084 84.6799 71.8071 69.0659 x      
49.5156 63.0549 67.0926 72.5624 66.9235 x       57.2192 53.3746 43.0307 67.7358 83.3073 73.246  54.9435 41.3644 72.7807 65.8587 83.6016 66.8231 71.1319 74.6035 89.3838 73.1442 61.1747 43.2419 62.9395 69.0077 x       90.1204 63.3761 96.5615 61.2786 76.8027 65.3042 75.3967 35.2267 83.8353 x       72.2812 73.6829 69.3467 63.0742 88.5387 x       64.3792 70.6517 42.0152 70.333  x       43.5319 x       65.192  66.0604 x       52.3543 57.0974 63.8434 x       54.0479 x       69.5124 x       44.515  x       x       64.7868 44.375  87.3199 34.7136 81.7077 90.0265 51.5289 84.8619 62.9557 70.9761 51.066  66.4377 x       59.3507 51.9341 x       61.2031 74.3158 79.3806 86.4101 91.7782 54.6149 59.4938 93.4244 58.3672 47.6505 80.0559 98.1851 43.8339 82.742  64.3891 64.4938 x       35.2374 71.5692 82.616 
72.1963 52.8162 52.8646 75.3219 89.1757 75.1261 57.8264 63.75   72.4885 74.3284 64.85   51.0526 37.835  61.5629 93.1088 64.8543 85.3614 85.6618 93.6979 60.5783 54.3627 76.8971 90.9622 96.2697 91.7209 x       54.0877 82.9482 x       58.3762 77.0231 43.4989 75.4661 88.2743 60.4715 81.49   41.4283 49.323  92.5292 x       77.6612 58.9188 76.7225 53.8664 x       76.1051 75.1188 x       79.2802 65.192  x       85.8428 83.4022 62.7943 79.513  x       89.6697 69.3421 94.3014 87.6799 58.1601 99.6224 54.6755 70.4235 97.0353 59.0386 59.8881 x       74.2915 83.8473 89.2815 67.9039 52.7253 66.2711 59.3038 77.7673 62.495  82.9832 x       x       59.2063 54.2445 91.7658 x       69.2498 71.4755 54.6226 93.1375 68.1489 83.3237 81.6444 86.627  76.8609 90.0957 82.5809 72.6091 56.7861 55.071  74.0173 45.123 
58.1841 72.9812 66.5113 52.6893 50.9246 76.8812 74.7621 55.5581 55.3439 60.6369 69.9196 69.8482 87.9683 68.8833 59.7498 76.004  52.0413 50.8344 69.5279 45.0024 57.8579 43.6198 55.5861 89.7725 48.3997 63.2779 46.1641 44.3716 64.1545 84.1219 84.5613 80.5009 94.9675 75.4277 72.8793 53.2047 66.0262 77.9311 42.0452 93.4044 x       85.8347 88.4399 35.5114 x       x       91.5701 57.2088 70.0261 66.0604 85.8428 x       53.1095 50.3073 56.2589 80.1392 53.0999 79.5899 62.2815 88.7428 60.7939 75.6569 83.649  51.8131 77.8924 40.2361 68.777  x       44.6108 75.2636 74.1284 67.0338 72.1687 68.0302 95.69   52.2144 60.4955 58.5396 82.2949 72.781  53.4591 53.4796 77.1673 86.0018 48.6999 65.3082 52.2984 85.61   64.5174 93.2005 x       62.0908 49.5648 77.8236 71.0921 72.6729 80.618  85.6237 64.1106 47.1848
74.9532 81.9816 x       x       x       65.2566 82.6724 97.1267 71.4012 69.0989 59.1774 76.19   74.9907 62.1125 24.3992 74.0908 51.8895 17.558  x       68.1043 68.076  73.6298 35.944  61.1431 28.4133 37.8148 74.1784 76.8281 x       56.773  80.722  91.593  78.8609 25.5861 70.3102 76.6812 71.8037 48.8238 47.7135 70.3298 72.1395 52.7764 52.6561 x       55.0027 55.465  72.4913 65.7357 65.9198 x       83.4022 53.1095 x       56.7257 x       67.5099 47.9283 x       79.8887 75.9501 40.3427 53.9284 x       83.6656 77.5112 79.3176 56.0035 x       57.5496 82.5214 56.742  61.733  54.3095 53.9563 74.9303 55.9992 68.9464 89.8967 x       57.9898 68.2    85.8551 89.3208 79.1968 58.8695 82.3037 58.6269 52.839  85.223  71.5289 62.2037 67.6178 80.9819 86.8916 x       82.2294 82.1303 56.5866 67.3924 76.0094
67.5532 76.3919 82.888  44.4275 52.6982 31.5291 57.4565 77.2004 58.2585 78.4889 57.2239 72.9034 49.8542 63.5199 47.5619 76.1098 39.2591 46.4989 59.7123 87.2906 41.6266 57.6924 82.351  41.446  46.1879 43.9827 70.7042 63.7728 67.1082 87.6774 60.2965 64.9036 61.4907 75.5165 81.5728 x       72.5058 66.1844 34.8892 78.0886 67.9223 58.7959 69.6012 81.363  x       53.6203 74.3295 83.8765 x       52.3543 62.7943 50.3073 56.7257 x       65.0568 83.6736 36.4973 83.3089 55.9758 84.4092 70.9382 67.1067 87.2741 x       88.6538 55.5956 68.932  71.8617 52.9886 75.1312 69.4071 56.0216 67.7583 47.4342 59.9346 69.4323 62.1886 77.4015 62.2442 62.0538 93.0149 90.6871 80.0657 87.3606 60.805  79.0139 49.621  68.293  x       54.3045 84.062  98.4826 61.8467 80.8349 81.7162 59.5395 80.8387 77.1325 45.7028 63.391 
82.5314 71.8786 82.2213 59.9948 67.6419 69.819  85.986  69.5087 73.1924 61.104  84.8439 68.935  62.8442 81.2976 62.4197 67.7346 76.5901 x       84.8778 39.4163 x       51.1032 x       49.3966 68.1392 83.6491 51.1215 62.1899 47.5932 95.5385 67.1134 x       46.1101 70.7859 65.4456 64.9998 59.9214 85.2036 68.6451 91.2865 x       80.8149 78.1014 29.4135 62.3046 63.9179 38.4793 65.2133 72.7772 57.0974 79.513  56.2589 x       65.0568 x       93.9857 66.3049 74.7774 20.909  69.2369 x       x       84.4721 81.2291 80.8532 x       x       70.1536 65.5888 59.6543 62.0294 56.0329 x       75.8171 69.1106 x       59.4592 83.4978 65.6248 75.1546 40.9058 42.1875 73.649  65.7898 x       24.7181 73.3624 72.3415 73.3702 x       69.2804 71.2296 81.5721 54.2525 54.7714 72.6832 81.9305 58.7394 74.9494 77.595 
64.1993 92.2678 49.1809 46.7151 x       56.2885 72.4327 73.5257 76.5226 68.5592 x       98.5231 79.7918 59.5687 55.3776 60.8726 x       52.001  83.3255 88.0051 54.9336 77.4393 68.9092 51.1501 54.3769 82.0164 91.3399 61.848  88.9403 47.0085 48.3035 98.9797 68.8433 72.8694 77.8641 91.5583 69.8603 69.1665 70.6247 23.2603 x       41.5609 69.8995 x       65.7067 59.4277 x       82.5665 65.4231 63.8434 x       80.1392 67.5099 83.6736 93.9857 x       81.4299 x       x       84.3824 x       44.6888 48.4469 74.4653 89.2317 68.8456 42.1283 63.4874 x       52.0332 74.019  42.7336 58.2535 58.6251 75.6591 91.5163 75.1183 87.7836 83.1909 22.7394 85.6451 98.8267 x       x       x       76.7919 53.2523 75.7994 63.2294 57.4228 82.8372 75.369  68.3806 57.3076 81.1619 77.8791 72.7986 50.1763 62.654  x      
56.7556 55.629  70.4961 37.3585 65.4954 57.2832 68.5249 77.4337 61.5922 73.0345 48.3959 x       55.7423 52.8156 40.8384 59.6697 22.9064 44.5593 67.6906 91.358  45.9368 50.2319 60.8873 61.918  52.3893 57.0007 35.9157 59.2423 74.3615 79.549  74.6997 60.1611 79.6862 58.447  73.2036 37.3569 56.5105 58.758  14.4538 67.9765 82.3555 93.0145 64.7949 82.9952 53.433  70.1637 x       x       33.7661 x       89.6697 53.0999 47.9283 36.4973 66.3049 81.4299 x       70.9252 79.3223 56.8683 80.266  69.1599 97.4144 76.1841 95.2886 64.4298 77.7039 73.1261 39.4406 78.7928 60.2508 55.2588 52.7635 48.8813 57.9151 56.3485 50.6328 85.7013 79.6951 64.3355 93.0318 84.6486 81.9287 66.5413 69.0377 80.1304 43.7477 76.1879 57.2798 x       80.0901 x       51.6307 84.3574 98.5396 80.505  86.9975 80.8057 x       68.9947
x       73.5505 47.3163 83.3192 98.5135 72.1654 54.5731 56.5685 71.5824 86.3541 x       76.4327 64.6994 x       x       82.4594 68.8173 x       38.2591 89.7985 53.9097 x       46.8702 83.2268 66.6591 84.9111 59.6721 80.5861 92.9812 55.3437 72.1445 64.9445 82.287  35.2718 75.0585 97.6983 62.2372 x       71.54   x       x       61.0293 63.2781 89.9201 48.9053 74.7419 x       48.32   48.5329 54.0479 69.3421 79.5899 x       83.3089 74.7774 x       70.9252 x       94.3614 x       82.474  47.5351 41.7373 51.0637 71.1196 68.1823 74.1279 60.5876 70.1983 84.9825 x       82.3691 x       44.4855 68.9592 51.0977 65.1278 55.7267 57.0944 68.0374 87.5921 90.4339 x       50.416  55.6556 x       49.4495 52.6876 49.4739 63.0007 60.7367 97.6047 x       81.2634 70.4559 82.8461 x       x       62.2761 57.5187
96.886  80.417  86.6451 78.7347 56.0217 59.2354 x       68.0431 76.0707 51.9436 90.5716 76.9542 81.9874 87.653  67.2604 71.6076 93.4491 64.3285 87.9663 42.1164 x       47.8923 98.8925 47.4891 64.3718 75.6371 49.0633 53.1473 58.7666 89.0379 66.0251 82.6028 43.8597 79.9231 81.603  63.0497 54.638  64.967  x       92.2874 x       91.0313 74.9155 46.3784 x       45.3187 53.9378 81.8327 63.5536 x       94.3014 62.2815 79.8887 55.9758 20.909  x       79.3223 94.3614 x       58.7641 x       62.0797 75.4909 65.929  78.8262 54.3863 86.1982 78.3805 46.9386 x       70.6656 75.9519 51.5449 66.6677 72.8114 63.844  57.2191 79.6378 59.3602 73.0919 47.3885 58.4311 92.4745 x       72.8331 40.9025 90.4606 65.0373 59.6656 87.227  57.7064 69.7874 65.1834 69.3811 49.9433 66.1871 90.6889 x       80.8551 78.2385
56.7202 75.1078 58.6721 54.7009 62.1216 64.1747 66.9185 43.3268 67.9368 85.8402 90.3489 64.6268 62.253  64.4047 60.1898 54.3413 57.2741 64.2649 65.6787 98.1515 78.206  86.2723 65.3558 x       53.8097 x       43.5593 65.277  56.5782 84.9656 70.7533 67.0355 74.3452 69.5588 57.1833 58.025  55.8689 93.8203 55.1643 x       59.5654 74.6053 70.6169 93.7942 73.7578 30.9273 45.8853 50.3794 79.8477 69.5124 87.6799 88.7428 75.9501 84.4092 69.2369 84.3824 56.8683 x       58.7641 x       89.7558 77.2426 56.6895 70.9203 81.3809 84.8349 x       72.0035 73.5724 38.0429 65.1043 53.7916 50.3793 83.7363 82.0331 61.0432 59.7899 65.7926 52.8539 66.4121 x       87.3729 56.3289 96.3262 65.4355 75.6828 62.5629 51.4545 91.4268 61.0752 x       52.1344 78.8462 76.6946 66.1198 x       51.0783 63.1417 57.0125 x      
71.9463 48.7094 59.4946 x       94.0505 x       70.3475 71.8328 85.1799 56.5566 x       49.6861 80.1068 x       57.2888 85.4907 81.6575 x       71.0381 x       x       71.2961 73.5702 85.0425 53.5537 72.6174 78.6616 58.649  x       85.4633 x       62.2838 86.0753 60.2777 59.676  71.4526 50.94   78.4174 85.3967 71.6306 43.4901 85.0674 x       33.7053 57.2965 x       77.6817 69.8186 x       x       58.1601 60.7939 40.3427 70.9382 x       x       80.266  82.474  x       89.7558 x       72.9573 69.9198 77.6905 91.3196 77.5262 57.4326 71.3474 68.6305 91.2553 95.5079 82.4095 72.2067 57.906  85.6632 96.236  78.8836 95.6888 91.7922 79.1648 38.5665 45.7959 59.7862 64.5073 92.4498 52.5137 61.0369 73.9887 76.7837 x       53.4646 57.5597 x       82.8964 30.6258 94.6567 75.9556 69.7353 79.689  92.0348
73.5484 83.4542 78.4856 51.9714 74.9636 76.9541 70.2239 67.7687 65.683  46.2522 77.7232 80.5013 67.2577 81.0439 46.31   55.0967 58.229  38.3224 83.1715 x       90.4538 88.3475 69.5348 85.1535 x       x       x       97.6114 57.8641 80.0944 73.1743 x       64.3893 73.7663 x       84.9526 60.1905 90.337  69.1524 x       67.4275 63.5762 68.087  60.733  63.7833 57.3968 33.1895 95.3907 65.1665 44.515  99.6224 75.6569 53.9284 67.1067 x       44.6888 69.1599 47.5351 62.0797 77.2426 72.9573 x       71.5401 97.683  80.5744 62.8398 68.0686 51.9815 80.8232 51.4809 60.0982 84.2861 58.8056 75.4814 66.3651 57.0272 86.4182 82.7753 56.51   58.6292 45.4232 72.7142 76.8565 64.4395 63.805  65.3993 49.228  75.1985 x       68.7561 88.1043 58.3706 74.0303 65.6861 88.5765 63.1077 96.1238 50.361  71.3501 x      
44.4457 97.4689 47.2068 65.3349 73.4458 79.1721 58.6041 42.2542 68.3222 69.0425 51.1964 86.3535 74.7222 55.1742 83.4807 74.4464 82.6733 x       60.7303 84.9788 65.8698 71.4237 70.5082 80.8611 83.2368 59.856  82.5486 91.9544 82.3544 67.1378 x       83.8801 78.2208 51.4568 55.5761 67.2039 57.5593 60.9149 92.4194 x       85.8684 72.5613 98.9536 93.1609 x       x       67.6271 88.3854 67.4296 x       54.6755 83.649  x       87.2741 84.4721 48.4469 97.4144 41.7373 75.4909 56.6895 69.9198 71.5401 x       42.2894 78.1717 85.9592 52.4423 69.7701 81.5998 x       63.4339 76.763  x       74.6882 65.6599 86.9549 68.3608 58.0015 79.3025 66.1961 68.888  97.4518 69.4769 76.5103 84.842  93.3449 72.5354 57.7287 63.5475 52.0081 68.2228 63.292  65.7947 82.4056 71.203  x       66.1167 61.2579 82.3142 73.48  
39.3667 85.9633 55.5805 82.4222 54.1601 61.2232 55.192  75.9807 67.347  x       84.2164 89.5034 75.0912 53.9414 85.1377 52.944  64.4378 89.2342 40.6588 59.556  73.1392 66.4694 70.4142 x       96.7932 x       49.5285 88.4133 x       45.3018 x       86.566  60.3961 84.6855 70.3608 82.0059 88.5891 x       70.003  81.6915 76.7752 67.8069 82.0218 64.0593 94.0253 97.2499 x       84.4704 96.6116 x       70.4235 51.8131 83.6656 x       81.2291 74.4653 76.1841 51.0637 65.929  70.9203 77.6905 97.683  42.2894 x       78.6223 83.1521 x       80.1452 58.7585 x       56.1438 91.696  x       x       x       68.4023 75.7929 80.9777 91.5748 75.2738 x       55.5233 82.3606 92.3638 87.3089 57.6833 77.1727 50.6079 25.045  94.2921 x       75.7115 61.2431 85.3642 73.7136 67.8372 65.4202 82.5701 46.2898 42.2118
58.302  51.3752 x       96.6056 70.9188 x       65.593  48.7337 62.6327 87.0974 80.5244 60.0613 59.6482 x       99.1019 58.3453 82.9823 89.2055 82.4323 69.959  74.9193 77.0532 57.2246 54.291  88.6988 66.792  60.44   64.5518 88.9025 70.6693 65.4988 68.9913 41.6016 62.9638 56.7021 x       62.9837 60.3687 x       66.9756 70.3009 95.7262 x       64.7216 73.3312 99.75   53.8585 67.7224 96.6877 64.7868 97.0353 77.8924 77.5112 88.6538 80.8532 89.2317 95.2886 71.1196 78.8262 81.3809 91.3196 80.5744 78.1717 78.6223 x       78.0808 99.5111 59.5306 95.6331 92.764  92.8082 78.6514 92.4657 80.9557 85.8836 x       69.0716 65.5041 x       95.5594 59.2055 65.6844 80.6373 57.247  73.1602 80.9166 63.1571 69.5949 82.8986 92.9685 x       52.5827 51.6439 66.1144 75.4457 70.4049 78.8336 70.4954 99.7043 60.8191
60.3061 66.3129 56.0893 89.7048 86.032  64.2972 71.9997 59.8441 84.2115 61.0826 x       60.415  87.8075 55.8597 98.8857 51.0112 76.9365 90.3723 60.9249 62.8214 81.699  49.3896 80.7218 74.0906 82.3889 73.2691 51.9601 67.2105 85.3578 82.5395 91.8948 x       96.947  79.217  64.6447 54.1327 69.2126 70.8104 x       85.3828 45.347  78.5798 64.4459 52.5069 72.2576 67.198  75.6156 x       36.1239 44.375  59.0386 40.2361 79.3176 55.5956 x       68.8456 64.4298 68.1823 54.3863 84.8349 77.5262 62.8398 85.9592 83.1521 78.0808 x       65.9766 66.4125 x       94.0963 70.0408 x       68.7568 92.944  64.5251 64.1402 68.62   88.4812 49.201  52.5794 54.9538 39.9463 95.8434 98.4914 73.0568 76.7198 x       68.2567 58.9784 70.7542 41.829  62.9739 82.3507 77.841  58.2206 60.6986 88.3791 62.8147 59.0865 79.3312
46.7225 x       32.1703 63.7731 57.8268 58.1609 48.5101 64.7551 51.3761 53.7455 52.4655 69.9635 44.4349 x       71.8139 56.4688 81.0187 x       x       46.1131 72.0104 72.5897 63.9748 90.5721 71.0055 69.616  74.6942 72.7003 71.1784 49.0257 72.7706 63.6463 94.0395 46.7294 60.5992 75.1475 76.0809 66.134  82.2576 x       67.7469 39.7797 69.6779 x       68.2598 x       81.5458 47.1984 62.5913 87.3199 59.8881 68.777  56.0035 68.932  x       42.1283 77.7039 74.1279 86.1982 x       57.4326 68.0686 52.4423 x       99.5111 65.9766 x       65.2696 96.2847 56.2639 50.2931 63.1129 62.5233 89.705  x       96.9078 x       81.011  60.0841 60.426  45.4902 58.638  66.5418 79.8044 78.0124 65.4813 66.8851 91.424  61.6693 89.5475 58.7247 70.652  x       89.5685 77.6614 63.7515 97.348  62.7137 51.7454 58.9846
49.5386 x       47.0531 68.4214 79.2724 x       41.1407 x       45.3792 53.9049 80.0082 x       22.283  52.0136 84.2943 93.2638 77.7099 x       61.2594 60.6941 57.5895 x       82.7867 72.6445 77.6506 70.2582 55.0939 83.5103 51.6215 x       79.843  x       87.0464 74.2658 16.2657 75.0634 55.4469 57.3374 75.7943 70.9809 81.4343 x       71.6596 56.5992 77.363  71.162  48.8173 91.0753 69.3055 34.7136 x       x       x       71.8617 70.1536 63.4874 73.1261 60.5876 78.3805 72.0035 71.3474 51.9815 69.7701 80.1452 59.5306 66.4125 65.2696 x       78.4091 88.3309 50.4591 66.9674 45.7361 65.4515 79.9943 x       43.9226 72.7577 38.1745 74.2444 x       39.7853 46.8013 79.4545 93.4201 69.7937 79.7342 75.4632 67.049  70.0388 70.3322 92.2993 53.3566 x       75.9906 80.3398 70.9869 x       x       75.7774
81.0823 74.5547 78.194  60.3442 76.3723 x       70.9815 x       58.0371 78.9959 70.752  62.8697 64.8957 67.7739 x       81.2588 x       51.8739 73.6901 62.8849 x       84.3979 78.4863 84.8414 55.3609 x       62.3232 78.8016 50.5261 72.2419 x       59.4507 80.5799 80.3781 66.0466 29.7011 x       58.2063 42.1404 95.7358 x       84.166  52.7021 55.4396 72.8415 x       86.973  72.0968 69.3728 81.7077 74.2915 44.6108 57.5496 52.9886 65.5888 x       39.4406 70.1983 46.9386 73.5724 68.6305 80.8232 81.5998 58.7585 95.6331 x       96.2847 78.4091 x       51.6275 69.8627 61.836  53.7336 52.4105 62.6315 64.5394 42.3803 91.3448 63.3701 74.9711 56.518  52.911  97.5007 92.7388 30.5064 84.3441 57.5331 77.2285 80.907  56.95   72.5027 66.826  68.8387 86.074  88.0505 58.9658 75.0036 x       70.7318 65.3209
91.6835 91.1433 81.1802 x       x       53.2327 96.4393 x       x       88.2966 84.2748 83.2339 x       92.4575 60.954  78.6507 84.4055 65.2129 79.4632 71.5372 52.4039 89.3677 59.1942 74.5054 x       68.1693 53.0396 92.1864 76.9489 74.6345 50.2748 84.666  54.5715 75.6394 83.1408 x       73.7646 80.5881 75.1546 62.4696 94.0909 69.7855 90.8953 61.4561 73.7068 x       50.7232 75.0871 97.7026 90.0265 83.8473 75.2636 82.5214 75.1312 59.6543 52.0332 78.7928 84.9825 x       38.0429 91.2553 51.4809 x       x       92.764  94.0963 56.2639 88.3309 51.6275 x       78.3031 70.2076 x       x       53.5632 x       48.3069 55.0318 72.2686 65.7741 72.9211 67.4139 64.7404 x       x       82.4008 79.5278 89.1469 93.3763 x       60.4975 72.1752 x       55.6699 64.4835 37.8667 79.7602 75.4    94.6192 79.8983
59.1912 69.8851 70.4285 59.68   83.4795 x       68.1127 51.1884 55.6995 79.0122 x       70.5549 57.6943 65.1098 54.6829 77.1071 57.3923 49.6917 47.9704 74.6437 42.6699 79.3645 42.8873 80.0877 43.1376 66.5335 76.1893 72.8158 71.0284 46.876  53.8259 76.9317 87.6827 x       65.8285 80.3066 53.185  77.3353 58.6425 80.7398 57.8095 49.1451 54.1118 68.7437 61.5857 52.5127 73.1935 46.1985 47.8821 51.5289 89.2815 74.1284 56.742  69.4071 62.0294 74.019  60.2508 x       70.6656 65.1043 95.5079 60.0982 63.4339 56.1438 92.8082 70.0408 50.2931 50.4591 69.8627 78.3031 x       62.8156 46.9216 39.5953 59.6346 x       57.5991 65.6107 61.0592 56.2639 91.1667 79.1383 69.2188 71.0676 66.0108 66.0416 37.4459 71.0291 x       43.5924 44.9609 74.0877 58.1414 90.9957 81.8941 74.1822 76.5736 x       48.8141 44.7017
93.8523 75.1702 78.2853 56.8816 41.0632 39.0295 75.9087 62.8665 73.3253 67.9376 43.1922 85.4231 77.3574 90.5746 74.7069 76.1925 56.174  65.9969 63.2224 90.2985 28.461  55.2619 57.2528 51.8224 62.7196 40.7866 x       93.7596 77.8787 76.5979 69.0171 99.231  56.3282 73.6079 80.3867 71.3035 81.1782 x       50.0367 56.7099 x       70.4926 43.7116 81.1307 46.6479 58.5244 67.672  81.5264 47.0269 84.8619 67.9039 67.0338 61.733  56.0216 56.0329 42.7336 55.2588 82.3691 75.9519 53.7916 82.4095 84.2861 76.763  91.696  78.6514 x       63.1129 66.9674 61.836  70.2076 62.8156 x       36.2219 45.8068 67.641  x       x       62.961  66.8152 26.5013 x       72.278  71.1512 x       84.1087 68.133  61.7748 86.6758 67.0201 45.0329 74.8823 78.9175 76.22   61.4411 68.3324 53.9606 55.9318 61.9826 63.253  71.7999
74.5028 80.6692 78.6136 73.7273 57.5763 66.1793 58.8792 62.545  65.2228 42.5382 69.6197 69.5974 59.1728 x       x       x       57.2627 52.438  48.7728 59.511  56.0552 x       48.1119 66.9064 58.8005 44.2982 82.2986 62.7809 53.7337 62.9038 66.9318 70.2136 x       54.798  58.2869 61.048  84.5537 64.8371 50.0878 72.0224 95.3857 59.9434 47.9522 x       59.9392 71.935  70.232  x       34.693  62.9557 52.7253 72.1687 54.3095 67.7583 x       58.2535 52.7635 x       51.5449 50.3793 72.2067 58.8056 x       x       92.4657 68.7568 62.5233 45.7361 53.7336 x       46.9216 36.2219 x       69.3761 69.8061 45.0613 53.2525 44.3582 64.9863 43.5852 67.4212 54.771  90.8467 74.616  68.3992 x       58.4007 55.2618 83.9081 49.2419 86.5395 71.505  55.8967 58.396  86.2375 52.5116 69.5708 53.9224 43.5793 65.829 
79.2002 63.5959 x       44.5012 59.4158 38.9785 x       80.0823 62.9425 87.6212 43.7688 67.5418 62.5025 79.1633 x       64.9808 44.6504 42.3282 62.9643 x       21.2471 56.0143 x       61.5062 40.4073 42.4586 41.4231 60.9076 70.9087 x       x       55.7154 61.2474 71.6779 59.8623 71.2387 82.8214 66.9006 43.4233 65.8992 54.2963 68.7589 28.6061 77.6762 24.604  55.6998 71.9867 83.8266 60.3603 70.9761 66.2711 68.0302 53.9563 47.4342 75.8171 58.6251 48.8813 44.4855 66.6677 83.7363 57.906  75.4814 74.6882 x       80.9557 92.944  89.705  65.4515 52.4105 x       39.5953 45.8068 69.3761 x       78.8555 49.0224 25.671  92.5223 46.6678 69.2189 84.9372 71.7522 98.2516 90.2786 77.2245 89.5275 67.865  58.2821 77.4857 66.0213 53.0423 78.8463 58.8375 x       60.8113 x       53.3427 51.7257 x       x      
94.9622 86.5376 88.111  88.7798 x       59.2317 x       62.7334 69.9408 82.5459 68.7485 83.6603 x       80.1048 67.9353 91.864  x       x       86.816  91.7749 70.6319 52.1494 97.1282 66.1105 84.9122 93.5082 58.2375 62.5076 47.2623 70.4474 45.7351 79.9503 70.48   99.3383 67.7752 x       x       94.3671 66.5547 60.2722 58.5246 74.8178 79.7415 96.432  87.4157 57.3935 63.8163 85.519  x       51.066  59.3038 95.69   74.9303 59.9346 69.1106 75.6591 57.9151 68.9592 72.8114 82.0331 85.6632 66.3651 65.6599 x       85.8836 64.5251 x       79.9943 62.6315 53.5632 59.6346 67.641  69.8061 78.8555 x       77.0417 95.0569 46.5205 67.0952 65.9747 93.0478 91.847  50.9472 71.9642 68.5652 87.4255 53.2372 72.9255 90.7719 26.1686 54.1635 88.6961 59.9441 32.671  73.9841 53.7889 55.7267 78.6031 87.4267 x      
77.1473 94.8472 x       x       x       x       64.0832 83.0905 73.3579 75.9996 59.5542 98.2533 74.0291 83.8056 52.9856 69.2818 58.8273 47.4414 36.6951 x       54.5442 x       42.6722 98.5982 47.5886 x       67.3029 x       70.8699 66.936  71.3506 87.9365 x       55.5353 73.5853 72.9964 54.2547 66.298  51.1442 77.5188 80.1    60.5147 64.4497 80.4597 57.331  38.193  x       66.0272 64.1741 66.4377 77.7673 52.2144 55.9992 69.4323 x       91.5163 56.3485 51.0977 63.844  61.0432 96.236  57.0272 86.9549 68.4023 x       64.1402 96.9078 x       64.5394 x       x       x       45.0613 49.0224 77.0417 x       54.5042 52.324  73.5738 87.8207 71.9739 85.6212 68.236  x       53.233  x       68.0036 51.8274 x       57.8389 70.8101 x       70.7715 x       70.0624 84.75   39.9887 69.1578 x       x      
68.9837 75.6612 x       52.0014 64.2202 40.3547 58.3754 66.681  66.6286 x       x       64.6066 44.7735 54.1997 56.0477 58.2425 58.7757 58.8109 48.3094 91.1908 30.8239 78.3438 63.4048 45.6608 x       34.1567 55.9515 67.5281 61.2046 84.0632 54.4769 76.9683 44.936  82.585  54.5216 61.7729 57.8281 54.5829 53.4679 75.3169 68.6445 70.388  46.1937 87.663  48.8215 47.0861 78.2098 63.6226 50.3656 x       62.495  60.4955 68.9464 62.1886 59.4592 75.1183 50.6328 65.1278 57.2191 59.7899 78.8836 86.4182 68.3608 75.7929 69.0716 68.62   x       43.9226 42.3803 48.3069 57.5991 x       53.2525 25.671  95.0569 54.5042 x       85.2256 31.2081 61.0081 89.9214 81.674  80.4858 77.0232 62.4501 66.9673 83.6193 53.6947 70.3315 74.0523 71.5264 87.91   x       70.2774 49.5821 81.1759 64.5584 x       76.7698 34.3489
68.9938 70.4386 64.6182 86.2629 x       79.6614 54.2535 36.2794 56.4985 81.1308 76.4024 81.2747 58.7201 63.0763 x       49.7805 93.3873 96.6803 81.1714 92.6041 83.3906 94.5888 66.2632 55.866  x       68.9243 x       63.0816 77.1764 x       59.1833 68.2414 41.0153 85.4923 x       64.3228 53.1311 51.5049 94.0065 80.5843 60.189  80.2515 68.4322 91.0833 69.8563 85.2794 x       53.2558 71.8959 59.3507 82.9832 58.5396 89.8967 77.4015 83.4978 87.7836 85.7013 55.7267 79.6378 65.7926 95.6888 82.7753 58.0015 80.9777 65.5041 88.4812 81.011  72.7577 91.3448 55.0318 65.6107 62.961  44.3582 92.5223 46.5205 52.324  85.2256 x       85.8243 x       78.3249 86.986  71.1086 x       65.4947 88.8952 70.5484 81.632  94.7408 55.8167 89.685  70.4904 47.0866 73.7701 66.1785 58.5564 80.4306 76.2449 59.2677 82.922 
56.0339 67.848  69.6175 69.3059 90.6511 63.2896 50.7088 59.1599 41.6825 69.6739 x       x       43.4633 42.9157 x       66.6183 x       78.1146 77.8405 71.5902 41.2986 75.374  90.1786 61.3619 69.2176 58.8763 68.306  94.035  x       55.9894 76.6696 66.0725 53.116  72.9305 45.5342 43.9129 74.2511 48.4841 71.3807 81.8953 57.3815 81.1189 55.2691 75.0018 55.844  50.4635 76.2363 x       61.5149 51.9341 x       82.2949 x       62.2442 65.6248 83.1909 79.6951 57.0944 59.3602 52.8539 91.7922 56.51   79.3025 91.5748 x       49.201  60.0841 38.1745 63.3701 72.2686 61.0592 66.8152 64.9863 46.6678 67.0952 73.5738 31.2081 85.8243 x       70.6914 87.0772 70.3888 83.4241 53.1934 90.583  68.4469 67.1233 60.0006 x       57.0344 82.0107 99.217  45.8551 95.2124 78.2872 72.5031 75.8531 40.0022 89.7849 63.0402
68.7007 73.0565 62.8669 59.3314 39.4624 63.217  78.6884 84.3525 x       75.8648 44.3436 84.3804 92.6132 65.7529 x       73.186  x       45.6776 76.4586 95.301  48.7594 75.5053 75.7236 41.7095 x       61.1587 x       76.1701 70.231  67.223  47.4077 77.9207 61.5418 79.8065 64.2382 77.6386 73.05   57.8217 54.2762 33.9178 89.88   x       x       88.9837 51.4364 62.9372 61.3358 x       47.3849 x       x       72.781  57.9898 62.0538 75.1546 22.7394 64.3355 68.0374 73.0919 66.4121 79.1648 58.6292 66.1961 75.2738 95.5594 52.5794 60.426  74.2444 74.9711 65.7741 56.2639 26.5013 43.5852 69.2189 65.9747 87.8207 61.0081 x       70.6914 x       90.7711 90.7967 73.6144 72.5618 60.3137 93.7417 56.0554 80.9308 85.2455 42.1631 87.3746 95.9056 56.7105 38.813  90.5693 62.1231 53.8745 x       69.3602 x      
86.1501 60.4152 73.7771 75.251  80.9434 68.4628 74.981  x       68.883  x       96.5185 51.3807 65.5786 75.2957 77.5591 82.7577 84.4076 69.4254 83.6149 17.7275 68.9516 79.1493 91.3687 77.0079 60.4522 89.7068 72.3546 79.8543 60.5113 93.9082 79.4316 46.9945 54.2529 x       51.701  60.5376 74.8859 96.4436 x       x       55.4914 55.0042 81.9854 x       63.1767 61.4454 65.9979 x       84.5131 61.2031 59.2063 53.4591 68.2    93.0149 40.9058 85.6451 93.0318 87.5921 47.3885 x       38.5665 45.4232 68.888  x       59.2055 54.9538 45.4902 x       56.518  72.9211 91.1667 x       67.4212 84.9372 93.0478 71.9739 89.9214 78.3249 87.0772 90.7711 x       32.8122 x       84.345  69.3006 41.3797 85.1735 x       x       x       61.5857 90.0868 63.0969 74.3686 64.3688 91.4917 57.5782 54.4303 x       85.7107
55.8677 63.8505 55.1154 x       77.1052 72.3806 65.5564 80.8506 59.0559 40.0807 80.7966 53.3284 56.164  x       81.5465 86.5399 79.1188 75.4309 x       25.8447 88.925  64.2053 91.2274 71.3038 69.7701 98.6718 67.9029 x       88.336  71.5271 68.6924 x       69.7758 94.8061 x       76.9095 49.9638 73.6169 79.6425 92.9856 63.0594 77.4563 98.966  27.2522 81.4797 59.5682 x       64.4745 x       74.3158 54.2445 53.4796 85.8551 90.6871 42.1875 98.8267 84.6486 90.4339 58.4311 87.3729 45.7959 72.7142 97.4518 55.5233 65.6844 39.9463 58.638  39.7853 52.911  67.4139 79.1383 72.278  54.771  71.7522 91.847  85.6212 81.674  86.986  70.3888 90.7967 32.8122 x       86.1758 64.1606 72.4619 37.8138 58.3782 85.9795 79.1375 x       x       63.1811 59.1659 x       75.9615 65.6109 88.4933 52.1255 87.3084 x      
57.941  88.5444 43.3793 x       68.9402 93.6967 66.1766 76.0942 56.8559 63.5426 61.4333 78.1111 59.4597 63.08   88.586  65.9646 99.1507 x       68.5124 65.3346 x       90.1882 61.8227 59.7125 90.8352 84.6278 88.2817 59.0957 80.1537 37.8308 79.0631 62.7835 57.1671 71.6889 47.6536 85.2979 x       76.2878 91.8786 40.9493 81.0255 38.3335 80.1871 59.0155 80.0668 60.5568 87.4946 48.4467 69.6536 79.3806 91.7658 77.1673 89.3208 80.0657 73.649  x       81.9287 x       92.4745 56.3289 59.7862 76.8565 69.4769 82.3606 80.6373 95.8434 66.5418 46.8013 97.5007 64.7404 69.2188 71.1512 90.8467 98.2516 50.9472 68.236  80.4858 71.1086 83.4241 73.6144 x       86.1758 x       46.957  x       75.647  78.978  54.1617 x       48.7496 69.9591 79.2112 45.7947 65.6481 52.2225 50.4548 46.6688 56.7455 58.5596 x      
74.3281 53.4601 69.8566 52.7819 57.7562 71.8049 58.7292 65.5983 86.2947 67.1437 68.9299 x       72.8494 59.8139 68.1304 65.2916 60.6374 63.0454 76.0333 82.1726 80.2144 x       94.698  96.045  57.4526 x       96.9155 94.4191 84.1399 60.9657 70.368  48.5694 83.2608 74.4146 87.814  x       95.4168 93.3861 68.8531 43.9159 69.4629 65.7292 x       82.0202 98.7593 67.8968 50.5279 79.487  97.8993 86.4101 x       86.0018 79.1968 87.3606 65.7898 x       66.5413 50.416  x       96.3262 64.5073 64.4395 76.5103 92.3638 57.247  98.4914 79.8044 79.4545 92.7388 x       71.0676 x       74.616  90.2786 71.9642 x       77.0232 x       53.1934 72.5618 84.345  64.1606 46.957  x       91.2149 66.0304 64.2506 57.9878 75.7618 72.2732 56.9468 48.9043 75.755  79.0558 70.0046 87.6379 76.3908 65.8473 48.9221 81.6702
94.5876 96.4131 83.2541 49.1481 58.9834 71.4322 89.9763 83.4903 70.7082 60.5026 86.5355 84.8746 83.4769 89.1424 61.5218 69.6658 79.0216 60.3979 57.1885 81.0928 89.3045 81.9051 77.0617 57.7072 50.4433 78.1918 79.2507 66.6922 x       83.076  x       76.3821 57.4624 69.2259 x       54.5488 78.4606 87.3405 69.5487 77.3261 66.181  x       67.7723 82.23   79.7803 73.7267 71.0808 45.9131 98.1101 91.7782 69.2498 48.6999 58.8695 60.805  x       x       69.0377 55.6556 72.8331 65.4355 92.4498 63.805  84.842  87.3089 73.1602 73.0568 78.0124 93.4201 30.5064 x       66.0108 84.1087 68.3992 77.2245 68.5652 53.233  62.4501 65.4947 90.583  60.3137 69.3006 72.4619 x       91.2149 x       91.2454 41.9098 78.9169 84.0268 52.8977 88.0906 x       76.3668 88.9829 62.5386 85.9488 57.091  94.8218 70.6629 93.7596
71.4999 66.1464 87.0198 74.412  89.0388 66.1431 75.8871 69.7487 x       45.739  72.2452 58.761  85.6315 77.9391 66.9737 81.704  73.5958 66.9983 85.3862 x       77.1409 63.5955 80.7663 65.8543 60.444  x       53.1155 x       x       93.348  81.1612 x       67.3784 x       72.2755 66.0112 63.6315 78.6113 75.1093 91.3547 64.2015 68.5381 89.6971 30.6449 67.7041 x       x       74.9    94.9604 54.6149 71.4755 65.3082 82.3037 79.0139 24.7181 76.7919 80.1304 x       40.9025 75.6828 52.5137 65.3993 93.3449 57.6833 80.9166 76.7198 65.4813 69.7937 84.3441 82.4008 66.0416 68.133  x       89.5275 87.4255 x       66.9673 88.8952 68.4469 93.7417 41.3797 37.8138 75.647  66.0304 91.2454 x       90.7041 63.3229 56.4494 80.7633 47.7363 54.7321 x       74.8865 x       86.3333 64.7459 62.6779 92.5498 83.8725
68.851  58.1924 86.0004 x       72.2369 x       66.3299 49.5163 77.1743 50.4893 52.3514 69.6993 67.7695 58.9385 47.4707 82.501  50.5231 47.7181 x       76.5899 59.2695 47.3441 72.9357 57.2124 42.5124 57.0461 78.9663 95.6504 79.7439 72.0541 44.8962 x       50.982  63.2972 66.7004 65.2798 45.3455 54.5516 44.7511 53.0007 79.3451 78.1595 69.8013 67.7841 74.9139 72.9816 78.6349 54.9784 67.5262 59.4938 54.6226 52.2984 58.6269 49.621  73.3624 53.2523 43.7477 49.4495 90.4606 62.5629 61.0369 49.228  72.5354 77.1727 63.1571 x       66.8851 79.7342 57.5331 79.5278 37.4459 61.7748 58.4007 67.865  53.2372 68.0036 83.6193 70.5484 67.1233 56.0554 85.1735 58.3782 78.978  64.2506 41.9098 90.7041 x       78.6422 70.7424 69.3352 48.6911 87.6239 81.8769 67.0077 85.7612 x       69.6323 79.8566 78.393  57.0869
81.1383 89.9916 81.3858 73.9931 78.1832 83.6582 76.5542 66.4151 82.6189 64.6747 90.8016 98.8658 97.6851 64.8826 x       62.7342 x       65.6511 24.2861 84.1996 67.1215 69.4768 61.204  59.8264 71.8945 74.0005 72.8194 74.6777 94.2873 65.0052 x       87.0567 x       53.8245 81.1264 77.51   95.7889 95.5932 x       89.3037 73.0993 69.0608 64.8893 87.5817 48.2311 74.454  60.1999 71.8921 x       93.4244 93.1375 85.61   52.839  68.293  72.3415 75.7994 76.1879 52.6876 65.0373 51.4545 73.9887 75.1985 57.7287 50.6079 69.5949 68.2567 91.424  75.4632 77.2285 89.1469 71.0291 86.6758 55.2618 58.2821 72.9255 51.8274 53.6947 81.632  60.0006 80.9308 x       85.9795 54.1617 57.9878 78.9169 63.3229 78.6422 x       72.2969 46.8913 89.2168 84.2294 88.2868 88.4772 44.0137 82.9102 57.4357 86.3044 77.9453 66.3999
58.9157 99.9258 53.8812 60.382  51.795  55.3211 56.0504 90.466  50.3501 44.3713 63.0914 88.1372 63.3946 68.6784 72.171  54.9339 74.4621 74.399  57.3924 56.3596 74.2696 81.276  87.5318 57.392  77.3917 75.2015 x       x       76.3141 59.9084 62.6099 95.5506 77.3174 70.0995 x       90.2147 64.6145 x       67.6281 66.9338 82.1264 60.472  64.1858 x       87.5464 81.4188 74.7488 86.8497 72.9756 58.3672 68.1489 64.5174 85.223  x       73.3702 63.2294 57.2798 49.4739 59.6656 91.4268 76.7837 x       63.5475 25.045  82.8986 58.9784 61.6693 67.049  80.907  93.3763 x       67.0201 83.9081 77.4857 90.7719 x       70.3315 94.7408 x       85.2455 x       79.1375 x       75.7618 84.0268 56.4494 70.7424 72.2969 x       70.9391 79.2455 84.8907 60.7495 84.9327 x       60.5662 50.3882 78.7244 69.3704 67.1808
69.8274 71.3075 x       88.7504 73.3844 51.2271 68.2004 82.0293 59.7212 76.2021 60.9361 74.4964 x       72.7614 73.3499 72.7619 78.6733 74.7564 x       89.0264 68.4892 72.6737 83.7933 63.5604 84.5331 x       66.5331 63.4686 54.9465 x       35.9528 88.6312 75.268  86.7951 x       50.4124 64.2027 71.9789 74.1415 71.7662 x       74.7593 85.3699 x       80.0803 72.577  55.229  78.0938 77.8013 47.6505 83.3237 93.2005 71.5289 54.3045 x       57.4228 x       63.0007 87.227  61.0752 x       68.7561 52.0081 94.2921 92.9685 70.7542 89.5475 70.0388 56.95   x       43.5924 45.0329 49.2419 66.0213 26.1686 57.8389 74.0523 55.8167 57.0344 42.1631 x       x       48.7496 72.2732 52.8977 80.7633 69.3352 46.8913 70.9391 x       72.2808 88.6546 66.5999 54.7455 90.5182 72.2923 34.0306 68.3147 84.6886 77.4205
90.53   68.3063 78.9947 x       59.2239 80.4116 82.5016 94.1833 x       77.8618 44.7983 57.394  86.3298 80.107  73.6796 62.4356 76.9897 69.4191 80.8153 53.5973 68.1046 57.8495 68.2034 73.6894 x       93.3366 65.7874 83.3254 84.6211 59.2412 89.2187 41.5836 62.0997 71.9012 79.1497 61.6958 82.958  87.1734 69.5653 x       41.1305 78.3175 81.2885 58.768  76.2686 88.2803 x       69.1413 64.9645 80.0559 81.6444 x       62.2037 84.062  69.2804 82.8372 80.0901 60.7367 57.7064 x       53.4646 88.1043 68.2228 x       x       41.829  58.7247 70.3322 72.5027 60.4975 44.9609 74.8823 86.5395 53.0423 54.1635 70.8101 71.5264 89.685  82.0107 87.3746 61.5857 x       69.9591 56.9468 88.0906 47.7363 48.6911 89.2168 79.2455 72.2808 x       48.1614 x       x       47.7292 x       x       70.8234 68.9462 63.0541
66.4036 81.8713 82.8396 57.6359 81.6382 x       64.0764 x       92.2245 71.4199 x       73.2794 86.1561 76.3295 59.9045 55.9372 79.5081 61.5135 97.0576 78.0623 60.8846 96.582  59.1172 84.4505 58.283  59.5775 68.3991 x       97.7183 76.3875 98.7147 x       83.1713 63.6441 86.3869 68.1516 97.8238 67.008  x       64.7059 x       51.3025 x       83.0638 79.0629 78.0081 86.064  x       60.696  98.1851 86.627  62.0908 67.6178 98.4826 71.2296 75.369  x       97.6047 69.7874 52.1344 57.5597 58.3706 63.292  75.7115 52.5827 62.9739 70.652  92.2993 66.826  72.1752 74.0877 78.9175 71.505  78.8463 88.6961 x       87.91   70.4904 99.217  95.9056 90.0868 63.1811 79.2112 48.9043 x       54.7321 87.6239 84.2294 84.8907 88.6546 48.1614 x       95.3508 85.7426 78.5263 91.1633 72.2694 90.0146 67.7713 83.2118
41.8311 x       35.4095 x       x       56.5807 x       41.715  11.4222 43.7317 92.4215 85.4974 47.6824 28.1651 82.6859 69.0646 x       91.5415 64.8066 51.819  x       76.1507 x       63.753  79.7357 71.0022 45.4868 76.8616 38.2327 69.1249 78.7737 85.4961 84.1546 83.2365 40.3391 74.5517 61.763  x       64.7802 83.058  88.3331 x       77.7808 55.0259 68.5818 78.7757 x       91.5097 65.7342 43.8339 76.8609 49.5648 80.9819 61.8467 81.5721 68.3806 51.6307 x       65.1834 78.8462 x       74.0303 65.7947 61.2431 51.6439 82.3507 x       53.3566 68.8387 x       58.1414 76.22   55.8967 58.8375 59.9441 70.7715 x       47.0866 45.8551 56.7105 63.0969 59.1659 45.7947 75.755  76.3668 x       81.8769 88.2868 60.7495 66.5999 x       95.3508 x       56.822  84.9249 75.9967 62.0522 56.4967 56.7449 x      
80.6951 x       68.1422 70.4014 68.3154 61.8999 76.7797 x       x       64.9837 70.974  92.5883 90.6391 66.3768 86.3191 61.0132 71.5491 83.1905 64.7358 63.549  x       78.9625 77.2434 79.7935 79.2201 83.1221 79.9299 79.3096 60.8087 90.5071 x       87.0771 86.749  84.3577 85.4514 71.2126 76.7309 70.4056 81.8896 72.4969 x       86.619  54.9171 65.5814 66.1058 74.5568 34.002  x       79.8851 82.742  90.0957 77.8236 86.8916 80.8349 54.2525 57.3076 84.3574 81.2634 69.3811 76.6946 82.8964 65.6861 82.4056 85.3642 66.1144 77.841  89.5685 x       86.074  55.6699 90.9957 61.4411 58.396  x       32.671  x       70.2774 73.7701 95.2124 38.813  74.3686 x       65.6481 79.0558 88.9829 74.8865 67.0077 88.4772 84.9327 54.7455 x       85.7426 56.822  x       60.0511 84.8581 48.4683 66.5448 x       79.9605
86.5437 77.6671 89.8695 69.7399 86.5475 82.1466 x       87.0352 89.4163 63.8988 74.5656 70.0058 x       85.6913 64.4732 70.2899 76.2579 55.9475 41.4854 x       60.7615 76.8776 92.052  58.3936 65.8557 53.8026 83.0276 52.4249 74.7765 64.002  78.455  84.2297 69.3612 82.645  77.2707 77.7252 x       x       85.8229 76.953  65.0495 89.914  x       55.7684 63.7974 54.0354 57.9838 61.5697 x       64.3891 82.5809 71.0921 x       81.7162 54.7714 81.1619 98.5396 70.4559 49.9433 66.1198 30.6258 88.5765 71.203  73.7136 75.4457 58.2206 77.6614 75.9906 88.0505 64.4835 81.8941 68.3324 86.2375 60.8113 73.9841 70.0624 49.5821 66.1785 78.2872 90.5693 64.3688 75.9615 52.2225 70.0046 62.5386 x       85.7612 44.0137 x       90.5182 47.7292 78.5263 84.9249 60.0511 x       84.8556 70.872  76.657  93.5373 72.5172
96.524  70.4249 89.8032 98.8903 72.1813 73.4632 96.3039 87.6376 78.3395 64.2349 x       67.2824 92.8631 93.5066 80.9042 62.7039 89.2509 71.0133 58.6716 78.3221 75.3494 x       61.8562 92.1541 x       66.9471 60.7664 86.8023 74.79   66.1292 82.1861 52.1667 69.4004 77.6149 x       67.2526 84.0766 80.2973 93.2816 89.8848 x       87.2932 94.3811 84.3612 96.4919 73.6711 79.6012 66.8776 84.3084 64.4938 72.6091 72.6729 82.2294 59.5395 72.6832 77.8791 80.505  82.8461 66.1871 x       94.6567 63.1077 x       67.8372 70.4049 60.6986 63.7515 80.3398 58.9658 37.8667 74.1822 53.9606 52.5116 x       53.7889 84.75   81.1759 58.5564 72.5031 62.1231 91.4917 65.6109 50.4548 87.6379 85.9488 86.3333 x       82.9102 60.5662 72.2923 x       91.1633 75.9967 84.8581 84.8556 x       68.7725 93.7304 62.2992 56.1992
86.324  80.7721 82.514  93.8075 x       53.9034 74.9398 92.046  54.3736 66.1443 72.8548 78.0043 59.1926 81.9037 72.4726 x       81.5715 68.6755 x       x       52.7169 69.7008 57.0202 x       78.0879 86.0813 87.9859 80.6094 83.4548 74.2512 67.3011 90.3441 82.6208 78.9536 74.577  56.3597 59.2167 87.1859 87.7749 73.2144 61.5379 76.2852 55.8945 73.8591 67.0361 x       76.4177 87.7119 84.6799 x       56.7861 80.618  82.1303 80.8387 81.9305 72.7986 86.9975 x       90.6889 51.0783 75.9556 96.1238 66.1167 65.4202 78.8336 88.3791 97.348  70.9869 75.0036 79.7602 76.5736 55.9318 69.5708 53.3427 55.7267 39.9887 64.5584 80.4306 75.8531 53.8745 57.5782 88.4933 46.6688 76.3908 57.091  64.7459 69.6323 57.4357 50.3882 34.0306 x       72.2694 62.0522 48.4683 70.872  68.7725 x       68.0954 61.5116 72.0984
58.9459 55.7967 50.3157 72.9361 91.708  x       45.9334 x       46.1551 52.1783 76.5931 64.0926 35.5106 43.793  76.3873 88.6983 84.1093 73.6495 66.8258 52.942  59.9554 78.9818 85.2865 61.5683 x       x       68.721  87.9    47.1468 84.7668 68.1325 71.3221 82.2936 74.7006 x       x       47.6701 64.4631 79.2055 x       89.9224 72.4402 74.5356 x       67.0761 64.9788 36.6817 79.8074 71.8071 35.2374 55.071  85.6237 56.5866 77.1325 58.7394 50.1763 80.8057 x       x       63.1417 69.7353 50.361  61.2579 82.5701 70.4954 62.8147 62.7137 x       x       75.4    x       61.9826 53.9224 51.7257 78.6031 69.1578 x       76.2449 40.0022 x       54.4303 52.1255 56.7455 65.8473 94.8218 62.6779 79.8566 86.3044 78.7244 68.3147 70.8234 90.0146 56.4967 66.5448 76.657  93.7304 68.0954 x       64.8236 62.5529
54.9948 82.5092 67.0434 83.2344 46.1053 47.2946 53.5893 66.6465 66.2217 72.4249 49.2931 91.9099 54.1421 51.4798 82.0875 65.5002 x       83.3397 62.2414 68.9392 64.308  79.2324 68.4321 77.2589 x       74.8175 93.5497 52.7232 55.4342 64.2642 68.7725 94.3191 x       85.5374 46.6107 82.3159 x       84.3653 74.064  40.4651 66.2829 27.5307 70.3369 78.1025 62.1929 61.312  83.0055 x       69.0659 71.5692 74.0173 64.1106 67.3924 45.7028 74.9494 62.654  x       62.2761 80.8551 57.0125 79.689  71.3501 82.3142 46.2898 99.7043 59.0865 51.7454 x       70.7318 94.6192 48.8141 63.253  43.5793 x       87.4267 x       76.7698 59.2677 89.7849 69.3602 x       87.3084 58.5596 48.9221 70.6629 92.5498 78.393  77.9453 69.3704 84.6886 68.9462 67.7713 56.7449 x       93.5373 62.2992 61.5116 64.8236 x       81.1915
64.2156 68.601  47.5199 56.479  94.3715 73.883  44.6006 48.6887 47.3924 73.9599 78.1248 73.4689 60.9296 50.7647 61.6077 75.0065 48.2225 59.2951 50.9826 91.8695 64.016  56.8549 64.2152 65.5645 67.6783 65.5456 66.5608 54.6902 54.23   54.311  85.1026 64.5204 65.1048 72.3015 75.1038 50.4815 66.2482 45.5826 56.5312 85.6372 57.7947 80.3636 67.9009 81.8853 70.0998 59.4284 87.6518 69.6668 x       82.616  45.123  47.1848 76.0094 63.391  77.595  x       68.9947 57.5187 78.2385 x       92.0348 x       73.48   42.2118 60.8191 79.3312 58.9846 75.7774 65.3209 79.8983 44.7017 71.7999 65.829  x       x       x       34.3489 82.922  63.0402 x       85.7107 x       x       81.6702 93.7596 83.8725 57.0869 66.3999 67.1808 77.4205 63.0541 83.2118 x       79.9605 72.5172 56.1992 72.0984 62.5529 81.1915 x      
