50
25
Q1GPNKF7O5 VFRT26 OK29GJ ICTGXV Z6H98 AGSA2I KSHB2KG JTT8198QPE 9XFF ENMF 1BZLEM 4INC2D8SDN VZBD9QV8 YXBMACC AK5DQ3 UVP4WIKK BBFYA9B ER2YSPML1C ZRYV5F 5AGDS U0958 PYD9SISJI 399VM5PU6 NSBI PTL1QU ZY9VPYMXA WZ1MC3189 DXGEHOF PTWCQ TBFPZEBP 92R432 BVNZ LGBBG RQ6902O3P 351R 71JKTWIJ FS1RWBVR7 00P07 PZMGYZL 1ILZRYDHY VPQ3SCZD OXXUCOFC3 8U5UW KRM4B TAI8UPP 3YAJ48L8DT R6VBAVZ0B OXWYDF 2J5C Satish
VFRT26 1BZLEM ZRYV5F YXBMACC PZMGYZL FS1RWBVR7 PTWCQ PYD9SISJI KRM4B WZ1MC3189 BBFYA9B R6VBAVZ0B UVP4WIKK OXWYDF 399VM5PU6 PTL1QU Z6H98 9XFF 4INC2D8SDN 92R432 ICTGXV KSHB2KG ER2YSPML1C ZY9VPYMXA NSBI
Satish
x 84116419.67202 x 59615825.93001 188340546.67964 142290951.13252 55988709.33081 190485272.2827 29933674.58514 104373304.80692 59292342.39435 188521731.27019 119180306.98039 39511728.02278 75902397.3326 119780580.81194 131899851.82658 211564354.89892 38811539.83618 112141382.50132 62248844.19955 97728063.30779 81289968.91753 136512022.14148 111163398.15095 158561077.18387 x 114588116.90069 136200203.02848 67389511.47313 71863911.54839 56978329.32182 178847080.09744 83067689.85302 x 83628924.27413 51099825.89883 159811587.00266 177710519.36929 29862021.3209 26078712.9056 161339466.85929 52392702.74287 82016130.53021 x 76686991.33165 120792620.11069 125376752.01745 165454296.55611 100017071.10133
84116419.67202 x 49016048.7154 135232454.79924 105478717.67496 127023064.65705 x 115950131.87638 56916595.35051 45541141.36735 24976147.8746 118505151.88141 109435021.90002 45551129.39325 57364747.22691 x 50813034.04198 127912287.5328 54585326.32808 78419984.66746 27724690.63129 32394639.95733 46706482.09363 52747676.58671 34388658.67645 115358134.37491 83064953.39003 66250768.27651 81537997.54431 125010236.97169 42791504.74273 55764424.79596 153288867.36632 119566765.88633 109593594.75372 x 80865366.82964 141942436.42655 138347390.07255 75224625.06767 59934061.46945 119561532.54776 52497064.37866 30556694.75483 34157373.00304 54920303.81668 63729081.16912 43457616.33782 84548202.38848 45494933.08669
x 49016048.7154 x 180834235.32541 87042711.99056 167374021.78581 141386229.68463 x 95296205.01374 81250419.13552 70712535.02072 124434867.77976 152841812.80202 90531769.50142 104788221.17629 31873154.93531 14404879.69952 102922838.34184 102006258.46201 118032108.29777 62881052.23837 69748593.50181 53643700.00255 43163751.29875 14817243.57846 144611867.19626 131629365.33813 101626212.00317 109148144.38349 173341878.8391 90792499.57884 78068475.17011 x x 152649138.96161 134388943.24789 x 180267754.68405 167221478.15147 x 104320843.29978 149110793.21176 78796056.05882 76293022.99647 44493685.44717 x 94254893.89436 16290333.60399 76906087.04753 83903615.64093
59615825.93001 135232454.79924 180834235.32541 x 232736272.52595 142021631.59633 x 225323586.81341 88313085.38851 140127914.89776 110841448.60683 219676122.92456 121098076.53527 90445898.53741 102956479.03458 178742267.9457 185631687.3472 257259218.46946 80978386.79528 131932586.34306 118574873.59854 138301965.12639 140613427.91186 184394928.8471 166301487.54484 174122944.53227 59252360.35754 142129444.6163 162783708.35003 32743830.08024 107410806.17078 116589891.85882 179386229.90692 62347703.71918 32139706.50371 91595049.50612 107375860.69294 157924172.47213 187969394.22503 60441511.73212 76514044.9062 175527532.94839 111956696.77486 122338150.46531 141370887.07781 105122273.0591 151747652.07012 178512974.99773 207905187.82559 134905378.03777
188340546.67964 105478717.67496 87042711.99056 232736272.52595 x x 179613767.22086 44968861.88842 162347574.83946 94461076.62771 129397854.61584 60041461.60356 154609406.09 x 132645348.69696 117848801.31944 72843695.08081 25069835.94547 153535371.15073 119474319.40306 132075922.86521 94448363.73718 136639305.01008 53104173.99379 92092459.51264 114927003.49128 174373705.29724 101532331.6169 90479312.40196 214162655.38859 x 156594469.18977 159637644.81977 x 211580070.22715 156041658.83189 182750594.69856 162693988.98722 131134707.25487 173069545.66718 162815761.38563 118741086.09555 155074589.22681 110415112.84201 124537513.95173 130050813.14277 89718064.558 74666037.83392 25758360.73844 99791860.74947
142290951.13252 127023064.65705 167374021.78581 142021631.59633 x x 90585375.86838 125299750.94304 x 86123641.98944 123698272.75241 112305942.97519 23115858.14008 122607652.33636 76011890.66589 189110364.82477 160513292.78008 180612208.36069 110944939.9706 49423446.1492 140482064.89999 x 169778032.67158 137135809.01342 155824466.64107 47977741.48063 97686947.89646 66271955.81654 x 110002294.42976 89360075.36593 165026347.98912 37685088.40708 x 144089312.68811 x 179814026.51956 17531484.53806 50290257.83341 112430401.90586 124767009.10571 46298181.05665 x 96722803.61868 159345838.13261 77267174.17157 x 153687017.21144 133917115.17269 83728094.29153
55988709.33081 x 141386229.68463 x 179613767.22086 90585375.86838 x x 67866099.8908 85326696.7106 72316343.24913 162212510.38912 67915523.61344 56856320.82834 47138070.14131 148339069.43817 142650200.84865 204553817.52702 42287864.62291 74140834.95964 86159625.50744 86119849.79037 115084656.53371 135032928.48869 126617877.68581 117200584.71159 11953907.47653 84816034.69817 105126636.9335 34597554.10357 55243357.43816 98359991.17864 128171445.78034 30297693.09468 53512469.9386 34672126.06342 103051076.82634 107740232.0299 132637709.80155 28857177.44977 49208601.25998 118925801.56605 92233016.12148 71373013.23906 110564264.90539 49638651.86241 94949834.82575 x 154159900.58049 79992642.48078
190485272.2827 115950131.87638 x 225323586.81341 44968861.88842 125299750.94304 x x x 86710720.09004 135696616.20337 15713978.13126 128069684.79482 152026563.67797 122393234.33946 147690365.99077 101733806.35721 60793256.67242 152397330.36463 98083193.22639 143608713.9602 x 156788426.62615 73417423.53975 115649502.70475 78590099.43525 166149126.09422 83852244.68414 65512577.95046 x 120215806.3075 171492891.02013 120262714.25916 180332945.24421 209507729.24344 139043402.93755 196815467.96781 x x 169332973.37687 x 81627041.57783 168445481.73099 108469573.87708 143591958.24496 120312604.02417 73608206.50699 100387022.28009 39281377.76024 91563632.28646
29933674.58514 56916595.35051 95296205.01374 88313085.38851 162347574.83946 x 67866099.8908 x x 85921499.96098 33553829.08551 x 118956802.42703 19803082.28722 67062086.6559 90430421.77124 102623487.18317 184788007.56632 30612742.45217 102765172.12972 32680900.21617 76669150.76209 x 109648954.64481 81569452.79232 148338678.29577 55922766.34525 100392882.56336 121092285.47023 x 57691320.18282 31019858.61423 x 97999617.35315 58052563.27714 84955517.69701 38483479.27193 158637719.63191 169432527.83302 39482675.03661 18766559.99773 151715970.41283 25240653.69539 62652999.19843 53378363.15147 66737893.92958 104092341.48462 96353566.61372 140715694.34514 82499282.87777
104373304.80692 45541141.36735 81250419.13552 140127914.89776 94461076.62771 86123641.98944 85326696.7106 86710720.09004 85921499.96098 x 54850770.37345 x 72692335.25753 67265479.30737 38225883.1498 104349098.68513 x 119486661.69516 65873227.70675 36838564.57451 67993913.81832 13215155.15258 92097328.35592 55563088.01034 70025504.93942 69829248.32694 80987992.72848 x 36855394.98831 119790595.02291 33529892.75518 96785928.57774 108731054.04571 103867880.43748 122821747.73565 63015997.48668 119108496.91852 99355547.92491 92806543.55155 x x 74021016.22381 92098174.56138 23268536.44868 79698494.0008 35688073.41162 18943039.93012 67852792.48908 68881835.98502 5337699.7045
59292342.39435 24976147.8746 70712535.02072 110841448.60683 129397854.61584 123698272.75241 72316343.24913 135696616.20337 33553829.08551 54850770.37345 x 136209222.22025 103338609.96921 20634315.79945 48167519.89636 76321992.45813 74791521.99663 152347017.00374 31365765.01032 x 16917459.7559 44162258.6594 47172817.52427 x 55950143.43682 121743526.74531 61718123.2759 72130402.52699 91359651.14523 102910693.33443 34345752.34914 43074759.28339 154376074.58382 101280901.29584 x 74552269.14037 64261066.14873 140069958.13848 143972764.15211 51563070.48764 35001208.42691 125535330.60558 37806877.93102 32273807.42734 39433227.41419 46575069.91164 73672352.39908 67722503.48 107291870.12627 52329898.59095
188521731.27019 118505151.88141 124434867.77976 219676122.92456 60041461.60356 112305942.97519 162212510.38912 15713978.13126 x x 136209222.22025 x x 151062620.09428 117377269.50749 156013734.89201 110758070.55623 76496476.46483 149909766.52636 89652320.94544 145738924.62724 92321324.28532 x 81317965.81331 122555342.88954 x 160912995.47908 77557480.20039 57298093.1265 x 117073285.62561 174258798.00148 105134222.36953 171748123.72655 205850926.07969 131172019.32198 198942350.26085 112854523.01388 75400587.6744 165622054.02203 162691334.48951 67498166.75475 170728809.41311 x 148299548.74583 115547432.42813 68643664.10204 108478977.37721 50184608.94504 88547486.66956
119180306.98039 109435021.90002 152841812.80202 121098076.53527 154609406.09 23115858.14008 67915523.61344 128069684.79482 118956802.42703 72692335.25753 103338609.96921 x x 100591595.04207 55179706.52758 172156094.14825 147525401.34675 178881091.13138 88419865.1094 36948264.49855 120245990.58039 83138891.22606 150115455.56768 127001234.23705 140309248.86719 x x 55716043.89684 64515645.02967 89850380.54568 69329972.10227 143642637.55906 60331152.58673 61481589.84809 121409560.00054 35551608.16643 157436179.86421 40631303.92538 67299755.33092 89318795.00342 102033528.84693 57524809.6664 137548605.90829 78882647.04534 x x x 140313863.74769 129724641.0891 69240241.49441
39511728.02278 45551129.39325 90531769.50142 90445898.53741 x 122607652.33636 56856320.82834 152026563.67797 19803082.28722 67265479.30737 20634315.79945 151062620.09428 100591595.04207 x x 92489522.95473 95289576.57732 172203135.21565 14769196.46438 82992067.94795 29976072.3968 59113089.13011 58229783.3505 97298063.2434 75908800.26573 128541527.20058 45291044.16886 80812266.88442 101727629.17959 84656448.04531 37916521.75029 44011378.87634 156200300.52196 86958928.15268 x 67721102.77978 57558741.19706 x 149644075.73635 32368188.38251 14383112.18729 131912980.94867 x 44127912.7958 54362985.74903 47072683.41804 85012830.30964 88295337.44735 125975318.92464 63516096.49228
75902397.3326 57364747.22691 104788221.17629 102956479.03458 132645348.69696 76011890.66589 47138070.14131 122393234.33946 67062086.6559 38225883.1498 48167519.89636 117377269.50749 55179706.52758 x x 119677464.85902 102792020.82189 157642979.98744 x 36495665.42832 x x 95098106.49173 90268002.14992 90851281.80358 82890601.16981 43756588.72197 40214863.63166 61761203.32977 81564925.48265 14775766.8315 89030220.57381 108701419.16974 67115339.30432 89034118.11117 29601983.53432 105087904.75833 92816053.12071 x 49208731.06399 52950008.00315 85879623.02795 x 28698333.48418 85915205.93576 2797117.60047 48920031.66384 95148899.948 107103865.01574 32888210.91034
119780580.81194 x 31873154.93531 178742267.9457 117848801.31944 189110364.82477 148339069.43817 147690365.99077 90430421.77124 104349098.68513 76321992.45813 156013734.89201 172156094.14825 92489522.95473 119677464.85902 x 46169125.04391 x 106339456.00017 139916468.16511 62524941.53182 x 38817650.8119 74706096.22593 x 171623641.82001 137290043.21543 125474514.91658 x 177069958.31633 104923308.80039 x 212940659.56945 177591306.19636 148116942.06868 148587056.65924 86048208.62469 x 194574393.16967 124689520.78936 104228649.54189 176063120.40786 68058755.47606 93288302.54982 38158655.46157 117360255.90981 119910770.2911 47536102.49094 108777486.50656 x
131899851.82658 50813034.04198 14404879.69952 185631687.3472 72843695.08081 160513292.78008 142650200.84865 101733806.35721 102623487.18317 x 74791521.99663 110758070.55623 147525401.34675 95289576.57732 102792020.82189 46169125.04391 x 89585304.18115 x 111650317.03353 69954152.08231 64809954.81466 65691976.03913 29958970.47873 21809398.02037 x x 94265328.26636 99413683.02109 175676742.44355 89648656.51333 88700449.26172 178631575.39578 168451647.87672 158752670.82042 132142446.75381 114404184.74541 172506257.90435 156826987.10223 x 109505530.15278 139088468.22228 x 74119572.70848 55084652.21296 100051087.37629 85772225.78956 7665750.93465 62664034.96811 78311329.77023
211564354.89892 127912287.5328 102922838.34184 257259218.46946 25069835.94547 180612208.36069 204553817.52702 60793256.67242 184788007.56632 119486661.69516 152347017.00374 76496476.46483 178881091.13138 172203135.21565 157642979.98744 x 89585304.18115 x 177578556.91115 144176918.10921 x 119095059.16531 155086943.82585 75171188.66423 110476989.62344 136526764.84427 199129629.0257 126413016.80532 x 239121893.72149 150232533.45966 176695727.8888 180131990.43062 222703699.28106 235442854.35784 181091186.89896 202784427.36538 184822936.84507 150901588.95105 197354755.94112 186329726.39598 140076157.76388 175716745.14896 134932279.70751 143732642.41842 155034174.51305 114615489.90676 x 50820922.51428 124813120.98544
38811539.83618 54585326.32808 102006258.46201 80978386.79528 153535371.15073 110944939.9706 42287864.62291 152397330.36463 30612742.45217 65873227.70675 31365765.01032 149909766.52636 88419865.1094 14769196.46438 x 106339456.00017 x 177578556.91115 x 74927757.03285 43940692.57563 60363614.80155 72896249.56822 103709274.60446 87212014.73954 x 30963074.12765 75916718.06466 97472072.7772 71571685.80402 33053764.31439 58256207.2075 145700415.00829 72267097.97876 58154209.69683 54386322.6752 69045070.18911 128317201.23047 141399316.03743 20657464.61791 14502732.31729 124308366.02525 51995780.64755 44257317.10654 68386249.97193 38768649.12522 81988779.18254 98038754.65191 129570427.77296 61362337.71968
112141382.50132 78419984.66746 118032108.29777 131932586.34306 119474319.40306 49423446.1492 74140834.95964 98083193.22639 102765172.12972 36838564.57451 x 89652320.94544 36948264.49855 82992067.94795 36495665.42832 139916468.16511 111650317.03353 144176918.10921 74927757.03285 x x 48648604.81277 122873226.78173 90117923.52168 106404118.13931 46437532.13139 75184988.02037 18807089.97226 32611881.3083 105212455.34985 45635970.77293 121737493.86058 75732852.70319 82295263.0333 122914117.28115 41578610.61147 140116872.43306 63562191.81416 66690528.79422 84321491.71526 89417314.33495 49384435.44848 116138656.11392 48879674.57659 111644389.86219 36260846.15527 30310202.43967 104651347.40449 94106731.05546 34307845.24675
62248844.19955 27724690.63129 62881052.23837 118574873.59854 132075922.86521 140482064.89999 86159625.50744 143608713.9602 32680900.21617 67993913.81832 16917459.7559 145738924.62724 120245990.58039 29976072.3968 x 62524941.53182 69954152.08231 x 43940692.57563 x x 55932384.38512 30441913.74335 78985174.97646 48932668.61381 136628822.07136 74897713.33108 86790037.68425 104849219.43261 114618268.4184 x 28969304.05629 170644069.17725 115861439.48961 89791173.91003 91191662.91298 53261509.24349 x 159165399.34751 62272993.25303 42410995.47964 140561183.41772 24991694.18278 46949193.24537 24453989.37435 63460393.56184 86923096.83829 63781296.55012 111999063.55727 66298770.5252
97728063.30779 32394639.95733 69748593.50181 138301965.12639 94448363.73718 x 86119849.79037 x 76669150.76209 13215155.15258 44162258.6594 92321324.28532 83138891.22606 59113089.13011 x x 64809954.81466 119095059.16531 60363614.80155 48648604.81277 55932384.38512 x 79041193.1582 49627148.39161 57762093.37497 82969985.82556 80069981.44489 x 49384350.32083 120686786.2491 31171617.98086 84882742.43122 121792176.97376 107752548.53123 118400889.60498 68642273.70027 108031500.47669 111860288.69382 x 79011607.17641 x 87188107.45573 80489159.73609 16186294.82891 66542637.88931 37855259.26131 31466120.17695 57416669.21385 69703624.7661 14344388.45658
81289968.91753 46706482.09363 53643700.00255 140613427.91186 136639305.01008 169778032.67158 115084656.53371 156788426.62615 x 92097328.35592 47172817.52427 x 150115455.56768 58229783.3505 95098106.49173 38817650.8119 65691976.03913 155086943.82585 72896249.56822 122873226.78173 30441913.74335 79041193.1582 x 85371596.10945 x 161911010.78758 103459096.04961 112442969.80293 128240827.53978 141253588.00457 80789346.99085 26299695.17583 198504827.09304 145162472.31906 109600573.39809 121628375.50972 x 185650211.99202 184837908.73555 89195703.41057 68022040.57087 166064644.3988 x 74009484.96479 x 93320009.03087 110432171.70714 62232861.19383 120931392.78791 91584445.13662
136512022.14148 52747676.58671 43163751.29875 184394928.8471 53104173.99379 137135809.01342 135032928.48869 73417423.53975 109648954.64481 55563088.01034 x 81317965.81331 127001234.23705 97298063.2434 90268002.14992 74706096.22593 29958970.47873 75171188.66423 103709274.60446 90117923.52168 78985174.97646 49627148.39161 85371596.10945 x 42406540.47484 106795240.48335 x 71576671.93031 72486675.35245 169406367.51499 79801174.42201 103814630.71971 151761224.12852 157378728.33554 160981090.491 117808975.89796 129937083.76234 147581141.19306 128484287.10426 123999078.36765 x 111286020.66121 102075204.79183 63663984.1399 72668655.09613 87481414.80229 61371567.53145 27172140.39294 35696392.93368 60161021.78835
111163398.15095 34388658.67645 14817243.57846 166301487.54484 92092459.51264 155824466.64107 126617877.68581 115649502.70475 81569452.79232 70025504.93942 55950143.43682 122555342.88954 140309248.86719 75908800.26573 90851281.80358 x 21809398.02037 110476989.62344 87212014.73954 106404118.13931 48932668.61381 57762093.37497 x 42406540.47484 x 136159934.5341 116817876.46654 90931457.31463 100683858.8039 158525132.99424 76628185.80525 66937887.46253 178042671.58896 153952192.12475 138474551.40952 120434395.46772 92743373.43678 169380480.44871 159066150.03193 107512702.28989 89815219.21522 140615125.14563 66863312.60041 62641507.80252 33419939.95968 88267522.57104 84685349.06598 17542186.3289 78004925.29677 72096723.84424
158561077.18387 115358134.37491 144611867.19626 174122944.53227 114927003.49128 47977741.48063 117200584.71159 78590099.43525 148338678.29577 69829248.32694 121743526.74531 x x 128541527.20058 82890601.16981 171623641.82001 x 136526764.84427 x 46437532.13139 136628822.07136 82969985.82556 161911010.78758 106795240.48335 136159934.5341 x 120080984.01308 49844182.00566 35514810.11881 144719428.38374 90667271.66139 164757434.60352 45767437.75209 117876446.4736 168243977.44688 82655387.67629 184886008.11662 48492490.8007 23068282.49546 130445993.45632 135717238.9039 4510389.28565 159543365.76122 89743903.60686 x 82495466.81022 52085624.34019 129004024.77822 93963281.1686 70547180.04008
x 83064953.39003 131629365.33813 59252360.35754 174373705.29724 97686947.89646 11953907.47653 166149126.09422 55922766.34525 80987992.72848 61718123.2759 160912995.47908 x 45291044.16886 43756588.72197 137290043.21543 x 199129629.0257 30963074.12765 75184988.02037 74897713.33108 80069981.44489 103459096.04961 x 116817876.46654 120080984.01308 x 83410038.96664 104517129.90194 42029206.30907 48903448.98554 86412813.42549 134889275.2882 42219130.43121 x 39534113.29891 91436938.19653 115103369.01226 136997893.87806 17215943.53091 37254775.65148 122200208.0089 80293045.4681 64562555.93537 99347204.41272 45877274.56583 92646561.05621 126148090.78397 149235978.49156 75732505.58953
114588116.90069 66250768.27651 101626212.00317 142129444.6163 101532331.6169 66271955.81654 84816034.69817 83852244.68414 100392882.56336 x 72130402.52699 77557480.20039 55716043.89684 80812266.88442 40214863.63166 125474514.91658 94265328.26636 126413016.80532 75916718.06466 18807089.97226 86790037.68425 x 112442969.80293 71576671.93031 90931457.31463 49844182.00566 83410038.96664 x x 117883384.55504 43261173.06763 115032992.23867 87564650.29278 97512383.92721 129232041.4136 55774038.28561 135843539.64463 78644014.24974 72528863.78844 89258551.23784 89887498.4363 53829446.99004 109926799.14037 39964113.20389 100334025.24422 38684552.84517 11822150.97276 87521833.49312 75958044.99186 20858582.39075
136200203.02848 81537997.54431 109148144.38349 162783708.35003 90479312.40196 x 105126636.9335 65512577.95046 121092285.47023 36855394.98831 91359651.14523 57298093.1265 64515645.02967 101727629.17959 61761203.32977 x 99413683.02109 x 97472072.7772 32611881.3083 104849219.43261 49384350.32083 128240827.53978 72486675.35245 100683858.8039 35514810.11881 104517129.90194 x x 137290504.95836 64620503.18847 133617575.5467 79371313.46976 114906958.31954 150792140.84873 73942357.09227 155561109.29896 75874438.22766 58384928.83001 110895016.25152 111319284.91029 39996880.75678 128855866.17315 59183786.26701 115496940.59498 60321701.30384 17953513.60365 x 66291985.43589 39046638.32519
67389511.47313 125010236.97169 173341878.8391 32743830.08024 214162655.38859 110002294.42976 34597554.10357 x x 119790595.02291 102910693.33443 x 89850380.54568 84656448.04531 81564925.48265 177069958.31633 175676742.44355 239121893.72149 71571685.80402 105212455.34985 114618268.4184 120686786.2491 141253588.00457 169406367.51499 158525132.99424 144719428.38374 42029206.30907 117883384.55504 137290504.95836 x x 120678198.47939 147117926.63237 29693781.07542 48908097.82913 63695684.86134 x 125560153.76877 157107747.28487 52381928.93991 73246509.62899 145742209.91559 115057106.35687 105758495.76091 138911588.11002 84124020.71958 128515023.23531 168169711.15392 188663271.83291 114452987.16378
71863911.54839 42791504.74273 90792499.57884 107410806.17078 x 89360075.36593 55243357.43816 120215806.3075 57691320.18282 33529892.75518 34345752.34914 117073285.62561 69329972.10227 37916521.75029 14775766.8315 104923308.80039 89648656.51333 150232533.45966 33053764.31439 45635970.77293 x 31171617.98086 80789346.99085 79801174.42201 76628185.80525 90667271.66139 48903448.98554 43261173.06763 64620503.18847 x x 76483542.7306 120466196.80074 78922701.13142 89296438.38096 43957092.41161 94535444.95236 x 112016813.03334 x 46700419.95615 94100837.5734 x 16194671.88084 x 12640255.20712 48938796.36562 81982959.87791 100510853.49479 28681289.88211
56978329.32182 55764424.79596 78068475.17011 116589891.85882 156594469.18977 165026347.98912 98359991.17864 171492891.02013 31019858.61423 96785928.57774 43074759.28339 174258798.00148 143642637.55906 44011378.87634 89030220.57381 x 88700449.26172 176695727.8888 58256207.2075 121737493.86058 28969304.05629 84882742.43122 26299695.17583 103814630.71971 66937887.46253 164757434.60352 86412813.42549 115032992.23867 133617575.5467 120678198.47939 76483542.7306 x 196948851.07223 128621887.68838 84947658.7041 111632885.0856 26157794.10955 181823333.20727 187043652.3627 70373702.36853 49210539.54998 168581679.53674 6262493.96926 75070290.67571 33693524.32137 87923426.32098 x 84041432.44928 138290203.83915 94834405.70712
178847080.09744 153288867.36632 x 179386229.90692 159637644.81977 37685088.40708 128171445.78034 120262714.25916 x 108731054.04571 154376074.58382 105134222.36953 60331152.58673 156200300.52196 108701419.16974 212940659.56945 178631575.39578 180131990.43062 145700415.00829 75732852.70319 170644069.17725 121792176.97376 198504827.09304 151761224.12852 178042671.58896 45767437.75209 134889275.2882 87564650.29278 79371313.46976 147117926.63237 120466196.80074 196948851.07223 x 117546433.12639 181683766.32205 95499448.39193 213756645.58175 21688078.99627 29863715.79813 149063615.00485 159907154.18018 41508833.267 191185210.46675 124503811.52246 x 109406469.9412 93516968.49843 172624377.88023 x 107900863.77452
83067689.85302 119566765.88633 x 62347703.71918 x x 30297693.09468 180332945.24421 97999617.35315 103867880.43748 101280901.29584 171748123.72655 61481589.84809 86958928.15268 67115339.30432 177591306.19636 168451647.87672 222703699.28106 72267097.97876 82295263.0333 115861439.48961 107752548.53123 145162472.31906 157378728.33554 153952192.12475 117876446.4736 42219130.43121 97512383.92721 114906958.31954 29693781.07542 78922701.13142 128621887.68838 117546433.12639 x 72545948.20713 41787235.47713 132214253.28769 95945114.06631 128700052.08736 58643921.29158 79429905.60939 118484815.46915 122510600.84523 94887027.56607 x 69905887.29955 108945506.53665 160789947.60629 171882824.67008 98665018.33303
x 109593594.75372 152649138.96161 32139706.50371 211580070.22715 144089312.68811 53512469.9386 209507729.24344 58052563.27714 122821747.73565 x 205850926.07969 121409560.00054 x 89034118.11117 148116942.06868 158752670.82042 235442854.35784 58154209.69683 122914117.28115 89791173.91003 118400889.60498 109600573.39809 160981090.491 138474551.40952 168243977.44688 x 129232041.4136 150792140.84873 48908097.82913 89296438.38096 84947658.7041 181683766.32205 72545948.20713 x 87267805.689 75345650.65928 161190241.14552 185145420.50889 40240999.14284 49664116.63075 170410280.82051 80598968.54474 102230747.06761 111428743.85173 x 137221518.07443 151976102.31203 187724114.97179 117947700.16863
83628924.27413 x 134388943.24789 91595049.50612 156041658.83189 x 34672126.06342 139043402.93755 84955517.69701 63015997.48668 74552269.14037 131172019.32198 35551608.16643 67721102.77978 29601983.53432 148587056.65924 132142446.75381 181091186.89896 54386322.6752 41578610.61147 91191662.91298 68642273.70027 121628375.50972 117808975.89796 120434395.46772 82655387.67629 39534113.29891 55774038.28561 73942357.09227 63695684.86134 43957092.41161 111632885.0856 95499448.39193 41787235.47713 87267805.689 x 123247942.80536 76182883.80851 98066958.8806 53767831.87169 x 84286346.68241 105407036.39225 58209022.78793 113610774.9772 32247241.3631 x 124523213.02392 130284697.78659 57988659.1763
51099825.89883 80865366.82964 x 107375860.69294 182750594.69856 179814026.51956 103051076.82634 196815467.96781 38483479.27193 119108496.91852 64261066.14873 198942350.26085 157436179.86421 57558741.19706 105087904.75833 86048208.62469 114404184.74541 202784427.36538 69045070.18911 140116872.43306 53261509.24349 108031500.47669 x 129937083.76234 92743373.43678 184886008.11662 91436938.19653 135843539.64463 155561109.29896 x 94535444.95236 26157794.10955 213756645.58175 132214253.28769 75345650.65928 123247942.80536 x 197087268.94414 206528756.35537 74241534.7944 56098896.75127 188464580.04392 28377153.62144 96383057.09333 59332214.90529 104547751.4782 137927437.44192 109999124.19907 164246443.3948 116514494.80207
159811587.00266 141942436.42655 180267754.68405 157924172.47213 162693988.98722 17531484.53806 107740232.0299 x 158637719.63191 99355547.92491 140069958.13848 112854523.01388 40631303.92538 x 92816053.12071 x 172506257.90435 184822936.84507 128317201.23047 63562191.81416 x 111860288.69382 185650211.99202 147581141.19306 169380480.44871 48492490.8007 115103369.01226 78644014.24974 75874438.22766 125560153.76877 x 181823333.20727 21688078.99627 95945114.06631 161190241.14552 76182883.80851 197087268.94414 x x 129949977.6965 142209248.69264 45396495.38832 175876509.10412 112024340.48459 174852035.83174 93913889.51239 86806322.3969 165970952.58787 140496944.79363 97557937.99124
177710519.36929 138347390.07255 167221478.15147 187969394.22503 131134707.25487 50290257.83341 132637709.80155 x 169432527.83302 92806543.55155 143972764.15211 75400587.6744 67299755.33092 149644075.73635 x 194574393.16967 156826987.10223 150901588.95105 141399316.03743 66690528.79422 159165399.34751 x 184837908.73555 128484287.10426 159066150.03193 23068282.49546 136997893.87806 72528863.78844 58384928.83001 157107747.28487 112016813.03334 187043652.3627 29863715.79813 128700052.08736 185145420.50889 98066958.8806 206528756.35537 x x 148821932.04552 155901819.67426 x x 112218909.17329 172504732.1545 102912457.11246 75153446.91863 151466801.81941 112382382.51654 93340886.92298
29862021.3209 75224625.06767 x 60441511.73212 173069545.66718 112430401.90586 28857177.44977 169332973.37687 39482675.03661 x 51563070.48764 165622054.02203 89318795.00342 32368188.38251 49208731.06399 124689520.78936 x 197354755.94112 20657464.61791 84321491.71526 62272993.25303 79011607.17641 89195703.41057 123999078.36765 107512702.28989 130445993.45632 17215943.53091 89258551.23784 110895016.25152 52381928.93991 x 70373702.36853 149063615.00485 58643921.29158 40240999.14284 53767831.87169 74241534.7944 129949977.6965 148821932.04552 x 21366064.20356 132980592.31792 64390442.37491 62844706.70232 86530881.39951 50576104.59163 x 118668030.25029 148675127.66862 77772464.27481
26078712.9056 59934061.46945 104320843.29978 76514044.9062 162815761.38563 124767009.10571 49208601.25998 x 18766559.99773 x 35001208.42691 162691334.48951 102033528.84693 14383112.18729 52950008.00315 104228649.54189 109505530.15278 186329726.39598 14502732.31729 89417314.33495 42410995.47964 x 68022040.57087 x 89815219.21522 135717238.9039 37254775.65148 89887498.4363 111319284.91029 73246509.62899 46700419.95615 49210539.54998 159907154.18018 79429905.60939 49664116.63075 x 56098896.75127 142209248.69264 155901819.67426 21366064.20356 x 138792901.51631 43147145.06471 55982156.18495 66155158.61955 53221806.59604 95389474.19195 102574874.40125 139616130.26258 74324503.29086
161339466.85929 119561532.54776 149110793.21176 175527532.94839 118741086.09555 46298181.05665 118925801.56605 81627041.57783 151715970.41283 74021016.22381 125535330.60558 67498166.75475 57524809.6664 131912980.94867 85879623.02795 176063120.40786 139088468.22228 140076157.76388 124308366.02525 49384435.44848 140561183.41772 87188107.45573 166064644.3988 111286020.66121 140615125.14563 4510389.28565 122200208.0089 53829446.99004 39996880.75678 145742209.91559 94100837.5734 168581679.53674 41508833.267 118484815.46915 170410280.82051 84286346.68241 188464580.04392 45396495.38832 x 132980592.31792 138792901.51631 x 163316767.19109 93636669.15783 153718810.30852 x 56434324.39348 133511226.25291 98082348.72497 74605603.7972
52392702.74287 52497064.37866 78796056.05882 111956696.77486 155074589.22681 x 92233016.12148 168445481.73099 25240653.69539 92098174.56138 37806877.93102 170728809.41311 137548605.90829 x x 68058755.47606 x 175716745.14896 51995780.64755 116138656.11392 24991694.18278 80489159.73609 x 102075204.79183 66863312.60041 159543365.76122 80293045.4681 109926799.14037 128855866.17315 115057106.35687 x 6262493.96926 191185210.46675 122510600.84523 80598968.54474 105407036.39225 28377153.62144 175876509.10412 x 64390442.37491 43147145.06471 163316767.19109 x 70010499.77444 34352619.93612 82015798.96696 111028530.13115 83581694.61395 136045476.81758 89934231.58742
82016130.53021 30556694.75483 76293022.99647 122338150.46531 110415112.84201 96722803.61868 71373013.23906 108469573.87708 62652999.19843 23268536.44868 32273807.42734 x 78882647.04534 44127912.7958 28698333.48418 93288302.54982 74119572.70848 134932279.70751 44257317.10654 48879674.57659 46949193.24537 16186294.82891 74009484.96479 63663984.1399 62641507.80252 89743903.60686 64562555.93537 39964113.20389 59183786.26701 105758495.76091 16194671.88084 75070290.67571 124503811.52246 94887027.56607 102230747.06761 58209022.78793 96383057.09333 112024340.48459 112218909.17329 62844706.70232 55982156.18495 93636669.15783 70010499.77444 x 62839733.68061 25985614.80429 41685839.19156 66469194.12962 x 20145289.61378
x 34157373.00304 44493685.44717 141370887.07781 124537513.95173 159345838.13261 110564264.90539 143591958.24496 53378363.15147 79698494.0008 39433227.41419 148299548.74583 x 54362985.74903 85915205.93576 38158655.46157 55084652.21296 143732642.41842 68386249.97193 111644389.86219 24453989.37435 66542637.88931 x 72668655.09613 33419939.95968 x 99347204.41272 100334025.24422 115496940.59498 138911588.11002 x 33693524.32137 x x 111428743.85173 113610774.9772 59332214.90529 174852035.83174 172504732.1545 86530881.39951 66155158.61955 153718810.30852 34352619.93612 62839733.68061 x 83916825.91816 97782113.47664 50778154.70887 108075549.34913 79514736.99294
76686991.33165 54920303.81668 x 105122273.0591 130050813.14277 77267174.17157 49638651.86241 120312604.02417 66737893.92958 35688073.41162 46575069.91164 115547432.42813 x 47072683.41804 2797117.60047 117360255.90981 100051087.37629 155034174.51305 38768649.12522 36260846.15527 63460393.56184 37855259.26131 93320009.03087 87481414.80229 88267522.57104 82495466.81022 45877274.56583 38684552.84517 60321701.30384 84124020.71958 12640255.20712 87923426.32098 109406469.9412 69905887.29955 x 32247241.3631 104547751.4782 93913889.51239 102912457.11246 50576104.59163 53221806.59604 x 82015798.96696 25985614.80429 83916825.91816 x 46976653.87279 x x 30354178.22809
120792620.11069 63729081.16912 94254893.89436 151747652.07012 89718064.558 x 94949834.82575 73608206.50699 104092341.48462 18943039.93012 73672352.39908 68643664.10204 x 85012830.30964 48920031.66384 119910770.2911 85772225.78956 114615489.90676 81988779.18254 30310202.43967 86923096.83829 31466120.17695 110432171.70714 61371567.53145 84685349.06598 52085624.34019 92646561.05621 11822150.97276 17953513.60365 128515023.23531 48938796.36562 x 93516968.49843 108945506.53665 137221518.07443 x 137927437.44192 86806322.3969 75153446.91863 x 95389474.19195 56434324.39348 111028530.13115 41685839.19156 97782113.47664 46976653.87279 x 79414527.41088 64135897.19587 21605643.72531
125376752.01745 43457616.33782 16290333.60399 178512974.99773 74666037.83392 153687017.21144 x 100387022.28009 96353566.61372 67852792.48908 67722503.48 108478977.37721 140313863.74769 88295337.44735 95148899.948 47536102.49094 7665750.93465 x 98038754.65191 104651347.40449 63781296.55012 57416669.21385 62232861.19383 27172140.39294 17542186.3289 129004024.77822 126148090.78397 87521833.49312 x 168169711.15392 81982959.87791 84041432.44928 172624377.88023 160789947.60629 151976102.31203 124523213.02392 109999124.19907 165970952.58787 151466801.81941 118668030.25029 102574874.40125 133511226.25291 83581694.61395 66469194.12962 50778154.70887 x 79414527.41088 x 61885415.04197 x
165454296.55611 84548202.38848 76906087.04753 207905187.82559 25758360.73844 133917115.17269 154159900.58049 39281377.76024 140715694.34514 68881835.98502 107291870.12627 50184608.94504 129724641.0891 125975318.92464 107103865.01574 108777486.50656 62664034.96811 50820922.51428 129570427.77296 94106731.05546 111999063.55727 69703624.7661 120931392.78791 35696392.93368 78004925.29677 93963281.1686 149235978.49156 75958044.99186 66291985.43589 188663271.83291 100510853.49479 138290203.83915 x 171882824.67008 187724114.97179 130284697.78659 164246443.3948 140496944.79363 112382382.51654 148675127.66862 139616130.26258 98082348.72497 136045476.81758 x 108075549.34913 x 64135897.19587 61885415.04197 x 74218998.12931
100017071.10133 45494933.08669 83903615.64093 134905378.03777 99791860.74947 83728094.29153 79992642.48078 91563632.28646 82499282.87777 5337699.7045 52329898.59095 88547486.66956 69240241.49441 63516096.49228 32888210.91034 x 78311329.77023 124813120.98544 61362337.71968 34307845.24675 66298770.5252 14344388.45658 91584445.13662 60161021.78835 72096723.84424 70547180.04008 75732505.58953 20858582.39075 39046638.32519 114452987.16378 28681289.88211 94834405.70712 107900863.77452 98665018.33303 117947700.16863 57988659.1763 116514494.80207 97557937.99124 93340886.92298 77772464.27481 74324503.29086 74605603.7972 89934231.58742 20145289.61378 79514736.99294 30354178.22809 21605643.72531 x 74218998.12931 x
