50
25
0 1 2 3 4 5 6 7 8 9 10 11 12 13 14 15 16 17 18 19 20 21 22 23 24 25 26 27 28 29 30 31 32 33 34 35 36 37 38 39 40 41 42 43 44 45 46 47 48 49
28 23 40 38 20 22 12 26 14 32 2 21 17 6 7 19 46 27 49 8 47 44 45 11 24
45
x 11092875.6387 6326465.41752 7188809.53233 10915470.893 2907043.33115 14414099.20151 10071287.33493 6052061.4017 11258780.52315 7731394.49758 8792676.99971 3439368.50012 4710717.74342 4829424.34252 5691922.0008 2142929.8316 8820410.49488 5660005.23498 10174376.44734 5235552.33894 1224809.8383 418432.53377 11070805.28424 7212383.5666 2901205.12322 7973838.84441 4107899.16821 12646233.17232 8108511.8455 7977215.54217 5033089.38807 9835210.60988 10341964.61389 7607994.0243 7078486.55345 8800534.78729 6957763.6548 6612315.35202 7940093.74097 8229553.47453 10066291.14155 1194215.31405 3370684.55911 9543883.38063 10534625.15041 11878165.12053 10229866.04934 5388060.84912 10022386.54318
11092875.6387 x 9007531.18661 6450801.43529 15237060.8905 8268829.32553 6335619.06289 8142159.91162 13531910.82617 6955700.2203 4054288.34105 4429667.67342 7772213.36538 6628421.68076 15792411.35124 11399704.21077 12681736.57006 7929050.20188 6709859.12427 9057213.9426 14338066.6362 10249812.58461 11110657.21661 7184637.12009 5766708.90812 11937991.51406 10247459.51119 15056910.73481 6669554.63722 11724229.65395 11383463.15846 7288643.398 1698648.16363 9826653.90334 4478070.60749 13948532.78352 6242926.79855 5688306.15673 5305160.16912 9581953.94454 13005485.01904 10529916.1432 9969355.02958 11457865.58421 5791721.19553 1218293.72759 1578891.41213 4424956.98791 6103925.76269 11811707.60659
6326465.41752 9007531.18661 x 2589710.09352 16366703.19939 5793895.66148 14585430.76828 12722226.91478 12069456.25189 12965858.07263 5010580.1601 4814131.1737 4400382.3684 6354179.08849 9166531.36733 11009146.31014 6316577.5003 2762381.64323 2724736.31895 13255245.2774 11538195.36325 6618155.25244 5997924.58149 5314522.14123 8896118.94173 9026668.31249 12210800.22029 8538589.42957 13746597.29948 12981178.42385 12736292.49851 2581229.08377 7315132.86592 13746812.7428 4549400.30494 13011294.79219 3592459.07894 3336898.29424 3920677.15919 11856593.67611 13582787.3552 13878837.11246 5399554.72635 9216270.30768 4449353.9465 9187119.32022 10417936.58561 10830378.05583 6798036.54354 14416741.51565
7188809.53233 6450801.43529 2589710.09352 x 15867084.33861 5540344.54008 12239208.3749 11129722.58131 12172568.734 11054761.16781 2565342.61954 2243263.19323 4158643.96247 5314016.22298 10964777.90123 10697243.3401 7878255.59075 2305528.86544 1613858.18673 11785705.70666 12058096.90945 7027971.92742 6975696.40853 3942204.65887 7310373.2029 9418308.33355 11275258.43789 10274338.10783 11633939.52236 12296148.70235 12009108.62172 2165624.8552 4752776.63454 12372359.28501 2077136.78494 12995853.85596 1615151.57776 981140.05782 1813722.08044 10809190.05485 13130565.28745 12659621.64355 6041165.6566 9381665.76154 2371882.225 6724487.10875 7902349.27629 8721662.28808 5519389.78753 13423384.76555
10915470.893 15237060.8905 16366703.19939 15867084.33861 x 10585151.01537 13564823.27999 7680172.54441 5171775.67782 9616368.90037 14598113.75404 16163039.95028 12011557.07057 10581196.0505 13251367.27807 5376784.17217 12592308.04305 18103800.34783 14357083.7605 6805212.30874 6948516.51076 10061832.12473 11333839.84889 19542393.64166 9618910.39157 8103829.39733 5009545.51529 12919781.5471 11138588.62827 3646158.77183 3970095.58965 14066825.71039 15180697.87859 6095904.64467 14855069.78703 4143482.1121 17258281.91806 15088953.57663 14296679.95133 5661555.62331 2784096.41915 5172533.90685 11310156.02868 7544786.81085 17650797.86416 14059100.73191 14788901.24515 11238901.59475 10527255.01299 3708809.0979
2907043.33115 8268829.32553 5793895.66148 5540344.54008 10585151.01537 x 11597536.32064 7799934.58634 6633028.71754 8695827.45975 5270605.52096 6583020.4901 1438011.44743 1810388.99881 7731759.71165 5260603.64567 4835418.32775 7635440.09023 3936471.04976 8098892.2009 6671989.61144 1983722.69173 3029885.14971 9451550.41714 4485092.06118 4037318.5573 6532679.11465 7005710.02058 9963590.04121 7195826.88579 6960781.18663 3531673.86942 7128982.79789 8435873.77874 5272897.03071 7463291.78918 7095775.80893 4976783.79388 4380301.68325 6271251.95063 7803940.64372 8387387.55407 1974263.20971 3873147.24045 7690352.95634 7650059.78326 8985586.52542 7406655.78129 2498977.03639 8735649.88684
14414099.20151 6335619.06289 14585430.76828 12239208.3749 13564823.27999 11597536.32064 x 6073076.6362 14158333.46682 4074809.54408 9673911.79375 10552352.33598 11858892.26024 9817937.48584 19201885.18633 11960656.3587 16431463.67141 14062533.07707 11939154.33095 6830373.44558 15649122.4193 13266044.26946 14602323.644 13520076.15002 7220876.19351 13960074.22118 9482993.21886 18499121.92251 2440776.10913 10930867.85236 10640400.88507 12334608.57381 7824056.94103 7483847.54228 10163018.67109 14102582.4513 12403368.95483 11319098.82506 10664958.67388 8879813.72547 12318233.94964 8417549.47686 13570878.39079 13227216.37244 12059217.53997 5604859.66503 4776434.8527 4191067.94078 9119925.0845 9874201.18617
10071287.33493 8142159.91162 12722226.91478 11129722.58131 7680172.54441 7799934.58634 6073076.6362 x 8267271.92335 2001487.74751 8998458.49655 10470135.20895 8720371.80267 6483742.63916 14485930.88625 6175530.91021 12214041.91801 13398283.84762 10073654.19768 933687.65048 9935285.68021 8846602.77332 10377760.7884 13996036.61482 3843861.39214 8734382.60584 3451275.04908 13853955.05554 3647926.47034 4860766.11258 4577209.99312 10143435.62133 8603383.5937 1712944.55013 9415101.16445 8095576.89052 12057527.96065 10165371.18153 9317381.45838 2908873.59371 6245396.94677 2545469.34595 9601447.84096 7929197.31684 12137336.02996 6924077.03516 7362995.58529 3776417.41894 5945222.36133 3985439.45927
6052061.4017 13531910.82617 12069456.25189 12172568.734 5171775.67782 6633028.71754 14158333.46682 8267271.92335 x 10159546.46978 11602958.16261 13060353.99779 8029582.33832 7393856.06171 8120826.08391 2238727.44183 7506699.52829 14216497.84517 10564832.84408 7795214.009 1965619.44196 5460185.00946 6462758.18668 16080613.60137 7895364.28735 3150880.40823 4864867.53466 7758174.47219 11827025.72696 3826674.30997 3963653.77279 10115702.25748 12915326.97554 7484763.81465 11715721.51645 1057209.36382 13725125.74058 11585790.37186 10923696.65392 5358398.34096 3003540.76657 6741028.12341 6709343.86937 2854689.08249 14293060.18173 12537418.67981 13629699.63405 10604866.74616 7664068.67068 5871114.922
11258780.52315 6955700.2203 12965858.07263 11054761.16781 9616368.90037 8695827.45975 4074809.54408 2001487.74751 10159546.46978 x 8680839.95759 10009286.20021 9359868.84166 7114842.1333 15876621.57234 8003662.28416 13377079.39149 13225290.00516 10246442.15429 2813412.5413 11743797.98327 10047035.83863 11518907.8602 13451920.04087 4269165.02229 10303407.6117 5416200.45293 15210807.70925 1670709.06746 6856070.61553 6566294.03773 10444689.0163 7762743.80056 3531370.15732 9143932.95599 10050314.11884 11740258.67477 10073628.10378 9263734.71234 4829797.73576 8244252.27597 4444437.19301 10618829.03994 9524467.16177 11678156.2862 5776760.7247 5903935.88571 2595093.27577 6470106.5286 5907601.27468
7731394.49758 4054288.34105 5010580.1601 2565342.61954 14598113.75404 5270605.52096 9673911.79375 8998458.49655 11602958.16261 8680839.95759 x 1569340.00519 4294095.82865 4221398.24494 12156097.11882 9791517.841 9002034.40863 4559895.65973 2676141.48243 9743031.11422 11906319.56986 7162433.44405 7650283.83079 5066967.95397 5334760.30699 9294934.04986 9733643.48147 11428541.46115 9136457.31944 10954467.58115 10637832.82442 3292173.84769 2414618.10567 10397583.62598 490885.88872 12275619.43924 3073548.65726 1675566.67559 1283204.26468 9179775.1014 11981929.38874 10813386.4901 6541888.82552 9037093.45012 3169720.43362 4181961.69709 5411112.38242 6248308.79606 4098776.06622 11760063.15482
8792676.99971 4429667.67342 4814131.1737 2243263.19323 16163039.95028 6583020.4901 10552352.33598 10470135.20895 13060353.99779 10009286.20021 1569340.00519 x 5430576.77944 5723545.78091 12943065.03312 11307745.91495 9804077.25003 3520967.92404 3238601.28552 11241992.70828 13254816.80693 8374993.18826 8653331.42888 3532876.66596 6875933.63958 10618377.60933 11302671.03131 12232013.63281 10302927.98946 12520612.16884 12204986.06462 3912866.11694 2765584.38834 11913104.24974 1346895.90552 13766939.46096 1851019.58754 1899223.08205 2216772.5547 10746457.42169 13535479.19604 12354662.38769 7600835.65699 10423703.42549 1674591.79151 4947526.33147 5966930.12059 7490613.59792 5650150.43609 13321986.62923
3439368.50012 7772213.36538 4400382.3684 4158643.96247 12011557.07057 1438011.44743 11858892.26024 8720371.80267 8029582.33832 9359868.84166 4294095.82865 5430576.77944 x 2257725.77404 8021380.81038 6697914.02888 4915691.29133 6205268.17145 2544936.74888 9127701.14212 7926071.8067 2951046.39189 3382932.95006 8094198.26282 5092779.08818 5279240.94128 7829933.07899 7286076.94092 10467184.77933 8583768.82662 8336350.94402 2097876.76396 6427815.17876 9539669.02479 4192741.72065 8883440.70502 5743980.08387 3691461.80914 3218895.10855 7509313.21138 9232991.94797 9581125.23926 2255699.69746 5223785.11248 6387643.15855 7349502.91657 8709832.14532 7720839.14992 2890836.77547 10038109.95862
4710717.74342 6628421.68076 6354179.08849 5314016.22298 10581196.0505 1810388.99881 9817937.48584 6483742.63916 7393856.06171 7114842.1333 4221398.24494 5723545.78091 2257725.77404 x 9539073.40775 5584629.33865 6632869.82628 7594102.249 3902085.01803 6936841.16953 7849952.04611 3700178.00959 4839915.80256 8978593.41551 2845889.31671 5342154.49009 5983003.49237 8814391.28924 8277893.03695 6986695.55808 6696329.09333 3793295.85011 5667715.56679 7398633.96998 4378954.32926 8054399.29195 6677844.02564 4507976.77434 3722156.83041 5558622.8581 7879952.32873 7531884.68729 3765246.79765 4946457.31356 7104284.08284 5916378.5797 7231879.3474 5632346.75561 698031.74593 8159957.27349
4829424.34252 15792411.35124 9166531.36733 10964777.90123 13251367.27807 7731759.71165 19201885.18633 14485930.88625 8120826.08391 15876621.57234 12156097.11882 12943065.03312 8021380.81038 9539073.40775 x 9010090.9424 3154974.57494 11928760.90651 9706083.95007 14424884.28631 6315473.9615 5936945.73003 4721954.82434 14459845.57445 11982057.79029 5890430.56507 11825388.13119 735573.78069 17342389.78019 11453285.6539 11440829.79736 9031489.32965 14422410.61799 14438082.55358 11935178.71789 9114181.08194 12461078.05692 11043842.25018 10924424.13766 11984499.85475 11035438.33314 13970110.78657 5851075.95681 6702863.29319 13296385.93504 15311650.90804 16664336.07044 15030685.99239 10217469.18409 13547857.75209
5691922.0008 11399704.21077 11009146.31014 10697243.3401 5376784.17217 5260603.64567 11960656.3587 6175530.91021 2238727.44183 8003662.28416 9791517.841 11307745.91495 6697914.02888 5584629.33865 9010090.9424 x 7585396.23257 12869987.17151 9132805.21771 5814540.63543 3759832.61684 4729130.98591 6104079.57432 14510879.69978 5699167.43555 3176901.18526 2940945.4592 8499965.33142 9661966.85709 2486368.69457 2435933.88035 8782899.7046 10891624.71304 5632956.51457 9963580.1408 2556597.16286 12175116.31293 10001252.94351 9266737.58687 3300802.4506 2602703.74811 5031097.01695 5958393.1907 2426315.67123 12661969.74511 10369835.81771 11428321.1723 8366182.36109 5729841.80991 4547423.13653
2142929.8316 12681736.57006 6316577.5003 7878255.59075 12592308.04305 4835418.32775 16431463.67141 12214041.91801 7506699.52829 13377079.39149 9002034.40863 9804077.25003 4915691.29133 6632869.82628 3154974.57494 7585396.23257 x 9044283.25609 6565477.39226 12311975.32291 6222276.52539 3367445.21497 1858406.68178 11509619.5907 9272781.69659 4504688.62564 10044544.53593 2432229.8334 14734984.52984 10055591.09958 9955021.2669 5891357.60404 11281539.72088 12464454.34354 8780733.07136 8563545.0253 9415222.94938 7905753.95043 7769696.46492 10046667.99689 10015772.32657 12158727.3519 2867684.56873 5168397.34047 10234002.4353 12253967.61996 13612645.91648 12240399.39043 7328247.85418 12035240.83796
8820410.49488 7929050.20188 2762381.64323 2305528.86544 18103800.34783 7635440.09023 14062533.07707 13398283.84762 14216497.84517 13225290.00516 4559895.65973 3520967.92404 6205268.17145 7594102.249 11928760.90651 12869987.17151 9044283.25609 x 3747499.96145 14072646.68407 13919833.26019 8890706.04908 8536111.83548 2580907.91717 9596492.70773 11320906.30769 13568766.33507 11297782.8074 13686846.29583 14559279.70883 14278273.43099 4107823.76735 6284542.895 14668858.43348 4085498.12715 15087216.13795 1686498.18128 3238770.96923 4091812.85282 13110400.35303 15349713.70668 14964524.60801 7769130.81863 11381250.98243 2303721.80809 8460580.69092 9481109.07325 10807614.12223 7822484.26353 15724023.22191
5660005.23498 6709859.12427 2724736.31895 1613858.18673 14357083.7605 3936471.04976 11939154.33095 10073654.19768 10564832.84408 10246442.15429 2676141.48243 3238601.28552 2544936.74888 3902085.01803 9706083.95007 9132805.21771 6565477.39226 3747499.96145 x 10653523.67795 10450344.04339 5428406.30254 5479922.41255 5553227.70787 6231557.90313 7808178.47884 9882425.42438 8993752.21932 11027024.67365 10824440.73734 10548780.53218 674596.18364 5090557.02703 11187243.10593 2329173.99883 11398477.47049 3210214.61959 1341035.30373 1404738.96473 9458452.07509 11602310.50743 11394912.85046 4488886.61117 7768416.47046 3899233.97814 6689933.36408 7988639.66218 8114289.91679 4228050.01795 12062002.22232
10174376.44734 9057213.9426 13255245.2774 11785705.70666 6805212.30874 8098892.2009 6830373.44558 933687.65048 7795214.009 2813412.5413 9743031.11422 11241992.70828 9127701.14212 6936841.16953 14424884.28631 5814540.63543 12311975.32291 14072646.68407 10653523.67795 x 9553371.69552 8957248.12865 10505254.13092 14774079.02567 4476288.76107 8587752.40162 2930882.2531 13819085.47425 4389612.33227 4200870.5354 3949776.19243 10674672.30182 9468066.28704 779370.13831 10143357.89307 7522577.5467 12781804.26556 10833936.05085 9981387.68157 2521577.22617 5551139.01977 1639030.19658 9808440.35742 7771933.04542 12900285.47501 7838934.19431 8296214.92081 4707649.39464 6457405.37117 3097669.86559
5235552.33894 14338066.6362 11538195.36325 12058096.90945 6948516.51076 6671989.61144 15649122.4193 9935285.68021 1965619.44196 11743797.98327 11906319.56986 13254816.80693 7926071.8067 7849952.04611 6315473.9615 3759832.61684 6222276.52539 13919833.26019 10450344.04339 9553371.69552 x 5041009.60141 5602906.53389 16000134.26681 8966669.40906 2647618.98177 6638384.32853 6034211.63125 13392484.8419 5747057.33828 5851621.1968 9913705.84574 13513452.74546 9311835.69028 11938881.29873 2843861.89213 13660300.13419 11609292.80039 11050614.44458 7053469.26921 4966206.76223 8617142.96109 6163816.60471 2903926.24789 14313158.99813 13444547.44816 14630774.70294 11876982.91435 8267457.12037 7818757.61883
1224809.8383 10249812.58461 6618155.25244 7027971.92742 10061832.12473 1983722.69173 13266044.26946 8846602.77332 5460185.00946 10047035.83863 7162433.44405 8374993.18826 2951046.39189 3700178.00959 5936945.73003 4729130.98591 3367445.21497 8890706.04908 5428406.30254 8957248.12865 5041009.60141 x 1551308.08532 10967436.84969 6048542.08616 2431940.99678 6822299.32881 5233521.41064 11452911.77847 7065322.06719 6908474.2959 4875288.10638 9104040.85447 9139407.55291 7111018.48989 6429071.95882 8636698.14972 6636247.20178 6159007.29475 6755056.0894 7318896.4017 8890714.96162 1262441.77673 2620351.51613 9315826.15612 9605222.49295 10929388.51098 9094051.02243 4345079.41821 8913962.41632
418432.53377 11110657.21661 5997924.58149 6975696.40853 11333839.84889 3029885.14971 14602323.644 10377760.7884 6462758.18668 11518907.8602 7650283.83079 8653331.42888 3382932.95006 4839915.80256 4721954.82434 6104079.57432 1858406.68178 8536111.83548 5479922.41255 10505254.13092 5602906.53389 1551308.08532 x 10827298.63741 7423939.74848 3312617.74718 8351567.51178 3990360.40217 12879744.12675 8512964.31958 8377294.39134 4836851.17581 9808260.4973 10690601.90446 7501650.47369 7491846.14518 8580942.44455 6796055.1748 6497084.39472 8301548.44027 8646186.4546 10433581.76514 1141336.06088 3789055.40693 9340960.90047 10594470.03725 11945008.71411 10412723.59477 5528299.8186 10414520.25186
11070805.28424 7184637.12009 5314522.14123 3942204.65887 19542393.64166 9451550.41714 13520076.15002 13996036.61482 16080613.60137 13451920.04087 5066967.95397 3532876.66596 8094198.26282 8978593.41551 14459845.57445 14510879.69978 11509619.5907 2580907.91717 5553227.70787 14774079.02567 16000134.26681 10967436.84969 10827298.63741 x 10399755.1685 13360413.0423 14760473.01505 13813475.25462 13599352.713 15917634.53243 15611525.05406 6094602.74347 5808833.75624 15445844.85017 4730032.1745 16875054.50227 2355795.70124 4512471.94071 5257153.32608 14225615.94734 16858301.19653 15879202.39798 9949930.45883 13311250.01876 1905694.56385 8033983.69203 8753128.59575 10888871.26268 9023514.58672 16817537.66483
7212383.5666 5766708.90812 8896118.94173 7310373.2029 9618910.39157 4485092.06118 7220876.19351 3843861.39214 7895364.28735 4269165.02229 5334760.30699 6875933.63958 5092779.08818 2845889.31671 11982057.79029 5699167.43555 9272781.69659 9596492.70773 6231557.90313 4476288.76107 8966669.40906 6048542.08616 7423939.74848 10399755.1685 x 6906964.14543 4615515.55629 11281943.14267 5478569.80423 6021812.26662 5683680.40882 6324698.63602 5562020.09801 5086508.19255 5707031.21198 8222454.76083 8331742.2073 6357735.42848 5505101.07125 3990561.3197 7258379.81901 5479533.24471 6445924.17131 6251130.9904 8504447.78401 4685373.75834 5734366.88445 3078924.3234 2207815.60576 6486405.42286
2901205.12322 11937991.51406 9026668.31249 9418308.33355 8103829.39733 4037318.5573 13960074.22118 8734382.60584 3150880.40823 10303407.6117 9294934.04986 10618377.60933 5279240.94128 5342154.49009 5890430.56507 3176901.18526 4504688.62564 11320906.30769 7808178.47884 8587752.40162 2647618.98177 2431940.99678 3312617.74718 13360413.0423 6906964.14543 x 5934957.56787 5344800.57177 11873273.729 5660969.83599 5608462.59756 7282576.85161 11000940.3849 8559918.21593 9310008.2308 4180422.26283 11017130.85191 8961731.25997 8409850.82505 6111817.14521 5513834.14357 8079951.69573 3628018.41673 817330.75957 11665773.91905 11126942.80918 12375962.97592 9954116.10658 5834304.85539 7719298.06582
7973838.84441 10247459.51119 12210800.22029 11275258.43789 5009545.51529 6532679.11465 9482993.21886 3451275.04908 4864867.53466 5416200.45293 9733643.48147 11302671.03131 7829933.07899 5983003.49237 11825388.13119 2940945.4592 10044544.53593 13568766.33507 9882425.42438 2930882.2531 6638384.32853 6822299.32881 8351567.51178 14760473.01505 4615515.55629 5934957.56787 x 11268892.54509 7082957.23682 1532525.19303 1203398.20424 9719800.31039 10176698.91386 2692163.09157 10033410.76024 4644306.60972 12546206.17828 10417809.91229 9587867.78029 678588.1708 2918074.96886 2146765.15911 7881321.92573 5124092.63093 12855618.82024 9084140.43227 9893158.80547 6440049.54156 5773639.83616 2208219.36009
4107899.16821 15056910.73481 8538589.42957 10274338.10783 12919781.5471 7005710.02058 18499121.92251 13853955.05554 7758174.47219 15210807.70925 11428541.46115 12232013.63281 7286076.94092 8814391.28924 735573.78069 8499965.33142 2432229.8334 11297782.8074 8993752.21932 13819085.47425 6034211.63125 5233521.41064 3990360.40217 13813475.25462 11281943.14267 5344800.57177 11268892.54509 x 16661738.52691 10964674.35823 10935737.90856 8319268.44674 13689335.87636 13856193.96764 11212214.55492 8776360.42981 11784769.971 10333025.29293 10200820.95584 11401478.37716 10617447.43531 13415627.9279 5117221.65831 6147295.43265 12615209.79806 14577386.75969 15930508.96423 14323125.83957 9495008.23882 13046832.03658
12646233.17232 6669554.63722 13746597.29948 11633939.52236 11138588.62827 9963590.04121 2440776.10913 3647926.47034 11827025.72696 1670709.06746 9136457.31944 10302927.98946 10467184.77933 8277893.03695 17342389.78019 9661966.85709 14734984.52984 13686846.29583 11027024.67365 4389612.33227 13392484.8419 11452911.77847 12879744.12675 13599352.713 5478569.80423 11873273.729 7082957.23682 16661738.52691 x 8508551.23323 8224314.90284 11310462.82853 7795272.77702 5048869.0016 9620888.16257 11720042.39063 12112035.7447 10663563.53255 9905408.78606 6500418.75397 9890874.83091 5981265.41721 11922666.80917 11108181.10086 11932128.36887 5613203.72725 5348656.70372 2921089.32456 7597818.12003 7440744.73389
8108511.8455 11724229.65395 12981178.42385 12296148.70235 3646158.77183 7195826.88579 10930867.85236 4860766.11258 3826674.30997 6856070.61553 10954467.58115 12520612.16884 8583768.82662 6986695.55808 11453285.6539 2486368.69457 10055591.09958 14559279.70883 10824440.73734 4200870.5354 5747057.33828 7065322.06719 8512964.31958 15917634.53243 6021812.26662 5660969.83599 1532525.19303 10964674.35823 8508551.23323 x 340838.51584 10584024.08147 11572166.89362 3755912.41657 11217766.69281 3365655.86064 13650593.40615 11489844.04605 10684803.95875 2208772.58145 1397593.23868 2942226.08641 8240327.85742 4910536.06197 14021348.40424 10575043.35831 11413257.6754 7972493.82127 6895011.81548 2107358.40414
7977215.54217 11383463.15846 12736292.49851 12009108.62172 3970095.58965 6960781.18663 10640400.88507 4577209.99312 3963653.77279 6566294.03773 10637832.82442 12204986.06462 8336350.94402 6696329.09333 11440829.79736 2435933.88035 9955021.2669 14278273.43099 10548780.53218 3949776.19243 5851621.1968 6908474.2959 8377294.39134 15611525.05406 5683680.40882 5608462.59756 1203398.20424 10935737.90856 8224314.90284 340838.51584 x 10320852.49789 11236133.48019 3547381.32644 10906121.31546 3579409.27196 13351495.22971 11194468.21617 10385203.17522 1876082.35863 1715144.03831 2777376.02145 8064377.74923 4838864.81217 13713440.34794 10234250.32623 11074685.87885 7640468.40661 6588011.16505 2111594.30298
5033089.38807 7288643.398 2581229.08377 2165624.8552 14066825.71039 3531673.86942 12334608.57381 10143435.62133 10115702.25748 10444689.0163 3292173.84769 3912866.11694 2097876.76396 3793295.85011 9031489.32965 8782899.7046 5891357.60404 4107823.76735 674596.18364 10674672.30182 9913705.84574 4875288.10638 4836851.17581 6094602.74347 6324698.63602 7282576.85161 9719800.31039 8319268.44674 11310462.82853 10584024.08147 10320852.49789 x 5698286.76849 11172301.1915 2975533.4267 10979591.27222 3780747.44131 2014451.53453 2009000.67498 9333194.18107 11296039.6807 11325178.91581 3877048.36591 7291710.12813 4510794.6986 7199575.96958 8519201.7653 8417503.50994 4217270.89397 11916846.64332
9835210.60988 1698648.16363 7315132.86592 4752776.63454 15180697.87859 7128982.79789 7824056.94103 8603383.5937 12915326.97554 7762743.80056 2414618.10567 2765584.38834 6427815.17876 5667715.56679 14422410.61799 10891624.71304 11281539.72088 6284542.895 5090557.02703 9468066.28704 13513452.74546 9104040.85447 9808260.4973 5808833.75624 5562020.09801 11000940.3849 10176698.91386 13689335.87636 7795272.77702 11572166.89362 11236133.48019 5698286.76849 x 10204982.71192 2807727.15862 13444579.17827 4605225.56296 4008578.08755 3692190.86643 9543712.99527 12764565.34326 10800069.7327 8673020.45079 10609631.47993 4237649.2871 2241323.37102 3203276.31354 5169024.75947 5270707.21404 11961892.92025
10341964.61389 9826653.90334 13746812.7428 12372359.28501 6095904.64467 8435873.77874 7483847.54228 1712944.55013 7484763.81465 3531370.15732 10397583.62598 11913104.24974 9539669.02479 7398633.96998 14438082.55358 5632956.51457 12464454.34354 14668858.43348 11187243.10593 779370.13831 9311835.69028 9139407.55291 10690601.90446 15445844.85017 5086508.19255 8559918.21593 2692163.09157 13856193.96764 5048869.0016 3755912.41657 3547381.32644 11172301.1915 10204982.71192 x 10785586.8494 7118811.52386 13416572.2435 11431905.82985 10578306.40519 2454737.86017 5045505.66589 934709.06331 10061479.37767 7743079.87264 13562919.70321 8608575.61731 9075568.83626 5486433.48388 6965641.2006 2392096.77895
7607994.0243 4478070.60749 4549400.30494 2077136.78494 14855069.78703 5272897.03071 10163018.67109 9415101.16445 11715721.51645 9143932.95599 490885.88872 1346895.90552 4192741.72065 4378954.32926 11935178.71789 9963580.1408 8780733.07136 4085498.12715 2329173.99883 10143357.89307 11938881.29873 7111018.48989 7501650.47369 4730032.1745 5707031.21198 9310008.2308 10033410.76024 11212214.55492 9620888.16257 11217766.69281 10906121.31546 2975533.4267 2807727.15862 10785586.8494 x 12420054.01499 2642430.35164 1214062.63758 1012467.29526 9495584.32308 12209775.83349 11176725.88287 6414054.75043 9093867.26447 2824341.19979 4657658.91341 5868752.90235 6727759.59689 4329665.67534 12089062.34527
7078486.55345 13948532.78352 13011294.79219 12995853.85596 4143482.1121 7463291.78918 14102582.4513 8095576.89052 1057209.36382 10050314.11884 12275619.43924 13766939.46096 8883440.70502 8054399.29195 9114181.08194 2556597.16286 8563545.0253 15087216.13795 11398477.47049 7522577.5467 2843861.89213 6429071.95882 7491846.14518 16875054.50227 8222454.76083 4180422.26283 4644306.60972 8776360.42981 11720042.39063 3365655.86064 3579409.27196 10979591.27222 13444579.17827 7118811.52386 12420054.01499 x 14523749.02661 12365877.72123 11671243.23359 5223443.07225 2259882.31225 6302507.69453 7687275.60397 3808787.31982 15059085.42518 12904551.70152 13932303.67102 10753138.02622 8253085.13193 5263742.04586
8800534.78729 6242926.79855 3592459.07894 1615151.57776 17258281.91806 7095775.80893 12403368.95483 12057527.96065 13725125.74058 11740258.67477 3073548.65726 1851019.58754 5743980.08387 6677844.02564 12461078.05692 12175116.31293 9415222.94938 1686498.18128 3210214.61959 12781804.26556 13660300.13419 8636698.14972 8580942.44455 2355795.70124 8331742.2073 11017130.85191 12546206.17828 11784769.971 12112035.7447 13650593.40615 13351495.22971 3780747.44131 4605225.56296 13416572.2435 2642430.35164 14523749.02661 x 2176532.4517 2966337.99023 12038688.48343 14552408.69281 13784117.20163 7656009.57862 10956958.07927 860267.41555 6798531.4802 7797397.94025 9265332.92954 6777051.8943 14646946.98008
6957763.6548 5688306.15673 3336898.29424 981140.05782 15088953.57663 4976783.79388 11319098.82506 10165371.18153 11585790.37186 10073628.10378 1675566.67559 1899223.08205 3691461.80914 4507976.77434 11043842.25018 10001252.94351 7905753.95043 3238770.96923 1341035.30373 10833936.05085 11609292.80039 6636247.20178 6796055.1748 4512471.94071 6357735.42848 8961731.25997 10417809.91229 10333025.29293 10663563.53255 11489844.04605 11194468.21617 2014451.53453 4008578.08755 11431905.82985 1214062.63758 12365877.72123 2176532.4517 x 853603.0385 9930899.53391 12377419.6814 11742263.18042 5774130.17556 8849715.88001 2713570.949 5856980.14252 7081214.39057 7748387.90138 4644932.76946 12544640.05048
6612315.35202 5305160.16912 3920677.15919 1813722.08044 14296679.95133 4380301.68325 10664958.67388 9317381.45838 10923696.65392 9263734.71234 1283204.26468 2216772.5547 3218895.10855 3722156.83041 10924424.13766 9266737.58687 7769696.46492 4091812.85282 1404738.96473 9981387.68157 11050614.44458 6159007.29475 6497084.39472 5257153.32608 5505101.07125 8409850.82505 9587867.78029 10200820.95584 9905408.78606 10684803.95875 10385203.17522 2009000.67498 3692190.86643 10578306.40519 1012467.29526 11671243.23359 2966337.99023 853603.0385 x 9092330.01466 11602086.64159 10891132.87392 5418127.56665 8239427.59193 3395314.89297 5316689.12742 6599000.67339 6984854.45492 3814831.10615 11704899.83835
7940093.74097 9581953.94454 11856593.67611 10809190.05485 5661555.62331 6271251.95063 8879813.72547 2908873.59371 5358398.34096 4829797.73576 9179775.1014 10746457.42169 7509313.21138 5558622.8581 11984499.85475 3300802.4506 10046667.99689 13110400.35303 9458452.07509 2521577.22617 7053469.26921 6755056.0894 8301548.44027 14225615.94734 3990561.3197 6111817.14521 678588.1708 11401478.37716 6500418.75397 2208772.58145 1876082.35863 9333194.18107 9543712.99527 2454737.86017 9495584.32308 5223443.07225 12038688.48343 9930899.53391 9092330.01466 x 3587115.05421 2144927.44253 7746339.71506 5294517.15073 12319922.72846 8414069.80078 9215073.03539 5764419.06827 5290710.73153 2614459.32868
8229553.47453 13005485.01904 13582787.3552 13130565.28745 2784096.41915 7803940.64372 12318233.94964 6245396.94677 3003540.76657 8244252.27597 11981929.38874 13535479.19604 9232991.94797 7879952.32873 11035438.33314 2602703.74811 10015772.32657 15349713.70668 11602310.50743 5551139.01977 4966206.76223 7318896.4017 8646186.4546 16858301.19653 7258379.81901 5513834.14357 2918074.96886 10617447.43531 9890874.83091 1397593.23868 1715144.03831 11296039.6807 12764565.34326 5045505.66589 12209775.83349 2259882.31225 14552408.69281 12377419.6814 11602086.64159 3587115.05421 x 4170667.49513 8556658.90481 4875710.63936 14978804.67752 11875867.31102 12755050.43647 9348477.16632 7885435.81236 3021003.69554
10066291.14155 10529916.1432 13878837.11246 12659621.64355 5172533.90685 8387387.55407 8417549.47686 2545469.34595 6741028.12341 4444437.19301 10813386.4901 12354662.38769 9581125.23926 7531884.68729 13970110.78657 5031097.01695 12158727.3519 14964524.60801 11394912.85046 1639030.19658 8617142.96109 8890714.96162 10433581.76514 15879202.39798 5479533.24471 8079951.69573 2146765.15911 13415627.9279 5981265.41721 2942226.08641 2777376.02145 11325178.91581 10800069.7327 934709.06331 11176725.88287 6302507.69453 13784117.20163 11742263.18042 10891132.87392 2144927.44253 4170667.49513 x 9891265.53314 7270230.54849 13982669.86456 9315825.37701 9859828.93742 6264755.50723 7171503.793 1464016.04552
1194215.31405 9969355.02958 5399554.72635 6041165.6566 11310156.02868 1974263.20971 13570878.39079 9601447.84096 6709343.86937 10618829.03994 6541888.82552 7600835.65699 2255699.69746 3765246.79765 5851075.95681 5958393.1907 2867684.56873 7769130.81863 4488886.61117 9808440.35742 6163816.60471 1262441.77673 1141336.06088 9949930.45883 6445924.17131 3628018.41673 7881321.92573 5117221.65831 11922666.80917 8240327.85742 8064377.74923 3877048.36591 8673020.45079 10061479.37767 6414054.75043 7687275.60397 7656009.57862 5774130.17556 5418127.56665 7746339.71506 8556658.90481 9891265.53314 x 3879777.8646 8383156.81444 9460729.76905 10813313.49673 9380273.90335 4461002.68342 10021638.21116
3370684.55911 11457865.58421 9216270.30768 9381665.76154 7544786.81085 3873147.24045 13227216.37244 7929197.31684 2854689.08249 9524467.16177 9037093.45012 10423703.42549 5223785.11248 4946457.31356 6702863.29319 2426315.67123 5168397.34047 11381250.98243 7768416.47046 7771933.04542 2903926.24789 2620351.51613 3789055.40693 13311250.01876 6251130.9904 817330.75957 5124092.63093 6147295.43265 11108181.10086 4910536.06197 4838864.81217 7291710.12813 10609631.47993 7743079.87264 9093867.26447 3808787.31982 10956958.07927 8849715.88001 8239427.59193 5294517.15073 4875710.63936 7270230.54849 3879777.8646 x 11563263.64614 10596358.62018 11814988.9719 9267203.32727 5370485.52935 6945237.68474
9543883.38063 5791721.19553 4449353.9465 2371882.225 17650797.86416 7690352.95634 12059217.53997 12137336.02996 14293060.18173 11678156.2862 3169720.43362 1674591.79151 6387643.15855 7104284.08284 13296385.93504 12661969.74511 10234002.4353 2303721.80809 3899233.97814 12900285.47501 14313158.99813 9315826.15612 9340960.90047 1905694.56385 8504447.78401 11665773.91905 12855618.82024 12615209.79806 11932128.36887 14021348.40424 13713440.34794 4510794.6986 4237649.2871 13562919.70321 2824341.19979 15059085.42518 860267.41555 2713570.949 3395314.89297 12319922.72846 14978804.67752 13982669.86456 8383156.81444 11563263.64614 x 6474703.19515 7367110.18736 9147368.71746 7126338.64149 14912424.09179
10534625.15041 1218293.72759 9187119.32022 6724487.10875 14059100.73191 7650059.78326 5604859.66503 6924077.03516 12537418.67981 5776760.7247 4181961.69709 4947526.33147 7349502.91657 5916378.5797 15311650.90804 10369835.81771 12253967.61996 8460580.69092 6689933.36408 7838934.19431 13444547.44816 9605222.49295 10594470.03725 8033983.69203 4685373.75834 11126942.80918 9084140.43227 14577386.75969 5613203.72725 10575043.35831 10234250.32623 7199575.96958 2241323.37102 8608575.61731 4657658.91341 12904551.70152 6798531.4802 5856980.14252 5316689.12742 8414069.80078 11875867.31102 9315825.37701 9460729.76905 10596358.62018 6474703.19515 x 1360574.27761 3220428.09829 5324695.1798 10606996.49852
11878165.12053 1578891.41213 10417936.58561 7902349.27629 14788901.24515 8985586.52542 4776434.8527 7362995.58529 13629699.63405 5903935.88571 5411112.38242 5966930.12059 8709832.14532 7231879.3474 16664336.07044 11428321.1723 13612645.91648 9481109.07325 7988639.66218 8296214.92081 14630774.70294 10929388.51098 11945008.71411 8753128.59575 5734366.88445 12375962.97592 9893158.80547 15930508.96423 5348656.70372 11413257.6754 11074685.87885 8519201.7653 3203276.31354 9075568.83626 5868752.90235 13932303.67102 7797397.94025 7081214.39057 6599000.67339 9215073.03539 12755050.43647 9859828.93742 10813313.49673 11814988.9719 7367110.18736 1360574.27761 x 3595270.76932 6618491.47128 11224528.31732
10229866.04934 4424956.98791 10830378.05583 8721662.28808 11238901.59475 7406655.78129 4191067.94078 3776417.41894 10604866.74616 2595093.27577 6248308.79606 7490613.59792 7720839.14992 5632346.75561 15030685.99239 8366182.36109 12240399.39043 10807614.12223 8114289.91679 4707649.39464 11876982.91435 9094051.02243 10412723.59477 10888871.26268 3078924.3234 9954116.10658 6440049.54156 14323125.83957 2921089.32456 7972493.82127 7640468.40661 8417503.50994 5169024.75947 5486433.48388 6727759.59689 10753138.02622 9265332.92954 7748387.90138 6984854.45492 5764419.06827 9348477.16632 6264755.50723 9380273.90335 9267203.32727 9147368.71746 3220428.09829 3595270.76932 x 4934830.69045 7638375.03995
5388060.84912 6103925.76269 6798036.54354 5519389.78753 10527255.01299 2498977.03639 9119925.0845 5945222.36133 7664068.67068 6470106.5286 4098776.06622 5650150.43609 2890836.77547 698031.74593 10217469.18409 5729841.80991 7328247.85418 7822484.26353 4228050.01795 6457405.37117 8267457.12037 4345079.41821 5528299.8186 9023514.58672 2207815.60576 5834304.85539 5773639.83616 9495008.23882 7597818.12003 6895011.81548 6588011.16505 4217270.89397 5270707.21404 6965641.2006 4329665.67534 8253085.13193 6777051.8943 4644932.76946 3814831.10615 5290710.73153 7885435.81236 7171503.793 4461002.68342 5370485.52935 7126338.64149 5324695.1798 6618491.47128 4934830.69045 x 7905164.15061
10022386.54318 11811707.60659 14416741.51565 13423384.76555 3708809.0979 8735649.88684 9874201.18617 3985439.45927 5871114.922 5907601.27468 11760063.15482 13321986.62923 10038109.95862 8159957.27349 13547857.75209 4547423.13653 12035240.83796 15724023.22191 12062002.22232 3097669.86559 7818757.61883 8913962.41632 10414520.25186 16817537.66483 6486405.42286 7719298.06582 2208219.36009 13046832.03658 7440744.73389 2107358.40414 2111594.30298 11916846.64332 11961892.92025 2392096.77895 12089062.34527 5263742.04586 14646946.98008 12544640.05048 11704899.83835 2614459.32868 3021003.69554 1464016.04552 10021638.21116 6945237.68474 14912424.09179 10606996.49852 11224528.31732 7638375.03995 7905164.15061 x
