50
25
loc0 loc1 loc2 loc3 loc4 loc5 loc6 loc7 loc8 loc9 loc10 loc11 loc12 loc13 loc14 loc15 loc16 loc17 loc18 loc19 loc20 loc21 loc22 loc23 loc24 loc25 loc26 loc27 loc28 loc29 loc30 loc31 loc32 loc33 loc34 loc35 loc36 loc37 loc38 loc39 loc40 loc41 loc42 loc43 loc44 loc45 loc46 loc47 loc48 loc49
loc23 loc34 loc30 loc3 loc14 loc2 loc8 loc47 loc12 loc40 loc41 loc24 loc4 loc35 loc5 loc1 loc0 loc36 loc31 loc17 loc42 loc6 loc26 loc22 loc27
loc18
x 1449923958 1595860139 1423188387 1100329383 1116358003 1866156442 1337159537 1854529917 1254015773 1814625425 1173400847 1832082151 1099768776 1265308773 1399850715 1424069672 1661454352 1229014348 1295918318 1113848077 1453995892 1222637138 1090837487 1546857163 1624372899 1834972589 1690000108 1092092670 1756700726 1866563743 1891778393 1394996200 1590347740 1973236688 1943558383 1327344873 1710726458 1325883108 1834173439 1534635816 1505931234 1596970048 1108099163 1005663104 1760361553 1692808121 1926292601 1482685978 1340835681
1449923958 x 1313035244 1430640005 1767348782 1066729393 1122042667 1042741790 1458206865 1656146969 1116051638 1901121466 1596094561 1426768337 1908562940 1450512060 1191384942 1087787696 1318256733 1918416922 1825269882 1021732155 1628490432 1916387831 1245006922 1245998211 1787215280 1486825628 1551997480 1962718315 1866293138 1578604802 1663823693 1918139973 1431267460 1229025307 1233002708 1208683584 1106342002 1478240890 1978238981 1973137162 1520139778 1543135999 1943622856 1832849216 1292351872 1573869913 1608958624 1617962592
1595860139 1313035244 x 1150720343 1411978227 1081990962 1080563640 1259418988 1238138093 1294155955 1261734871 1728172245 1789940726 1029043560 1588284495 1966624430 1827041417 1391061741 1302656167 1710680976 1542457198 1376929747 1391950356 1938697700 1084316362 1506048685 1855492133 1091170970 1869119949 1981495630 1655460864 1642880228 1741280578 1505157872 1706922031 1199143695 1384195224 1192481296 1660830227 1115385881 1940631538 1171773502 1241943386 1134647658 1890651671 1064056040 1962585537 1942875226 1054994281 1036996925
1423188387 1430640005 1150720343 x 1241378035 1599445832 1983335071 1387383736 1056569382 1304304486 1077332305 1978119122 1871220489 1539899200 1305356530 1978933976 1105299660 1374650849 1502820860 1320864031 1695494589 1188440158 1676841325 1287131415 1008044704 1077240382 1926048954 1265102024 1855021261 1811033717 1902089782 1603122680 1688360292 1813913871 1602988822 1057619651 1603682284 1812809168 1451657126 1737424373 1563099607 1810274045 1900093203 1525642250 1951585547 1897179342 1756347236 1108906507 1560470738 1981793953
1100329383 1767348782 1411978227 1241378035 x 1478201844 1344063166 1711303159 1763515232 1210482479 1779046339 1872679102 1271660628 1002945631 1266337974 1998629477 1431086833 1375031766 1487621426 1075728269 1716279048 1997761244 1467396577 1178463020 1659601580 1705952395 1043029537 1309218720 1260750784 1856019809 1138772343 1887568317 1640272607 1296819790 1114158226 1365089951 1564122779 1059138394 1518162536 1847366566 1368525848 1468644991 1366678424 1410724173 1786370884 1312974967 1218623672 1693291593 1045770019 1254690124
1116358003 1066729393 1081990962 1599445832 1478201844 x 1555573542 1169525005 1702233711 1955064377 1769923407 1269758401 1013702488 1836939498 1873090764 1926825590 1931297950 1741743200 1496684915 1591302365 1183861152 1525258540 1442118936 1264916542 1959189616 1320172444 1899175861 1382053501 1784974792 1947898106 1846104511 1049459103 1683892857 1700099463 1685694544 1809140581 1354640226 1939820736 1479881845 1431195119 1299622109 1166120279 1783169397 1035507224 1784392303 1901694166 1978851014 1747791957 1187851496 1048606697
1866156442 1122042667 1080563640 1983335071 1344063166 1555573542 x 1054459298 1490573511 1500502503 1125324349 1410650081 1145924703 1936269259 1890606581 1407482311 1573397477 1480333086 1692117375 1352926628 1933100696 1744576827 1107223576 1435772465 1209169212 1852990238 1326683369 1042097829 1336208607 1691423201 1327890280 1972397082 1651565733 1246796069 1119790554 1305453635 1239113125 1221583197 1753594098 1557482755 1398774650 1777371746 1832327639 1708754340 1889703602 1998273513 1608272061 1225042719 1180085453 1759847557
1337159537 1042741790 1259418988 1387383736 1711303159 1169525005 1054459298 x 1820334946 1954966970 1997226374 1053625150 1612798909 1487180148 1424586604 1533871426 1717228159 1139286656 1717786172 1609068086 1670974838 1735260084 1187185992 1216734625 1283656040 1772971897 1356448902 1722968584 1547876074 1913201077 1838280267 1707322160 1266261705 1916858673 1800823855 1583579995 1655171798 1928989035 1123402365 1989346910 1129217937 1547110286 1507854945 1454123357 1939517595 1487046550 1048847124 1858957740 1049731716 1492364242
1854529917 1458206865 1238138093 1056569382 1763515232 1702233711 1490573511 1820334946 x 1157461755 1700293953 1966352321 1895264267 1043895413 1623595114 1959005751 1506374042 1464744207 1656271702 1045860948 1373503451 1520808131 1964104883 1987437934 1227687752 1197116439 1323736553 1216799552 1026150769 1299025253 1851648255 1271122388 1845653694 1678569019 1424503047 1200013956 1939654481 1988624360 1056594362 1878931784 1717173936 1626994779 1165788494 1257408378 1959379542 1759731683 1523790723 1274874929 1384250271 1203282793
1254015773 1656146969 1294155955 1304304486 1210482479 1955064377 1500502503 1954966970 1157461755 x 1180678466 1657103657 1085631644 1476151917 1547003237 1336136176 1769841326 1311969785 1115274420 1863686053 1940448828 1604580402 1520458566 1318142979 1352594875 1528170110 1317765289 1052812157 1025209843 1040188743 1551421301 1062646258 1573604625 1294379101 1370161346 1315455540 1825642545 1064791303 1240340729 1512460162 1892565487 1020509961 1155863788 1877287918 1811305212 1069479077 1558941086 1260634529 1361897328 1590204692
1814625425 1116051638 1261734871 1077332305 1779046339 1769923407 1125324349 1997226374 1700293953 1180678466 x 1214258668 1841616458 1152012442 1799958337 1499654945 1523906740 1090902833 1287711667 1432467163 1204472780 1407565665 1317314417 1511880258 1361926341 1406929655 1014533100 1823463120 1880248856 1706413375 1632330680 1245332313 1680010681 1282231443 1059068895 1253510553 1765898618 1868349652 1307233244 1847166047 1298041229 1520376383 1234574284 1931608798 1834215188 1350570631 1628537627 1040593238 1296902319 1979954726
1173400847 1901121466 1728172245 1978119122 1872679102 1269758401 1410650081 1053625150 1966352321 1657103657 1214258668 x 1036806174 1188094846 1359481534 1227521602 1528401423 1709878116 1672914844 1015038346 1180245855 1348384507 1422995775 1380403149 1679092080 1179831110 1278662977 1309598764 1968403862 1537831002 1722431039 1013531792 1655208094 1178131167 1740320287 1031751520 1754236706 1770502017 1506174009 1873079058 1941959617 1734414616 1172087712 1321095181 1586069139 1237553291 1951245728 1101919871 1036401159 1079787488
1832082151 1596094561 1789940726 1871220489 1271660628 1013702488 1145924703 1612798909 1895264267 1085631644 1841616458 1036806174 x 1559819442 1208727321 1459710939 1366447223 1509468644 1879378971 1775855160 1281071855 1162443875 1995474285 1427882094 1732218447 1352875713 1086303077 1384224997 1083336539 1523767799 1861024088 1800181160 1429848883 1839166370 1005732488 1438695232 1056282067 1145019177 1454618423 1283761168 1567311576 1912011900 1258422839 1054034527 1011669347 1243616175 1541321783 1359915951 1952861296 1326115843
1099768776 1426768337 1029043560 1539899200 1002945631 1836939498 1936269259 1487180148 1043895413 1476151917 1152012442 1188094846 1559819442 x 1024041513 1661541507 1547358198 1826209247 1237178252 1063226063 1481373620 1490878569 1383423463 1291435942 1653659632 1267712253 1884135955 1805677334 1892350714 1399090216 1345830284 1422677060 1634536719 1344360234 1207029485 1170582436 1393492085 1564336985 1038237258 1881624698 1985672484 1856462170 1550127818 1759822874 1887927325 1939429652 1078420427 1325671871 1633364698 1434709898
1265308773 1908562940 1588284495 1305356530 1266337974 1873090764 1890606581 1424586604 1623595114 1547003237 1799958337 1359481534 1208727321 1024041513 x 1192798726 1548854657 1369778656 1972111126 1296838901 1582206123 1473756026 1573862971 1766738074 1387976357 1670983587 1661261825 1438949633 1297580355 1977441488 1604412579 1319994680 1218644760 1241889921 1782050807 1011765628 1856614842 1380963252 1148099251 1382337062 1677217839 1353453921 1905554430 1028710033 1615950066 1857510722 1365298000 1666009725 1687244971 1131531574
1399850715 1450512060 1966624430 1978933976 1998629477 1926825590 1407482311 1533871426 1959005751 1336136176 1499654945 1227521602 1459710939 1661541507 1192798726 x 1064806223 1227855109 1683476421 1741054150 1910387786 1573611652 1718556844 1762894203 1411247192 1368121442 1535756855 1306923900 1464212802 1368241970 1592531923 1560583052 1535442914 1859263141 1452779205 1604087257 1584906739 1552668120 1351372765 1227159366 1960978620 1337559815 1157335120 1783764804 1891860545 1245575319 1942711386 1910338400 1186910254 1008564802
1424069672 1191384942 1827041417 1105299660 1431086833 1931297950 1573397477 1717228159 1506374042 1769841326 1523906740 1528401423 1366447223 1547358198 1548854657 1064806223 x 1809052995 1444476900 1653400183 1179101422 1597616614 1259699471 1342431037 1961143592 1532025596 1237306551 1586123046 1898152495 1832644964 1400099951 1687785857 1407766510 1349362890 1732578734 1720924584 1657757609 1892433006 1938773987 1406669508 1971398245 1647963710 1502713442 1848537705 1588413483 1275649454 1242994358 1117890375 1668036465 1586176239
1661454352 1087787696 1391061741 1374650849 1375031766 1741743200 1480333086 1139286656 1464744207 1311969785 1090902833 1709878116 1509468644 1826209247 1369778656 1227855109 1809052995 x 1269547984 1647959752 1346795902 1800072386 1117638832 1762007408 1763193735 1291020301 1708243677 1198554294 1660847310 1347056038 1729823373 1737734425 1706203151 1994965426 1405572221 1431404114 1153733857 1447695730 1661234565 1561450688 1296214404 1134789856 1404193812 1190833300 1822929321 1058439714 1569870193 1547796642 1932547564 1935639900
1229014348 1318256733 1302656167 1502820860 1487621426 1496684915 1692117375 1717786172 1656271702 1115274420 1287711667 1672914844 1879378971 1237178252 1972111126 1683476421 1444476900 1269547984 x 1626545796 1163474193 1035825452 1554424162 1992158086 1314287726 1245538469 1782188992 1537219244 1816437057 1185316672 1960321739 1275888911 1645961592 1781851750 1071633315 1472448004 1142336384 1659139426 1888038636 1456175909 1465557470 1235827549 1765655791 1044954175 1334241818 1342681139 1808161558 1713072875 1056800165 1392397660
1295918318 1918416922 1710680976 1320864031 1075728269 1591302365 1352926628 1609068086 1045860948 1863686053 1432467163 1015038346 1775855160 1063226063 1296838901 1741054150 1653400183 1647959752 1626545796 x 1208095028 1690503574 1077377026 1851607644 1056360023 1727731558 1491191491 1286110274 1682545295 1504145318 1044699011 1051180215 1442159449 1976117457 1134324887 1271539883 1568404927 1740541778 1483986871 1237446717 1598597064 1189739602 1245599275 1453585025 1426009740 1786868428 1949802836 1005340992 1751795144 1570408525
1113848077 1825269882 1542457198 1695494589 1716279048 1183861152 1933100696 1670974838 1373503451 1940448828 1204472780 1180245855 1281071855 1481373620 1582206123 1910387786 1179101422 1346795902 1163474193 1208095028 x 1584999183 1475475682 1497814170 1337515932 1889032198 1533541836 1492720943 1540494845 1278698476 1476789129 1732124687 1643607550 1851736558 1509541059 1309101242 1823861697 1761041583 1165424247 1171181024 1465009244 1762048916 1737089263 1173073657 1090548829 1385097528 1348351795 1469596221 1408188280 1039561373
1453995892 1021732155 1376929747 1188440158 1997761244 1525258540 1744576827 1735260084 1520808131 1604580402 1407565665 1348384507 1162443875 1490878569 1473756026 1573611652 1597616614 1800072386 1035825452 1690503574 1584999183 x 1202187193 1555567454 1690347614 1260958851 1505693899 1515527210 1622818497 1082465362 1095628572 1587658502 1177201963 1733748876 1901362864 1947017095 1662166884 1520890811 1795497992 1452843882 1607993086 1887690090 1423237870 1898627670 1099160787 1029764006 1403522734 1991528714 1071306291 1343860452
1222637138 1628490432 1391950356 1676841325 1467396577 1442118936 1107223576 1187185992 1964104883 1520458566 1317314417 1422995775 1995474285 1383423463 1573862971 1718556844 1259699471 1117638832 1554424162 1077377026 1475475682 1202187193 x 1089614921 1834751120 1472438655 1027307291 1936189171 1265539412 1354319027 1427596584 1435363074 1523331184 1352086753 1805330435 1043711233 1068124084 1435564116 1726566475 1163642138 1952297687 1567496158 1829098965 1714840374 1276141809 1509881557 1049039914 1257344162 1949501281 1618967588
1090837487 1916387831 1938697700 1287131415 1178463020 1264916542 1435772465 1216734625 1987437934 1318142979 1511880258 1380403149 1427882094 1291435942 1766738074 1762894203 1342431037 1762007408 1992158086 1851607644 1497814170 1555567454 1089614921 x 1957110479 1778549273 1584795859 1493345156 1105734614 1923892292 1942398683 1013924661 1260738900 1868314905 1743973376 1035575788 1038011490 1646015641 1336441689 1087842862 1998942269 1988782094 1746504938 1218514748 1978791487 1372636932 1554527533 1979621854 1952465777 1029375591
1546857163 1245006922 1084316362 1008044704 1659601580 1959189616 1209169212 1283656040 1227687752 1352594875 1361926341 1679092080 1732218447 1653659632 1387976357 1411247192 1961143592 1763193735 1314287726 1056360023 1337515932 1690347614 1834751120 1957110479 x 1990634839 1316676517 1029997872 1178645718 1110027806 1245203991 1952717237 1251999650 1617595518 1727837569 1592877639 1952413503 1192758046 1170892945 1864062074 1115657894 1532362804 1028627511 1444593396 1565197831 1757117388 1582707731 1703822559 1665304393 1123263120
1624372899 1245998211 1506048685 1077240382 1705952395 1320172444 1852990238 1772971897 1197116439 1528170110 1406929655 1179831110 1352875713 1267712253 1670983587 1368121442 1532025596 1291020301 1245538469 1727731558 1889032198 1260958851 1472438655 1778549273 1990634839 x 1863108191 1564190925 1676606202 1682952212 1065538781 1086026212 1097948980 1857186067 1656925057 1634923980 1767387391 1579350433 1592229987 1707549705 1185502892 1782797158 1215639368 1011876504 1961803169 1053626657 1343696753 1151282614 1792581214 1330643084
1834972589 1787215280 1855492133 1926048954 1043029537 1899175861 1326683369 1356448902 1323736553 1317765289 1014533100 1278662977 1086303077 1884135955 1661261825 1535756855 1237306551 1708243677 1782188992 1491191491 1533541836 1505693899 1027307291 1584795859 1316676517 1863108191 x 1403850058 1773759576 1280306477 1400922652 1177565047 1123110159 1122265724 1536918344 1349987203 1646785641 1278384915 1397499262 1125964715 1840681846 1868497850 1686280653 1136656671 1454746788 1200826080 1334036044 1739104635 1070353713 1666951027
1690000108 1486825628 1091170970 1265102024 1309218720 1382053501 1042097829 1722968584 1216799552 1052812157 1823463120 1309598764 1384224997 1805677334 1438949633 1306923900 1586123046 1198554294 1537219244 1286110274 1492720943 1515527210 1936189171 1493345156 1029997872 1564190925 1403850058 x 1620619064 1815165266 1335527320 1779115768 1216109216 1652334535 1475927322 1004384338 1505263657 1094126885 1544396940 1830312029 1430931554 1506983256 1040364448 1696208232 1938853767 1596626617 1703361815 1148542868 1715609761 1276455700
1092092670 1551997480 1869119949 1855021261 1260750784 1784974792 1336208607 1547876074 1026150769 1025209843 1880248856 1968403862 1083336539 1892350714 1297580355 1464212802 1898152495 1660847310 1816437057 1682545295 1540494845 1622818497 1265539412 1105734614 1178645718 1676606202 1773759576 1620619064 x 1626368201 1483270961 1741198864 1994834260 1432450947 1937952586 1580597241 1222467896 1383052467 1988251247 1236156960 1691620607 1959830171 1100877174 1787266955 1885698262 1891164960 1407419045 1305660972 1656766000 1303422933
1756700726 1962718315 1981495630 1811033717 1856019809 1947898106 1691423201 1913201077 1299025253 1040188743 1706413375 1537831002 1523767799 1399090216 1977441488 1368241970 1832644964 1347056038 1185316672 1504145318 1278698476 1082465362 1354319027 1923892292 1110027806 1682952212 1280306477 1815165266 1626368201 x 1339369374 1264564827 1761704431 1530345269 1765180816 1982451529 1896958936 1685778901 1272046371 1825349822 1854697460 1393285401 1622266376 1355180050 1019825881 1387555585 1605726144 1113957981 1367405122 1246575714
1866563743 1866293138 1655460864 1902089782 1138772343 1846104511 1327890280 1838280267 1851648255 1551421301 1632330680 1722431039 1861024088 1345830284 1604412579 1592531923 1400099951 1729823373 1960321739 1044699011 1476789129 1095628572 1427596584 1942398683 1245203991 1065538781 1400922652 1335527320 1483270961 1339369374 x 1441406838 1292582797 1396088802 1629348855 1072162587 1483029255 1813685353 1869617100 1563242647 1437689414 1214008519 1403741067 1777437737 1299743446 1779546651 1382348592 1191629330 1837987082 1080018921
1891778393 1578604802 1642880228 1603122680 1887568317 1049459103 1972397082 1707322160 1271122388 1062646258 1245332313 1013531792 1800181160 1422677060 1319994680 1560583052 1687785857 1737734425 1275888911 1051180215 1732124687 1587658502 1435363074 1013924661 1952717237 1086026212 1177565047 1779115768 1741198864 1264564827 1441406838 x 1690906511 1048059572 1858667943 1891239158 1185795863 1873526663 1737237457 1119626657 1828896306 1539655119 1145550525 1643907775 1680841274 1156942586 1260666014 1520930492 1906919533 1850416079
1394996200 1663823693 1741280578 1688360292 1640272607 1683892857 1651565733 1266261705 1845653694 1573604625 1680010681 1655208094 1429848883 1634536719 1218644760 1535442914 1407766510 1706203151 1645961592 1442159449 1643607550 1177201963 1523331184 1260738900 1251999650 1097948980 1123110159 1216109216 1994834260 1761704431 1292582797 1690906511 x 1676453981 1334770129 1488466697 1970763149 1779258859 1120560409 1461732182 1142501072 1211892078 1771803483 1541380962 1771860471 1194759082 1370071465 1095892173 1964093073 1756969167
1590347740 1918139973 1505157872 1813913871 1296819790 1700099463 1246796069 1916858673 1678569019 1294379101 1282231443 1178131167 1839166370 1344360234 1241889921 1859263141 1349362890 1994965426 1781851750 1976117457 1851736558 1733748876 1352086753 1868314905 1617595518 1857186067 1122265724 1652334535 1432450947 1530345269 1396088802 1048059572 1676453981 x 1204986408 1891362596 1577074018 1020482110 1437980751 1775841962 1249457350 1331305481 1567756585 1696304969 1324171352 1146912374 1503509380 1996992082 1524554376 1011529710
1973236688 1431267460 1706922031 1602988822 1114158226 1685694544 1119790554 1800823855 1424503047 1370161346 1059068895 1740320287 1005732488 1207029485 1782050807 1452779205 1732578734 1405572221 1071633315 1134324887 1509541059 1901362864 1805330435 1743973376 1727837569 1656925057 1536918344 1475927322 1937952586 1765180816 1629348855 1858667943 1334770129 1204986408 x 1217376628 1379573665 1436792905 1488074421 1564279017 1738496600 1178905291 1325014644 1677969059 1863348824 1803355047 1838007533 1262570394 1406214205 1191492915
1943558383 1229025307 1199143695 1057619651 1365089951 1809140581 1305453635 1583579995 1200013956 1315455540 1253510553 1031751520 1438695232 1170582436 1011765628 1604087257 1720924584 1431404114 1472448004 1271539883 1309101242 1947017095 1043711233 1035575788 1592877639 1634923980 1349987203 1004384338 1580597241 1982451529 1072162587 1891239158 1488466697 1891362596 1217376628 x 1920002874 1367290473 1604586767 1028655122 1630780072 1604071845 1245715347 1312516127 1206414059 1937889149 1511048061 1016544783 1756921052 1498184239
1327344873 1233002708 1384195224 1603682284 1564122779 1354640226 1239113125 1655171798 1939654481 1825642545 1765898618 1754236706 1056282067 1393492085 1856614842 1584906739 1657757609 1153733857 1142336384 1568404927 1823861697 1662166884 1068124084 1038011490 1952413503 1767387391 1646785641 1505263657 1222467896 1896958936 1483029255 1185795863 1970763149 1577074018 1379573665 1920002874 x 1606683206 1317991909 1662934564 1817791816 1564905182 1247188912 1042186955 1089365372 1546202246 1490429727 1408029923 1013489695 1661144752
1710726458 1208683584 1192481296 1812809168 1059138394 1939820736 1221583197 1928989035 1988624360 1064791303 1868349652 1770502017 1145019177 1564336985 1380963252 1552668120 1892433006 1447695730 1659139426 1740541778 1761041583 1520890811 1435564116 1646015641 1192758046 1579350433 1278384915 1094126885 1383052467 1685778901 1813685353 1873526663 1779258859 1020482110 1436792905 1367290473 1606683206 x 1318441236 1062034590 1318215687 1223743425 1696531557 1284510946 1332327354 1913101585 1867341465 1296432165 1358024044 1368868711
1325883108 1106342002 1660830227 1451657126 1518162536 1479881845 1753594098 1123402365 1056594362 1240340729 1307233244 1506174009 1454618423 1038237258 1148099251 1351372765 1938773987 1661234565 1888038636 1483986871 1165424247 1795497992 1726566475 1336441689 1170892945 1592229987 1397499262 1544396940 1988251247 1272046371 1869617100 1737237457 1120560409 1437980751 1488074421 1604586767 1317991909 1318441236 x 1084016996 1126184289 1994596158 1036327407 1737888083 1166562605 1984472457 1820757554 1392293085 1221735032 1036839966
1834173439 1478240890 1115385881 1737424373 1847366566 1431195119 1557482755 1989346910 1878931784 1512460162 1847166047 1873079058 1283761168 1881624698 1382337062 1227159366 1406669508 1561450688 1456175909 1237446717 1171181024 1452843882 1163642138 1087842862 1864062074 1707549705 1125964715 1830312029 1236156960 1825349822 1563242647 1119626657 1461732182 1775841962 1564279017 1028655122 1662934564 1062034590 1084016996 x 1193418130 1611819972 1229281008 1171309750 1721017739 1580513662 1319074943 1465358620 1044985776 1927172361
1534635816 1978238981 1940631538 1563099607 1368525848 1299622109 1398774650 1129217937 1717173936 1892565487 1298041229 1941959617 1567311576 1985672484 1677217839 1960978620 1971398245 1296214404 1465557470 1598597064 1465009244 1607993086 1952297687 1998942269 1115657894 1185502892 1840681846 1430931554 1691620607 1854697460 1437689414 1828896306 1142501072 1249457350 1738496600 1630780072 1817791816 1318215687 1126184289 1193418130 x 1877736969 1173540463 1793330143 1317268777 1200375228 1429849368 1464226272 1409457882 1506273441
1505931234 1973137162 1171773502 1810274045 1468644991 1166120279 1777371746 1547110286 1626994779 1020509961 1520376383 1734414616 1912011900 1856462170 1353453921 1337559815 1647963710 1134789856 1235827549 1189739602 1762048916 1887690090 1567496158 1988782094 1532362804 1782797158 1868497850 1506983256 1959830171 1393285401 1214008519 1539655119 1211892078 1331305481 1178905291 1604071845 1564905182 1223743425 1994596158 1611819972 1877736969 x 1781765197 1645646468 1238598193 1329712815 1744288091 1114969700 1235464231 1246160021
1596970048 1520139778 1241943386 1900093203 1366678424 1783169397 1832327639 1507854945 1165788494 1155863788 1234574284 1172087712 1258422839 1550127818 1905554430 1157335120 1502713442 1404193812 1765655791 1245599275 1737089263 1423237870 1829098965 1746504938 1028627511 1215639368 1686280653 1040364448 1100877174 1622266376 1403741067 1145550525 1771803483 1567756585 1325014644 1245715347 1247188912 1696531557 1036327407 1229281008 1173540463 1781765197 x 1304439499 1351483901 1073813670 1401604392 1305032423 1030325886 1555075527
1108099163 1543135999 1134647658 1525642250 1410724173 1035507224 1708754340 1454123357 1257408378 1877287918 1931608798 1321095181 1054034527 1759822874 1028710033 1783764804 1848537705 1190833300 1044954175 1453585025 1173073657 1898627670 1714840374 1218514748 1444593396 1011876504 1136656671 1696208232 1787266955 1355180050 1777437737 1643907775 1541380962 1696304969 1677969059 1312516127 1042186955 1284510946 1737888083 1171309750 1793330143 1645646468 1304439499 x 1616125287 1299781045 1083284114 1682687368 1830348193 1824032636
1005663104 1943622856 1890651671 1951585547 1786370884 1784392303 1889703602 1939517595 1959379542 1811305212 1834215188 1586069139 1011669347 1887927325 1615950066 1891860545 1588413483 1822929321 1334241818 1426009740 1090548829 1099160787 1276141809 1978791487 1565197831 1961803169 1454746788 1938853767 1885698262 1019825881 1299743446 1680841274 1771860471 1324171352 1863348824 1206414059 1089365372 1332327354 1166562605 1721017739 1317268777 1238598193 1351483901 1616125287 x 1112022031 1128204808 1871178265 1269607285 1976521887
1760361553 1832849216 1064056040 1897179342 1312974967 1901694166 1998273513 1487046550 1759731683 1069479077 1350570631 1237553291 1243616175 1939429652 1857510722 1245575319 1275649454 1058439714 1342681139 1786868428 1385097528 1029764006 1509881557 1372636932 1757117388 1053626657 1200826080 1596626617 1891164960 1387555585 1779546651 1156942586 1194759082 1146912374 1803355047 1937889149 1546202246 1913101585 1984472457 1580513662 1200375228 1329712815 1073813670 1299781045 1112022031 x 1352958028 1325707902 1565706152 1142299382
1692808121 1292351872 1962585537 1756347236 1218623672 1978851014 1608272061 1048847124 1523790723 1558941086 1628537627 1951245728 1541321783 1078420427 1365298000 1942711386 1242994358 1569870193 1808161558 1949802836 1348351795 1403522734 1049039914 1554527533 1582707731 1343696753 1334036044 1703361815 1407419045 1605726144 1382348592 1260666014 1370071465 1503509380 1838007533 1511048061 1490429727 1867341465 1820757554 1319074943 1429849368 1744288091 1401604392 1083284114 1128204808 1352958028 x 1613256563 1466181028 1909665046
1926292601 1573869913 1942875226 1108906507 1693291593 1747791957 1225042719 1858957740 1274874929 1260634529 1040593238 1101919871 1359915951 1325671871 1666009725 1910338400 1117890375 1547796642 1713072875 1005340992 1469596221 1991528714 1257344162 1979621854 1703822559 1151282614 1739104635 1148542868 1305660972 1113957981 1191629330 1520930492 1095892173 1996992082 1262570394 1016544783 1408029923 1296432165 1392293085 1465358620 1464226272 1114969700 1305032423 1682687368 1871178265 1325707902 1613256563 x 1717612356 1591209318
1482685978 1608958624 1054994281 1560470738 1045770019 1187851496 1180085453 1049731716 1384250271 1361897328 1296902319 1036401159 1952861296 1633364698 1687244971 1186910254 1668036465 1932547564 1056800165 1751795144 1408188280 1071306291 1949501281 1952465777 1665304393 1792581214 1070353713 1715609761 1656766000 1367405122 1837987082 1906919533 1964093073 1524554376 1406214205 1756921052 1013489695 1358024044 1221735032 1044985776 1409457882 1235464231 1030325886 1830348193 1269607285 1565706152 1466181028 1717612356 x 1755921143
1340835681 1617962592 1036996925 1981793953 1254690124 1048606697 1759847557 1492364242 1203282793 1590204692 1979954726 1079787488 1326115843 1434709898 1131531574 1008564802 1586176239 1935639900 1392397660 1570408525 1039561373 1343860452 1618967588 1029375591 1123263120 1330643084 1666951027 1276455700 1303422933 1246575714 1080018921 1850416079 1756969167 1011529710 1191492915 1498184239 1661144752 1368868711 1036839966 1927172361 1506273441 1246160021 1555075527 1824032636 1976521887 1142299382 1909665046 1591209318 1755921143 x
