50
25
1 2 3 4 5 6 7 8 9 10 11 12 13 14 15 16 17 18 19 20 21 22 23 24 25 26 27 28 29 30 31 32 33 34 35 36 37 38 39 40 41 42 43 44 45 46 47 48 49 50
12 11 24 18 9 14 7 17 50 28 34 49 32 40 44 31 3 46 39 48 36 15 35 6 22
20
x 13224041.6803 6297599.77909 6615042.94677 7635513.62766 6581272.59219 3686973.71115 5419928.21651 6669878.15361 6816805.31311 6561616.45921 6565355.81164 6632169.78721 7693928.45831 6587262.37 7021522.80368 6664230.21578 6551231.45116 6619839.14281 7001606.12303 6762321.75311 9463061.04628 6983968.09852 7444948.72947 6562901.3742 7300310.00457 3850008.12587 6393840.24028 7328577.40791 7197589.46125 3888871.67861 6639713.7972 7135517.54807 6212337.2664 7021143.03745 6927134.36392 6558846.8711 7073820.46057 5134440.46169 6899882.31302 4017127.31982 7338932.46738 10280598.46156 6929604.8859 4327046.68905 6161064.70837 7126312.24681 6734148.96993 6930248.74253 7060773.48707
13224041.6803 x 12157414.81394 9182000.41163 6709321.0648 10779557.79316 9718629.59238 9651908.00881 9899324.23346 12278561.87092 10684089.21821 8213154.66983 8827863.44791 9094622.4746 10415579.7871 6926290.29952 10202162.77823 9458880.41361 12896762.86639 13202026.32541 9768054.53356 12079945.11248 9698312.44937 7625845.87998 11996626.07924 12728800.29768 9585321.09392 8775387.18741 9625091.09422 9470834.38128 9531640.39199 12612533.2126 9136310.14411 9667198.11215 6678313.18366 12377084.34447 11992121.0758 10478508.11154 10443227.40789 7793497.33176 10036890.09708 6664458.9461 12958906.71033 11024640.37906 9488828.36029 11956560.74884 8464256.72933 12638566.8468 11303704.00285 12696321.67723
6297599.77909 12157414.81394 x 6686101.50213 6816385.76054 7052605.34192 3765927.66154 7133540.00204 6726994.73506 6535512.48857 6632675.01457 7036688.56138 6878105.86052 6986406.59134 7024155.96072 7109249.41523 6735288.77114 6603777.05958 6700105.60001 7080560.07343 6481028.92856 10437413.99344 7110911.71045 6539923.44323 6636841.41266 6577660.88742 7340568.29017 6506652.71014 5709478.47856 6878363.77566 3576324.09578 6826739.13865 6788242.45604 5103598.15228 7126942.04415 7014860.97547 6629905.42646 6774077.53058 5409909.39593 6819166.61685 7069665.88437 7068224.92055 10378072.4744 7044557.70776 6478528.9144 6883466.21982 6418790.37984 6461267.33347 6617701.15971 6783648.53984
6615042.94677 9182000.41163 6686101.50213 x 2972524.79757 4374563.54127 3663074.00749 4319347.98012 5569297.91722 7220983.5376 6906135.23206 4066237.18925 2422869.19602 6969968.68529 6268662.30652 6616406.93221 7318782.71473 7281793.11958 6598329.40952 6616516.33815 5621137.05298 10650642.24773 6618069.22742 4786882.56102 6541391.64091 7278800.27128 5031028.50295 3345435.95635 5299465.34429 6758761.76761 3862316.45233 6734170.85001 7054231.3792 6304081.47165 3171518.54634 6522018.49245 6797505.37822 6681509.24194 5307055.74188 1542781.19985 5037911.6634 2517541.46553 8811989.22976 5911556.12356 5389965.02842 7223983.04774 7044003.26669 7119138.33171 6525132.87106 6931826.85053
7635513.62766 6709321.0648 6816385.76054 2972524.79757 x 4570082.17911 4406986.9266 4514866.61796 4755948.24269 7114818.75595 5372446.55243 2003679.05577 2618387.83386 6714529.71132 4206104.17305 6886961.32472 4829175.4635 7183083.32696 6673845.38095 7035770.19038 3558578.91951 9361367.59509 6390047.1944 2314203.2142 6952298.30455 7286269.15654 5785550.30778 3540954.59419 3239744.47713 7364207.63853 4219997.72621 7166497.42578 6756217.38083 4032010.17093 776487.99946 7194621.95953 6886584.38267 6488443.93233 5515755.71484 1584021.71771 5233430.30124 505537.03561 6749431.09628 7015167.82795 5917300.74827 7633446.93258 6084163.96605 7040573.60085 5447799.14177 7107793.62459
6581272.59219 10779557.79316 7052605.34192 4374563.54127 4570082.17911 x 3625551.39128 5916905.36165 7166855.29876 7138647.70901 4782722.17141 5663794.57078 2168549.2725 6792336.7998 6904026.49573 6582636.57762 4424065.00563 7235468.90203 6564559.05493 6966697.73207 6496824.99106 10008840.7957 6462249.78786 6384439.94256 6507621.28632 6808195.05311 5118856.81917 4942993.33788 2757123.39449 7142309.37338 3820624.65654 7111950.21584 6834024.46931 3597651.19655 4769075.92787 6858887.34185 6868945.63288 7046935.88489 5449799.5778 2986060.4614 4566736.81263 4115098.84706 10409546.61129 6517944.87015 5482941.7739 6747704.5614 6161971.05453 7085367.97712 5525606.23025 6636796.02808
3686973.71115 9718629.59238 3765927.66154 3663074.00749 4406986.9266 3625551.39128 x 3715478.79141 3708510.93297 3887074.71852 3603711.24353 3607866.07957 3865280.39385 4373339.09499 3632206.69997 3688489.25051 3717726.52861 3948195.17081 3668403.1142 3688610.81268 3819811.0642 7515147.91105 3690336.2452 3892520.34157 3605138.92685 3939109.77883 3661091.47574 3851445.36244 3769962.79518 3846661.28985 207765.77822 3819338.04807 3754337.91918 3947403.80162 3708147.72709 3583613.20634 3600633.92341 3760825.15021 2017960.13517 3792515.89549 3644507.54956 4362124.8079 7247416.87638 3616609.57555 3630968.33672 3871898.12138 3742973.34972 3795414.03322 3587073.62702 3748666.41769
5419928.21651 9651908.00881 7133540.00204 4319347.98012 4514866.61796 5916905.36165 3715478.79141 x 1388833.26345 6842298.15894 6945211.63415 5608579.00964 3965211.0164 6686095.20145 7029903.71422 7053195.11509 6922163.82922 6913574.96439 6645493.71505 6663680.64368 6447130.98603 10123832.43061 7310195.10143 5934862.31941 6588555.94644 7325964.57681 1954920.90322 1082124.47086 4979509.87863 7223244.03349 3920543.99002 5940665.1313 6737793.58591 4702250.85634 4713860.36672 7257578.70896 6677416.74452 7127870.54501 5359460.5258 2930844.90025 1558667.66298 4059883.28591 8675594.34697 2778112.45555 2816960.27899 4650978.29831 6728588.28465 7166302.63723 6564561.55604 3758535.39311
6669878.15361 9899324.23346 6726994.73506 5569297.91722 4755948.24269 7166855.29876 3708510.93297 1388833.26345 x 6836027.08635 6938243.77571 5849660.63437 5215160.95351 7067977.01387 6978690.08325 6657300.16514 7052259.0608 6906607.10595 6639222.64245 6657409.57108 7052367.82453 9935248.16 6658962.46036 6466331.03086 6948614.77978 7319693.50421 3204870.84033 2223861.96088 6361596.84146 7057835.95764 3912801.92509 7190615.06841 7162106.71082 5952200.79345 4954941.99145 6951064.61039 6943609.2204 6722402.47487 5541976.84635 4180794.83736 2652750.83379 4778849.90071 9057984.84938 3750251.1471 4066910.2161 5900928.23541 7152901.40956 6753532.46957 6921606.1592 4632631.79091
6816805.31311 12278561.87092 6535512.48857 7220983.5376 7114818.75595 7138647.70901 3887074.71852 6842298.15894 6836027.08635 x 7116807.56126 7171296.40247 6615988.20174 7084535.7075 6762038.30194 7243857.25632 7270170.80661 7085170.8915 7220107.69264 7202068.72659 6936197.20445 10351269.49009 6853211.87492 6638052.55939 7142003.75764 3375169.92127 6793349.57484 6604781.82629 6538780.94681 6600906.7275 3685356.44707 6949169.65004 6729892.99269 6682508.16203 7261549.88524 6723619.13237 7136442.025 6531379.45439 5314531.36833 6557048.95806 7204273.72546 7074442.84912 9671205.71074 6746441.17751 6766238.74972 6621348.56103 6516919.49599 6925245.63518 7100169.94475 6872167.02259
6561616.45921 10684089.21821 6632675.01457 6906135.23206 5372446.55243 4782722.17141 3603711.24353 6945211.63415 6938243.77571 7116807.56126 x 6188652.14171 6256144.29952 6350823.52814 6512326.14915 6562980.44464 6589293.99493 6421961.35021 6544902.92196 6563089.85059 6681170.07696 9988914.09045 4984891.18092 3398048.15359 6487965.15334 6788538.92013 7038184.75441 6709640.94537 6785861.00931 7122653.2404 3796357.82571 6680744.36244 5048404.36809 6782409.4028 4673607.35292 6834620.51101 6849289.49991 7027279.75192 5425532.74697 6456622.81939 6523396.91378 5327584.43373 10177805.29167 6846342.41829 6877240.12836 6728048.42842 5720457.78287 7065711.84414 6816806.46976 6617139.8951
6565355.81164 8213154.66983 7036688.56138 4066237.18925 2003679.05577 5663794.57078 3607866.07957 5608579.00964 5849660.63437 7171296.40247 6188652.14171 x 3712100.22554 6956149.39898 5299816.56472 6566719.79707 6349936.97293 7213635.18387 6548642.27439 6950780.95153 4652291.31118 9674132.03084 6935287.73048 3818036.81922 6491704.50578 7229113.13615 6191336.42951 4634666.98586 4919449.08519 6976313.62639 3800974.31019 6684483.71488 6630180.87406 6035689.2267 2202672.80454 6839236.9955 6487650.00268 6631822.10681 5251847.81395 2677734.10939 6327142.69292 1720773.02636 7843143.48796 6502028.08961 6434242.16233 7154433.51675 7028648.50412 7069451.19657 6475445.73593 6620879.24754
6632169.78721 8827863.44791 6878105.86052 2422869.19602 2618387.83386 2168549.2725 3865280.39385 3965211.0164 5215160.95351 6615988.20174 6256144.29952 3712100.22554 x 7066882.30451 5914525.34281 7182318.76531 6375759.35087 7063376.56683 6780581.31318 6800789.01166 5267000.08927 9495256.64441 7221303.63524 4432745.59731 7124350.35466 7051287.97781 3167162.47392 2991298.99263 4433105.40028 7193376.74454 3665741.55486 7152906.702 6887595.18835 5549345.54179 2817381.58262 7125252.90026 7084701.7352 6873003.34919 5509262.12823 1149295.68461 2905602.74154 2163404.50181 8457852.26604 6465512.2264 4029201.84969 5863219.86901 7220133.88703 6907592.2322 6699251.826 6503877.47806
7693928.45831 9094622.4746 6986406.59134 6969968.68529 6714529.71132 6792336.7998 4373339.09499 6686095.20145 7067977.01387 7084535.7075 6350823.52814 6956149.39898 7066882.30451 x 5480349.81743 2860961.20503 2368271.79417 2675976.14217 7249128.81894 6835027.15529 6446558.08766 6242928.8824 1864421.46531 7433719.31556 6953119.22929 6887363.09013 6741111.1215 7432171.06718 4310925.74476 6098134.31675 4186349.8946 6990053.91614 1302419.16005 4884449.29764 6672032.01975 7164338.91108 6948113.66991 6395227.24231 4606211.17781 6936343.95079 7195833.17961 6452561.73903 9835667.91901 6597112.90718 6581210.81725 7072242.66381 700406.38363 6428772.65207 3469813.01879 6972424.98383
6587262.37 10415579.7871 7024155.96072 6268662.30652 4206104.17305 6904026.49573 3632206.69997 7029903.71422 6978690.08325 6762038.30194 6512326.14915 5299816.56472 5914525.34281 5480349.81743 x 7080579.53192 6587890.12105 5551487.6395 6570548.83275 6588735.76138 6854716.42846 9118440.37973 4017698.16901 6020461.9365 6513611.06414 7251019.69451 6563968.35814 6837092.10314 7121874.20246 6730981.19084 3828019.44397 6706390.27324 4177930.65738 7193693.66503 4405097.92181 6866282.12928 6509556.56104 6653728.66517 5085150.15163 4880159.22666 6902735.84874 4167912.04555 10045568.60523 6874837.87473 6536857.53302 6749745.25825 4849984.07216 6684858.65987 6915465.7769 7006006.4759
7021522.80368 6926290.29952 7109249.41523 6616406.93221 6886961.32472 6582636.57762 3688489.25051 7053195.11509 6657300.16514 7243857.25632 6562980.44464 6566719.79707 7182318.76531 2860961.20503 7080579.53192 x 3968501.50866 4276205.85666 6621203.12824 6639390.05687 6757470.28324 7058842.73721 3464651.17981 5080842.34503 6564265.35963 7301673.99 6614622.65363 6785941.15165 5911155.45925 3596859.01301 3890555.61124 7168594.28915 2902648.87454 7027395.60076 6188122.12521 6928818.29655 6925589.70619 4244846.84198 5519730.5325 7116830.71678 6983623.20545 6842099.20602 10282469.49782 6574588.94346 6587511.82851 6804348.6347 2478439.39974 7142012.05042 5070042.73328 7090070.2554
6664230.21578 10202162.77823 6735288.77114 7318782.71473 4829175.4635 4424065.00563 3717726.52861 6922163.82922 7052259.0608 7270170.80661 6589293.99493 6349936.97293 6375759.35087 2368271.79417 6587890.12105 3968501.50866 x 3783516.4458 6647516.67853 4466755.36112 6783783.83353 7350469.18603 2971961.76894 6660461.13135 6590578.90992 7327987.54029 5806224.04522 7086829.49991 2158504.38954 7205674.62037 3923041.4758 6783358.11902 2409959.46368 3058894.0921 5045097.11666 6571205.76145 6951903.25648 7129893.50849 5142376.33329 5930279.63486 5519362.93253 4801241.2492 10943208.22264 6600902.49375 4944184.66945 7253307.92089 1931006.721 7168325.60072 1223934.69402 6005055.95947
6551231.45116 9458880.41361 6603777.05958 7281793.11958 7183083.32696 7235468.90203 3948195.17081 6913574.96439 6906607.10595 7085170.8915 6421961.35021 7213635.18387 7063376.56683 2675976.14217 5551487.6395 4276205.85666 3783516.4458 x 7288372.26365 7425244.62623 6647422.61574 3963280.82248 1935559.28738 6706317.1304 7210268.32866 6744054.57459 6018405.58739 7049541.53542 5726170.39639 6669171.29851 3761205.97042 6647039.47267 1526174.42458 6158169.48411 7412152.81219 6781709.37932 7204706.59601 6599644.02541 2144705.59516 6990612.06847 6570525.59392 6919758.32632 7159691.77684 7224429.62335 6880444.96315 6689613.13205 2045610.3969 6627661.02064 4885057.67042 6946762.59068
6619839.14281 12896762.86639 6700105.60001 6598329.40952 6673845.38095 6564559.05493 3668403.1142 6645493.71505 6639222.64245 7220107.69264 6544902.92196 6548642.27439 6780581.31318 7249128.81894 6570548.83275 6621203.12824 6647516.67853 7288372.26365 x 7000998.21301 7165624.13263 9728615.36201 6963334.10191 7224518.6473 6546187.83694 7262256.09149 6596545.13095 7191247.91421 7125247.03473 7187372.81541 3868237.682 6743368.01309 7112590.88517 6847101.27347 6638895.75716 6526814.68848 6542133.33384 7117845.54231 5312384.84858 6721642.0695 6961305.27621 6628983.26225 10257671.79866 6556511.42077 6569434.30583 7207814.64895 6681512.60743 7145862.53754 6909614.74592 7107996.96896
7001606.12303 13202026.32541 7080560.07343 6616516.33815 7035770.19038 6966697.73207 3688610.81268 6663680.64368 6657409.57108 7202068.72659 6563089.85059 6950780.95153 6800789.01166 6835027.15529 6588735.76138 6639390.05687 4466755.36112 7425244.62623 7000998.21301 x 7141531.4377 10635502.09244 6694845.41706 7249466.4232 6564374.76557 7301783.39594 6614732.05958 6789582.63621 6409409.31171 6332250.25034 3890690.68031 7126015.05594 6876714.8248 7525649.45322 7041034.4343 6928953.36562 6915266.33529 6706698.95557 5519865.60157 6741849.76798 7170417.13668 6990908.07168 10282619.57456 6574698.3494 6587621.23446 7188409.78916 6204661.41002 6735622.3613 3739126.81833 6706331.69097
6762321.75311 9768054.53356 6481028.92856 5621137.05298 3558578.91951 6496824.99106 3819811.0642 6447130.98603 7052367.82453 6936197.20445 6681170.07696 4652291.31118 5267000.08927 6446558.08766 6854716.42846 6757470.28324 6783783.83353 6647422.61574 7165624.13263 7141531.4377 x 9864882.51701 7170782.15784 5372936.68296 7087520.19764 6621306.44357 6936574.47743 6189566.8496 6474348.94892 6922009.33181 3624819.15818 6524291.34165 6842125.8587 6831530.18139 3757572.66827 6663081.84348 7081958.46499 6836173.19218 5463792.79858 4232633.97312 7093838.30099 3448439.54162 9398043.35169 6691957.61751 6705701.46083 6566865.00103 6462435.93599 6504912.88962 7032906.29043 6811629.73371
9463061.04628 12079945.11248 10437413.99344 10650642.24773 9361367.59509 10008840.7957 7515147.91105 10123832.43061 9935248.16 10351269.49009 9988914.09045 9674132.03084 9495256.64441 6242928.8824 9118440.37973 7058842.73721 7350469.18603 3963280.82248 9728615.36201 10635502.09244 9864882.51701 x 5502512.02762 7830182.64544 9671677.5934 10409086.22377 9585358.32762 9893353.38542 8363810.82296 8349290.5477 7328158.71065 9437612.39449 4940509.72236 9368426.95032 8662528.39558 9991966.84553 9667623.0903 8522035.22319 5497187.77588 9400989.47585 10137478.33416 9316505.47639 10726644.51708 10253070.6774 10447397.70339 9587604.55908 5612563.13713 9842925.18913 8452010.41065 9819039.07184
6983968.09852 9698312.44937 7110911.71045 6618069.22742 6390047.1944 6462249.78786 3690336.2452 7310195.10143 6658962.46036 6853211.87492 4984891.18092 6935287.73048 7221303.63524 1864421.46531 4017698.16901 3464651.17981 2971961.76894 1935559.28738 6963334.10191 6694845.41706 7170782.15784 5502512.02762 x 6439484.48199 6932257.56079 6827284.42126 7115891.34515 7205931.37811 4423154.14758 6701824.29152 3892607.82756 7170256.58437 624447.00585 5427770.27493 6600598.13534 6899971.05074 6888035.00104 6706045.25587 3865794.32302 6734566.92662 6563771.33861 6594515.40261 8185725.9578 6576251.23868 7124531.79455 6424450.88347 1234055.72004 6737175.25058 3666152.6942 6655885.39623
7444948.72947 7625845.87998 6539923.44323 4786882.56102 2314203.2142 6384439.94256 3892520.34157 5934862.31941 6466331.03086 6638052.55939 3398048.15359 3818036.81922 4432745.59731 7433719.31556 6020461.9365 5080842.34503 6660461.13135 6706317.1304 7224518.6473 7249466.4232 5372936.68296 7830182.64544 6439484.48199 x 7146414.71231 6680200.95824 4422157.1291 5355312.35764 5229973.24362 6980903.84648 3690257.50781 6953580.6047 6530535.75192 5711592.04661 1794848.90521 7155519.50883 6734876.48004 6895067.70685 5536502.07595 3398379.48116 4532061.42272 2269341.0955 8563788.85973 6750852.13218 4841980.79195 6675998.81127 6803353.57029 6929656.58985 6721316.18365 6882908.97433
6562901.3742 11996626.07924 6636841.41266 6541391.64091 6952298.30455 6507621.28632 3605138.92685 6588555.94644 6948614.77978 7142003.75764 6487965.15334 6491704.50578 7124350.35466 6953119.22929 6513611.06414 6564265.35963 6590578.90992 7210268.32866 6546187.83694 6564374.76557 7087520.19764 9671677.5934 6932257.56079 7146414.71231 x 7184152.15649 6539607.36233 7113143.97921 7047143.09973 6702235.65159 3797944.1405 6680103.82575 6627453.72135 6783837.08612 6948287.89449 6469876.91987 6485195.56523 6632708.37848 5249120.66123 6658377.88215 6524681.82877 6907436.18585 10682078.02271 6499573.65216 6512496.53721 7129710.71395 7025281.64891 6660725.37372 6472991.29848 7029893.03397
7300310.00457 12728800.29768 6577660.88742 7278800.27128 7286269.15654 6808195.05311 3939109.77883 7325964.57681 7319693.50421 3375169.92127 6788538.92013 7229113.13615 7051287.97781 6887363.09013 7251019.69451 7301673.99 7327987.54029 6744054.57459 7262256.09149 7301783.39594 6621306.44357 10409086.22377 6827284.42126 6680200.95824 7184152.15649 x 6840181.12912 7040081.60237 6974080.72289 6643055.12635 3732188.00135 7014074.67773 6961424.57333 6724656.56088 7319366.61892 7207285.55024 7222604.1956 6573527.85324 5361362.92261 6992348.73414 7262090.45914 7241407.03784 10067873.98969 6800147.41895 6813070.304 7056648.33711 6952219.27207 6601544.84847 7210399.92885 6956830.65713
3850008.12587 9585321.09392 7340568.29017 5031028.50295 5785550.30778 5118856.81917 3661091.47574 1954920.90322 3204870.84033 6793349.57484 7038184.75441 6191336.42951 3167162.47392 6741111.1215 6563968.35814 6614622.65363 5806224.04522 6018405.58739 6596545.13095 6614732.05958 6936574.47743 9585358.32762 7115891.34515 4422157.1291 6539607.36233 6840181.12912 x 2928832.927 3863570.09463 7019426.19729 3860113.63928 4428604.69787 6553889.03989 2747329.95312 5595305.43087 6406897.81881 4722495.8413 6679724.96336 4542411.72416 4201528.59007 613466.67393 5330566.97573 9317627.29295 4455222.11322 957821.52863 2995619.32787 6789717.0847 6710854.95807 5759077.34996 5337602.75703
6393840.24028 8775387.18741 6506652.71014 3345435.95635 3540954.59419 4942993.33788 3851445.36244 1082124.47086 2223861.96088 6604781.82629 6709640.94537 4634666.98586 2991298.99263 7432171.06718 6837092.10314 6785941.15165 7086829.49991 7049541.53542 7191247.91421 6789582.63621 6189566.8496 9893353.38542 7205931.37811 5355312.35764 7113143.97921 7040081.60237 2928832.927 x 5715750.61036 6947633.11339 3653290.02659 6914577.15508 6873760.15693 5676162.88011 3739948.34295 6691552.71189 6701605.74694 6861796.97375 5495427.09682 2174369.86275 2376712.92046 3085971.26214 8781946.93605 3474213.23377 3790872.30276 5624890.32208 6864554.85567 6896385.85675 6882017.42421 4356593.87758
7328577.40791 9625091.09422 5709478.47856 5299465.34429 3239744.47713 2757123.39449 3769962.79518 4979509.87863 6361596.84146 6538780.94681 6785861.00931 4919449.08519 4433105.40028 4310925.74476 7121874.20246 5911155.45925 2158504.38954 5726170.39639 7125247.03473 6409409.31171 6474348.94892 8363810.82296 4423154.14758 5229973.24362 7047143.09973 6974080.72289 3863570.09463 5715750.61036 x 6881632.23391 3579955.71606 6854308.99213 4352613.41427 1240266.8239 3614609.22893 7019344.45729 6635604.86746 6795796.09427 5209130.63732 4499791.74712 3974121.09105 3370753.36146 9665201.1257 7089500.87795 3001530.71886 6559627.48971 3680559.99949 6830384.97727 3044195.17521 6426670.22314
7197589.46125 9470834.38128 6878363.77566 6758761.76761 7364207.63853 7142309.37338 3846661.28985 7223244.03349 7057835.95764 6600906.7275 7122653.2404 6976313.62639 7193376.74454 6098134.31675 6730981.19084 3596859.01301 7205674.62037 6669171.29851 7187372.81541 6332250.25034 6922009.33181 8349290.5477 6701824.29152 6980903.84648 6702235.65159 6643055.12635 7019426.19729 6947633.11339 6881632.23391 x 3648984.36126 7147605.92087 6139821.98626 6649773.2848 7405964.93224 7104565.00692 7073316.81247 1119637.47807 5278159.28252 6524314.08084 7005993.21708 7319345.51983 10014056.99784 7134261.73922 7354303.75247 6588613.68381 5467768.57148 6892510.75796 6959471.73982 6488796.00382
3888871.67861 9531640.39199 3576324.09578 3862316.45233 4219997.72621 3820624.65654 207765.77822 3920543.99002 3912801.92509 3685356.44707 3796357.82571 3800974.31019 3665741.55486 4186349.8946 3828019.44397 3890555.61124 3923041.4758 3761205.97042 3868237.682 3890690.68031 3624819.15818 7328158.71065 3892607.82756 3690257.50781 3797944.1405 3732188.00135 3860113.63928 3653290.02659 3579955.71606 3648984.36126 x 3624393.44366 3565893.32766 3739652.62185 3912398.363 3774026.67327 3792938.58112 3571731.83559 2034412.14975 3600253.50633 3841687.05462 4175135.60751 7060427.67598 3810689.30573 3826643.48481 3671697.50964 3555665.21515 3602861.83029 3777871.58514 3560788.97632
6639713.7972 12612533.2126 6826739.13865 6734170.85001 7166497.42578 7111950.21584 3819338.04807 5940665.1313 7190615.06841 6949169.65004 6680744.36244 6684483.71488 7152906.702 6990053.91614 6706390.27324 7168594.28915 6783358.11902 6647039.47267 6743368.01309 7126015.05594 6524291.34165 9437612.39449 7170256.58437 6953580.6047 6680103.82575 7014074.67773 4428604.69787 6914577.15508 6854308.99213 7147605.92087 3624393.44366 x 6841652.84257 6733074.1812 7186286.91807 6662656.12897 818612.90357 6822146.87846 5463319.78245 6502182.25499 4537864.23462 7121635.30707 10444011.2232 6692352.86126 4847783.60385 6681801.62316 6462052.79293 3592827.89388 6665770.50758 6466664.17798
7135517.54807 9136310.14411 6788242.45604 7054231.3792 6756217.38083 6834024.46931 3754337.91918 6737793.58591 7162106.71082 6729892.99269 5048404.36809 6630180.87406 6887595.18835 1302419.16005 4177930.65738 2902648.87454 2409959.46368 1526174.42458 7112590.88517 6876714.8248 6842125.8587 4940509.72236 624447.00585 6530535.75192 6627453.72135 6961424.57333 6553889.03989 6873760.15693 4352613.41427 6139821.98626 3565893.32766 6841652.84257 x 5468853.55578 6709550.9223 6604156.01296 7028925.21753 6423862.64692 3303792.01776 6449532.15059 6668632.25927 7211200.71288 8533248.75896 7048648.24487 6618729.71981 6513831.75356 746726.01642 6451879.64215 3511500.6883 6770981.21219
6212337.2664 9667198.11215 5103598.15228 6304081.47165 4032010.17093 3597651.19655 3947403.80162 4702250.85634 5952200.79345 6682508.16203 6782409.4028 6035689.2267 5549345.54179 4884449.29764 7193693.66503 7027395.60076 3058894.0921 6158169.48411 6847101.27347 7525649.45322 6831530.18139 9368426.95032 5427770.27493 5711592.04661 6783837.08612 6724656.56088 2747329.95312 5676162.88011 1240266.8239 6649773.2848 3739652.62185 6733074.1812 5468853.55578 x 4730849.37044 6777915.30716 7469825.79441 6580246.0117 5368827.54311 5616031.88863 3299449.95966 4486993.50297 10781441.26721 7202552.06634 2094767.30817 5443387.3482 4796800.141 6974112.19249 4160435.31672 7276439.43913
7021143.03745 6678313.18366 7126942.04415 3171518.54634 776487.99946 4769075.92787 3708147.72709 4713860.36672 4954941.99145 7261549.88524 4673607.35292 2202672.80454 2817381.58262 6672032.01975 4405097.92181 6188122.12521 5045097.11666 7412152.81219 6638895.75716 7041034.4343 3757572.66827 8662528.39558 6600598.13534 1794848.90521 6948287.89449 7319366.61892 5595305.43087 3739948.34295 3614609.22893 7405964.93224 3912398.363 7186286.91807 6709550.9223 4730849.37044 x 6562584.84009 6577903.48545 6722075.58958 5352129.46148 1783015.46647 5432424.05 726641.2009 6948424.84504 6492745.41904 6457344.80664 7244686.99952 6783003.16556 7159704.67935 6146638.34128 7286887.99847
6927134.36392 12377084.34447 7014860.97547 6522018.49245 7194621.95953 6858887.34185 3583613.20634 7257578.70896 6951064.61039 6723619.13237 6834620.51101 6839236.9955 7125252.90026 7164338.91108 6866282.12928 6928818.29655 6571205.76145 6781709.37932 6526814.68848 6928953.36562 6663081.84348 9991966.84553 6899971.05074 7155519.50883 6469876.91987 7207285.55024 6406897.81881 6691552.71189 7019344.45729 7104565.00692 3774026.67327 6662656.12897 6604156.01296 6777915.30716 6562584.84009 x 6465822.41677 7009191.51844 5227594.94072 7044403.45763 6505308.6803 7154246.0527 10109712.66161 6480200.5037 6493123.38875 6709960.19494 6593927.90045 6641124.5156 6816134.27045 6995681.81564
6558846.8711 11992121.0758 6629905.42646 6797505.37822 6886584.38267 6868945.63288 3600633.92341 6677416.74452 6943609.2204 7136442.025 6849289.49991 6487650.00268 7084701.7352 6948113.66991 6509556.56104 6925589.70619 6951903.25648 7204706.59601 6542133.33384 6915266.33529 7081958.46499 9667623.0903 6888035.00104 6734876.48004 6485195.56523 7222604.1956 4722495.8413 6701605.74694 6635604.86746 7073316.81247 3792938.58112 818612.90357 7028925.21753 7469825.79441 6577903.48545 6465822.41677 x 6990692.01592 5244615.65779 7059849.37834 5274615.84783 7146223.38958 10675211.68611 6495519.14906 5584535.21706 7418553.23638 7019719.91627 3173418.08963 6468936.79539 6979749.15665
7073820.46057 10478508.11154 6774077.53058 6681509.24194 6488443.93233 7046935.88489 3760825.15021 7127870.54501 6722402.47487 6531379.45439 7027279.75192 6631822.10681 6873003.34919 6395227.24231 6653728.66517 4244846.84198 7129893.50849 6599644.02541 7117845.54231 6706698.95557 6836173.19218 8522035.22319 6706045.25587 6895067.70685 6632708.37848 6573527.85324 6679724.96336 6861796.97375 6795796.09427 1119637.47807 3571731.83559 6822146.87846 6423862.64692 6580246.0117 6722075.58958 7009191.51844 6990692.01592 x 5404806.8846 6454786.80773 6664799.42979 6703845.11143 10371773.07769 7003456.32497 7051811.13579 6519086.4107 6475442.30174 6822983.48485 6613108.89951 6419268.73072
5134440.46169 10443227.40789 5409909.39593 5307055.74188 5515755.71484 5449799.5778 2017960.13517 5359460.5258 5541976.84635 5314531.36833 5425532.74697 5251847.81395 5509262.12823 4606211.17781 5085150.15163 5519730.5325 5142376.33329 2144705.59516 5312384.84858 5519865.60157 5463792.79858 5497187.77588 3865794.32302 5536502.07595 5249120.66123 5361362.92261 4542411.72416 5495427.09682 5209130.63732 5278159.28252 2034412.14975 5463319.78245 3303792.01776 5368827.54311 5352129.46148 5227594.94072 5244615.65779 5404806.8846 x 5071199.09048 4640290.55828 6006106.54229 5810507.49023 5260591.30993 4950209.92751 5300872.4309 3975845.43254 5439395.7676 5044530.38598 5189963.89758
6899882.31302 7793497.33176 6819166.61685 1542781.19985 1584021.71771 2986060.4614 3792515.89549 2930844.90025 4180794.83736 6557048.95806 6456622.81939 2677734.10939 1149295.68461 6936343.95079 4880159.22666 7116830.71678 5930279.63486 6990612.06847 6721642.0695 6741849.76798 4232633.97312 9400989.47585 6734566.92662 3398379.48116 6658377.88215 6992348.73414 4201528.59007 2174369.86275 4499791.74712 6524314.08084 3600253.50633 6502182.25499 6449532.15059 5616031.88863 1783015.46647 7044403.45763 7059849.37834 6454786.80773 5071199.09048 x 3649408.58354 1254487.09518 7423486.14989 5431146.11025 5063567.96584 6897585.98516 6873075.30098 6482803.80296 7031820.85948 6313526.75405
4017127.31982 10036890.09708 7069665.88437 5037911.6634 5233430.30124 4566736.81263 3644507.54956 1558667.66298 2652750.83379 7204273.72546 6523396.91378 6327142.69292 2905602.74154 7195833.17961 6902735.84874 6983623.20545 5519362.93253 6570525.59392 6961305.27621 7170417.13668 7093838.30099 10137478.33416 6563771.33861 4532061.42272 6524681.82877 7262090.45914 613466.67393 2376712.92046 3974121.09105 7005993.21708 3841687.05462 4537864.23462 6668632.25927 3299449.95966 5432424.05 6505308.6803 5274615.84783 6664799.42979 4640290.55828 3649408.58354 x 4778446.96919 9210835.80896 3903102.10668 1414159.38231 3248177.40162 6662865.38277 7317622.91565 5735289.62151 4785482.75049
7338932.46738 6664458.9461 7068224.92055 2517541.46553 505537.03561 4115098.84706 4362124.8079 4059883.28591 4778849.90071 7074442.84912 5327584.43373 1720773.02636 2163404.50181 6452561.73903 4167912.04555 6842099.20602 4801241.2492 6919758.32632 6628983.26225 6990908.07168 3448439.54162 9316505.47639 6594515.40261 2269341.0955 6907436.18585 7241407.03784 5330566.97573 3085971.26214 3370753.36146 7319345.51983 4175135.60751 7121635.30707 7211200.71288 4486993.50297 726641.2009 7154246.0527 7146223.38958 6703845.11143 6006106.54229 1254487.09518 4778446.96919 x 6993830.84915 6560184.4959 6192606.3515 7174195.38038 6539147.2981 7000197.69402 5902782.47382 6698308.62574
10280598.46156 12958906.71033 10378072.4744 8811989.22976 6749431.09628 10409546.61129 7247416.87638 8675594.34697 9057984.84938 9671205.71074 10177805.29167 7843143.48796 8457852.26604 9835667.91901 10045568.60523 10282469.49782 10943208.22264 7159691.77684 10257671.79866 10282619.57456 9398043.35169 10726644.51708 8185725.9578 8563788.85973 10682078.02271 10067873.98969 9317627.29295 8781946.93605 9665201.1257 10014056.99784 7060427.67598 10444011.2232 8533248.75896 10781441.26721 6948424.84504 10109712.66161 10675211.68611 10371773.07769 5810507.49023 7423486.14989 9210835.80896 6993830.84915 x 9056920.67146 10179666.66872 10508900.20259 9205302.17374 10414475.40239 9754469.33501 9916062.12568
6929604.8859 11024640.37906 7044557.70776 5911556.12356 7015167.82795 6517944.87015 3616609.57555 2778112.45555 3750251.1471 6746441.17751 6846342.41829 6502028.08961 6465512.2264 6597112.90718 6874837.87473 6574588.94346 6600902.49375 7224429.62335 6556511.42077 6574698.3494 6691957.61751 10253070.6774 6576251.23868 6750852.13218 6499573.65216 6800147.41895 4455222.11322 3474213.23377 7089500.87795 7134261.73922 3810689.30573 6692352.86126 7048648.24487 7202552.06634 6492745.41904 6480200.5037 6495519.14906 7003456.32497 5260591.30993 5431146.11025 3903102.10668 6560184.4959 9056920.67146 x 5317261.48899 7151279.5083 6629719.06879 7077320.34296 6483314.88232 5882983.0638
4327046.68905 9488828.36029 6478528.9144 5389965.02842 5917300.74827 5482941.7739 3630968.33672 2816960.27899 4066910.2161 6766238.74972 6877240.12836 6434242.16233 4029201.84969 6581210.81725 6536857.53302 6587511.82851 4944184.66945 6880444.96315 6569434.30583 6587621.23446 6705701.46083 10447397.70339 7124531.79455 4841980.79195 6512496.53721 6813070.304 957821.52863 3790872.30276 3001530.71886 7354303.75247 3826643.48481 4847783.60385 6618729.71981 2094767.30817 6457344.80664 6493123.38875 5584535.21706 7051811.13579 4950209.92751 5063567.96584 1414159.38231 6192606.3515 10179666.66872 5317261.48899 x 3558096.77085 6013881.64651 6683744.13295 5441153.30466 6199642.1328
6161064.70837 11956560.74884 6883466.21982 7223983.04774 7633446.93258 6747704.5614 3871898.12138 4650978.29831 5900928.23541 6621348.56103 6728048.42842 7154433.51675 5863219.86901 7072242.66381 6749745.25825 6804348.6347 7253307.92089 6689613.13205 7207814.64895 7188409.78916 6566865.00103 9587604.55908 6424450.88347 6675998.81127 7129710.71395 7056648.33711 2995619.32787 5624890.32208 6559627.48971 6588613.68381 3671697.50964 6681801.62316 6513831.75356 5443387.3482 7244686.99952 6709960.19494 7418553.23638 6519086.4107 5300872.4309 6897585.98516 3248177.40162 7174195.38038 10508900.20259 7151279.5083 3558096.77085 x 6504626.4523 6912952.59149 6713074.57356 6858508.08517
7126312.24681 8464256.72933 6418790.37984 7044003.26669 6084163.96605 6161971.05453 3742973.34972 6728588.28465 7152901.40956 6516919.49599 5720457.78287 7028648.50412 7220133.88703 700406.38363 4849984.07216 2478439.39974 1931006.721 2045610.3969 6681512.60743 6204661.41002 6462435.93599 5612563.13713 1234055.72004 6803353.57029 7025281.64891 6952219.27207 6789717.0847 6864554.85567 3680559.99949 5467768.57148 3555665.21515 6462052.79293 746726.01642 4796800.141 6783003.16556 6593927.90045 7019719.91627 6475442.30174 3975845.43254 6873075.30098 6662865.38277 6539147.2981 9205302.17374 6629719.06879 6013881.64651 6504626.4523 x 6442674.34089 2839447.27352 6404808.77232
6734148.96993 12638566.8468 6461267.33347 7119138.33171 7040573.60085 7085367.97712 3795414.03322 7166302.63723 6753532.46957 6925245.63518 7065711.84414 7069451.19657 6907592.2322 6428772.65207 6684858.65987 7142012.05042 7168325.60072 6627661.02064 7145862.53754 6735622.3613 6504912.88962 9842925.18913 6737175.25058 6929656.58985 6660725.37372 6601544.84847 6710854.95807 6896385.85675 6830384.97727 6892510.75796 3602861.83029 3592827.89388 6451879.64215 6974112.19249 7159704.67935 6641124.5156 3173418.08963 6822983.48485 5439395.7676 6482803.80296 7317622.91565 7000197.69402 10414475.40239 7077320.34296 6683744.13295 6912952.59149 6442674.34089 x 7050737.98928 6813134.91151
6930248.74253 11303704.00285 6617701.15971 6525132.87106 5447799.14177 5525606.23025 3587073.62702 6564561.55604 6921606.1592 7100169.94475 6816806.46976 6475445.73593 6699251.826 3469813.01879 6915465.7769 5070042.73328 1223934.69402 4885057.67042 6909614.74592 3739126.81833 7032906.29043 8452010.41065 3666152.6942 6721316.18365 6472991.29848 7210399.92885 5759077.34996 6882017.42421 3044195.17521 6959471.73982 3777871.58514 6665770.50758 3511500.6883 4160435.31672 6146638.34128 6816134.27045 6468936.79539 6613108.89951 5044530.38598 7031820.85948 5735289.62151 5902782.47382 9754469.33501 6483314.88232 5441153.30466 6713074.57356 2839447.27352 7050737.98928 x 6506091.58814
7060773.48707 12696321.67723 6783648.53984 6931826.85053 7107793.62459 6636796.02808 3748666.41769 3758535.39311 4632631.79091 6872167.02259 6617139.8951 6620879.24754 6503877.47806 6972424.98383 7006006.4759 7090070.2554 6005055.95947 6946762.59068 7107996.96896 6706331.69097 6811629.73371 9819039.07184 6655885.39623 6882908.97433 7029893.03397 6956830.65713 5337602.75703 4356593.87758 6426670.22314 6488796.00382 3560788.97632 6466664.17798 6770981.21219 7276439.43913 7286887.99847 6995681.81564 6979749.15665 6419268.73072 5189963.89758 6313526.75405 4785482.75049 6698308.62574 9916062.12568 5882983.0638 6199642.1328 6858508.08517 6404808.77232 6813134.91151 6506091.58814 x