50
25
a b c d e f g h i j k l m n o p q r s t u v w x y z aa ab ac ad ae af ag ah ai aj ak al am an ao ap aq ar as at au av aw ax
a b c e f g h k l o u v w y ac af ah ai aj ak al am ao ap aq
j
x 17.3 17.3 10 37.3 243 240 243 245 111 319 319 319 309 339 208 209 210 210 116 221 221 221 211 241 251 27.3 230 329 220 231 244 242 244 247 244 243 246 247 242 240 243 244 110 116 116 116 116 116 120
17.3 x 17.3 10 37.3 243 240 243 245 111 319 319 319 309 339 208 209 210 210 116 221 221 221 211 241 251 27.3 230 329 220 231 244 242 244 247 244 243 246 247 242 240 243 244 110 116 116 116 116 116 120
17.3 17.3 x 10 20 243 240 243 245 111 319 319 319 309 339 208 209 210 210 116 221 221 221 211 241 251 10 230 329 220 231 244 242 244 247 244 243 246 247 242 240 243 244 110 116 116 116 116 116 120
10 10 10 x 30 233 230 233 235 101 309 309 309 299 329 198 199 200 200 106 211 211 211 201 231 241 20 220 319 210 221 234 232 234 237 234 233 236 237 232 230 233 234 100 106 106 106 106 106 110
37.3 37.3 20 30 x 263 260 263 265 131 339 339 339 329 359 228 229 230 230 136 241 241 241 231 261 271 10 250 349 240 251 264 262 264 267 264 263 266 267 262 260 263 264 130 136 136 136 136 136 140
243 243 243 233 263 x 3 4 2 333 143 143 143 133 163 236 235 234 33 129 243 243 243 233 263 273 253 13 153 23 253 3 5 7 4 3 6 7 4 5 7 10 7 133 129 129 129 129 129 123
240 240 240 230 260 3 x 3 5 330 140 140 140 130 160 233 232 231 30 126 240 240 240 230 260 270 250 10 150 20 250 4 2 4 7 6 3 6 7 6 4 7 8 130 126 126 126 126 126 120
243 243 243 233 263 4 3 x 2 333 143 143 143 133 163 236 235 234 33 129 243 243 243 233 263 273 253 13 153 23 253 7 5 3 4 7 6 3 4 9 7 6 7 133 129 129 129 129 129 123
245 245 245 235 265 2 5 2 x 335 145 145 145 135 165 238 237 236 35 131 245 245 245 235 265 275 255 15 155 25 255 5 7 5 2 5 8 5 2 7 9 8 5 135 131 131 131 131 131 125
111 111 111 101 131 333 330 333 335 x 311 311 311 301 331 97 98 99 300 207 110 110 110 100 130 140 121 320 321 310 120 334 332 334 337 334 333 336 337 332 330 333 334 201 207 207 207 207 207 211
319 319 319 309 339 143 140 143 145 311 x 17.3 17.3 10 37.3 214 213 212 110 206 221 221 221 211 241 251 329 130 27.3 120 231 144 142 144 147 144 143 146 147 142 140 143 144 210 206 206 206 206 206 200
319 319 319 309 339 143 140 143 145 311 17.3 x 17.3 10 37.3 214 213 212 110 206 221 221 221 211 241 251 329 130 27.3 120 231 144 142 144 147 144 143 146 147 142 140 143 144 210 206 206 206 206 206 200
319 319 319 309 339 143 140 143 145 311 17.3 17.3 x 10 20 214 213 212 110 206 221 221 221 211 241 251 329 130 10 120 231 144 142 144 147 144 143 146 147 142 140 143 144 210 206 206 206 206 206 200
309 309 309 299 329 133 130 133 135 301 10 10 10 x 30 204 203 202 100 196 211 211 211 201 231 241 319 120 20 110 221 134 132 134 137 134 133 136 137 132 130 133 134 200 196 196 196 196 196 190
339 339 339 329 359 163 160 163 165 331 37.3 37.3 20 30 x 234 233 232 130 226 241 241 241 231 261 271 349 150 10 140 251 164 162 164 167 164 163 166 167 162 160 163 164 230 226 226 226 226 226 220
208 208 208 198 228 236 233 236 238 97 214 214 214 204 234 x 1 2 203 299 13 13 13 3 33 43 218 223 224 213 23 237 235 237 240 237 236 239 240 235 233 236 237 298 299 299 299 299 299 293
209 209 209 199 229 235 232 235 237 98 213 213 213 203 233 1 x 1 202 298 12 12 12 2 32 42 219 222 223 212 22 236 234 236 239 236 235 238 239 234 232 235 236 299 298 298 298 298 298 292
210 210 210 200 230 234 231 234 236 99 212 212 212 202 232 2 1 x 201 297 11 11 11 1 31 41 220 221 222 211 21 235 233 235 238 235 234 237 238 233 231 234 235 300 297 297 297 297 297 291
210 210 210 200 230 33 30 33 35 300 110 110 110 100 130 203 202 201 x 96 210 210 210 200 230 240 220 20 120 10 220 34 32 34 37 34 33 36 37 32 30 33 34 100 96 96 96 96 96 90
116 116 116 106 136 129 126 129 131 207 206 206 206 196 226 299 298 297 96 x 306 306 306 296 326 336 126 116 216 106 316 130 128 130 133 130 129 132 133 128 126 129 130 6 6 6 6 6 6 6
221 221 221 211 241 243 240 243 245 110 221 221 221 211 241 13 12 11 210 306 x 17.3 17.3 10 37.3 47.3 231 230 231 220 27.3 244 242 244 247 244 243 246 247 242 240 243 244 310 306 306 306 306 306 300
221 221 221 211 241 243 240 243 245 110 221 221 221 211 241 13 12 11 210 306 17.3 x 17.3 10 37.3 47.3 231 230 231 220 27.3 244 242 244 247 244 243 246 247 242 240 243 244 310 306 306 306 306 306 300
221 221 221 211 241 243 240 243 245 110 221 221 221 211 241 13 12 11 210 306 17.3 17.3 x 10 20 30 231 230 231 220 10 244 242 244 247 244 243 246 247 242 240 243 244 310 306 306 306 306 306 300
211 211 211 201 231 233 230 233 235 100 211 211 211 201 231 3 2 1 200 296 10 10 10 x 30 40 221 220 221 210 20 234 232 234 237 234 233 236 237 232 230 233 234 300 296 296 296 296 296 290
241 241 241 231 261 263 260 263 265 130 241 241 241 231 261 33 32 31 230 326 37.3 37.3 20 30 x 10 251 250 251 240 10 264 262 264 267 264 263 266 267 262 260 263 264 330 326 326 326 326 326 320
251 251 251 241 271 273 270 273 275 140 251 251 251 241 271 43 42 41 240 336 47.3 47.3 30 40 10 x 261 260 261 250 20 274 272 274 277 274 273 276 277 272 270 273 274 340 336 336 336 336 336 330
27.3 27.3 10 20 10 253 250 253 255 121 329 329 329 319 349 218 219 220 220 126 231 231 231 221 251 261 x 240 339 230 241 254 252 254 257 254 253 256 257 252 250 253 254 120 126 126 126 126 126 130
230 230 230 220 250 13 10 13 15 320 130 130 130 120 150 223 222 221 20 116 230 230 230 220 250 260 240 x 140 10 240 14 12 14 17 14 13 16 17 12 10 13 14 120 116 116 116 116 116 110
329 329 329 319 349 153 150 153 155 321 27.3 27.3 10 20 10 224 223 222 120 216 231 231 231 221 251 261 339 140 x 130 241 154 152 154 157 154 153 156 157 152 150 153 154 220 216 216 216 216 216 210
220 220 220 210 240 23 20 23 25 310 120 120 120 110 140 213 212 211 10 106 220 220 220 210 240 250 230 10 130 x 230 24 22 24 27 24 23 26 27 22 20 23 24 110 106 106 106 106 106 100
231 231 231 221 251 253 250 253 255 120 231 231 231 221 251 23 22 21 220 316 27.3 27.3 10 20 10 20 241 240 241 230 x 254 252 254 257 254 253 256 257 252 250 253 254 320 316 316 316 316 316 310
244 244 244 234 264 3 4 7 5 334 144 144 144 134 164 237 236 235 34 130 244 244 244 234 264 274 254 14 154 24 254 x 2 4 3 4 7 10 7 2 4 7 4 134 130 130 130 130 130 124
242 242 242 232 262 5 2 5 7 332 142 142 142 132 162 235 234 233 32 128 242 242 242 232 262 272 252 12 152 22 252 2 x 2 5 6 5 8 9 4 2 5 6 132 128 128 128 128 128 122
244 244 244 234 264 7 4 3 5 334 144 144 144 134 164 237 236 235 34 130 244 244 244 234 264 274 254 14 154 24 254 4 2 x 3 8 7 6 7 6 4 3 6 134 130 130 130 130 130 124
247 247 247 237 267 4 7 4 2 337 147 147 147 137 167 240 239 238 37 133 247 247 247 237 267 277 257 17 157 27 257 3 5 3 x 7 10 7 4 5 7 6 3 137 133 133 133 133 133 127
244 244 244 234 264 3 6 7 5 334 144 144 144 134 164 237 236 235 34 130 244 244 244 234 264 274 254 14 154 24 254 4 6 8 7 x 3 6 3 2 4 7 4 134 130 130 130 130 130 124
243 243 243 233 263 6 3 6 8 333 143 143 143 133 163 236 235 234 33 129 243 243 243 233 263 273 253 13 153 23 253 7 5 7 10 3 x 3 6 5 3 6 7 133 129 129 129 129 129 123
246 246 246 236 266 7 6 3 5 336 146 146 146 136 166 239 238 237 36 132 246 246 246 236 266 276 256 16 156 26 256 10 8 6 7 6 3 x 3 8 6 3 6 136 132 132 132 132 132 126
247 247 247 237 267 4 7 4 2 337 147 147 147 137 167 240 239 238 37 133 247 247 247 237 267 277 257 17 157 27 257 7 9 7 4 3 6 3 x 5 7 6 3 137 133 133 133 133 133 127
242 242 242 232 262 5 6 9 7 332 142 142 142 132 162 235 234 233 32 128 242 242 242 232 262 272 252 12 152 22 252 2 4 6 5 2 5 8 5 x 2 5 2 132 128 128 128 128 128 122
240 240 240 230 260 7 4 7 9 330 140 140 140 130 160 233 232 231 30 126 240 240 240 230 260 270 250 10 150 20 250 4 2 4 7 4 3 6 7 2 x 3 4 130 126 126 126 126 126 120
243 243 243 233 263 10 7 6 8 333 143 143 143 133 163 236 235 234 33 129 243 243 243 233 263 273 253 13 153 23 253 7 5 3 6 7 6 3 6 5 3 x 3 133 129 129 129 129 129 123
244 244 244 234 264 7 8 7 5 334 144 144 144 134 164 237 236 235 34 130 244 244 244 234 264 274 254 14 154 24 254 4 6 6 3 4 7 6 3 2 4 3 x 134 130 130 130 130 130 124
110 110 110 100 130 133 130 133 135 201 210 210 210 200 230 298 299 300 100 6 310 310 310 300 330 340 120 120 220 110 320 134 132 134 137 134 133 136 137 132 130 133 134 x 6 6 6 6 6 10
116 116 116 106 136 129 126 129 131 207 206 206 206 196 226 299 298 297 96 6 306 306 306 296 326 336 126 116 216 106 316 130 128 130 133 130 129 132 133 128 126 129 130 6 x 6 6 6 6 6
116 116 116 106 136 129 126 129 131 207 206 206 206 196 226 299 298 297 96 6 306 306 306 296 326 336 126 116 216 106 316 130 128 130 133 130 129 132 133 128 126 129 130 6 6 x 6 6 6 6
116 116 116 106 136 129 126 129 131 207 206 206 206 196 226 299 298 297 96 6 306 306 306 296 326 336 126 116 216 106 316 130 128 130 133 130 129 132 133 128 126 129 130 6 6 6 x 6 6 6
116 116 116 106 136 129 126 129 131 207 206 206 206 196 226 299 298 297 96 6 306 306 306 296 326 336 126 116 216 106 316 130 128 130 133 130 129 132 133 128 126 129 130 6 6 6 6 x 6 6
116 116 116 106 136 129 126 129 131 207 206 206 206 196 226 299 298 297 96 6 306 306 306 296 326 336 126 116 216 106 316 130 128 130 133 130 129 132 133 128 126 129 130 6 6 6 6 6 x 6
120 120 120 110 140 123 120 123 125 211 200 200 200 190 220 293 292 291 90 6 300 300 300 290 320 330 130 110 210 100 310 124 122 124 127 124 123 126 127 122 120 123 124 10 6 6 6 6 6 x
