50
25
0 1 2 3 4 5 6 7 8 9 10 11 12 13 14 15 16 17 18 19 20 21 22 23 24 25 26 27 28 29 30 31 32 33 34 35 36 37 38 39 40 41 42 43 44 45 46 47 48 49
1 2 3 4 5 6 7 8 9 10 11 12 13 14 15 16 17 18 19 20 21 22 23 24 25
0
x 122883617.12438 129898574.59972 261220549.43919 296233123.76952 225288331.96312 x x 185436752.41244 109098444.85414 x 163179616.19614 143921161.47627 230560106.58205 75980875.91424 351924473.62799 172645806.19932 86211565.36987 237137176.49664 210402469.37835 127595850.10426 254577988.23011 173662568.69193 168531643.06099 162952876.61292 245141865.35723 199149912.90952 125956934.48999 207831174.81909 197073560.34843 x x 167624548.4626 x 226773262.07297 177387792.03352 x 204468688.4092 88286833.18167 123823622.02652 164364878.02574 109613803.45418 135908562.75025 x 264209183.18701 x 64889919.09748 238672458.30881 x x
122883617.12438 x 59275133.62462 x x 102404714.83874 36746451.06114 55288129.88433 158501756.72735 38475003.87904 26130088.07464 189509003.04441 73297720.50117 159936665.60695 46902741.21014 281301032.65289 x x 147817585.69876 139779028.40325 98517715.40016 161630282.38645 x 129197499.4853 92329435.63782 234213533.31169 x 55333493.51489 167153308.86564 160833130.13109 120202594.11547 174537054.64461 47427889.84037 50089719.06547 260910579.83219 110132180.97803 x 238606006.16842 59208698.47757 157960939.78574 x 38990362.47908 65285121.77515 153331679.15345 193585742.21191 90430609.61057 187773536.22186 172968076.60897 54529212.51451 179889317.56829
129898574.59972 59275133.62462 x 172922234.33063 166334549.1698 135854900.21199 43761408.53648 62303087.35967 165516714.20269 20800129.74558 33145045.54998 145925080.5502 21905867.09601 100661531.98233 53917698.68548 263626158.51943 155391270.55338 64148388.14111 115121882.11638 88387174.99809 105532672.8755 190969504.73035 x 111522625.35184 x 216538659.17823 177086735.68076 3941640.10973 174168266.34098 109441276.72593 101497002.78193 123145201.23945 104016064.96284 57104676.54081 209518726.42703 117147138.45337 x x 66223655.95291 106569086.38058 76732594.40324 20284771.14554 72300079.25049 134626087.81991 134310608.58729 71725018.27703 x x x 128497464.16313
261220549.43919 x 172922234.33063 x 339256783.50043 293001823.30283 175083383.37595 193625062.19914 288614686.92326 152122104.58505 164467020.38945 x 186944821.20718 x 185239673.52495 265819885.68332 275823740.71014 195470362.98058 280160836.22755 253426129.10926 236854647.71497 322291479.56982 87557980.74726 242844600.19131 205976536.34383 x 139720114.81417 168980594.2209 148401376.72374 274480230.8371 233849694.82148 288184155.35062 235338039.80231 188426651.38028 329951196.58379 241476983.3339 213175750.51107 307646622.92002 x 227001556.53734 241771548.51441 152637463.18509 203622054.08996 266978779.85946 307232842.91792 204077710.31658 326110468.53667 x 168176313.22052 x
296233123.76952 x 166334549.1698 339256783.50043 x 302189449.38179 210095957.70628 228637636.52947 319278740.78411 187134678.91538 199479594.71978 218309616.22857 180115957.94952 228809711.76842 220252247.85528 x 278516673.04225 230482937.31091 136362433.02847 109627725.91018 271867222.0453 357304053.90015 x x x 284664616.38177 255839487.41966 170276189.27953 x 275775825.89573 x 289479750.40925 236752128.88686 223439225.71061 224389217.1686 210641474.56127 271491416.42446 338310676.78087 x x 243067143.57304 186619320.31534 238634628.42029 300960636.98971 32023940.58251 238059567.44683 361123042.867 142816774.1159 202158170.35077 x
225288331.96312 102404714.83874 135854900.21199 293001823.30283 302189449.38179 x 139151165.89988 157692844.72307 x 140879718.71778 128534802.91338 210609580.31875 145456686.65388 236516432.19432 149307456.04888 383705747.49163 220075770.32193 x 242679625.81151 x x 264034997.22519 205443842.55557 231602214.32404 94917317.97933 292571829.47984 x 131913260.10226 269558023.70438 163421012.4726 222607308.95421 251116821.23198 x 152494433.90421 x 212536895.81677 x 251898652.53181 161613413.31631 171253586.14913 130712330.14991 141395077.31782 167689836.61389 255736393.99219 270165508.79928 192835324.44931 x 249133966.89894 156933927.35325 193181963.93168
x 36746451.06114 43761408.53648 175083383.37595 210095957.70628 139151165.89988 x 39774404.79619 121755305.66621 x 10616362.9865 173995277.95627 57783995.41303 144422940.51881 31389016.122 265787307.56475 188333864.65983 41619705.57763 151000010.4334 124265303.31511 x 147208096.19387 87525402.62869 113683774.39716 76815710.54968 218699808.22355 139088119.71407 39819768.42675 130406857.8045 145319405.04295 104688869.02733 159023329.55647 81487382.39936 34575993.97733 242461320.53348 94618455.88989 x x 43694973.38943 142447214.6976 x 23476637.39094 49771396.68701 137817954.06531 178072017.12377 74916884.52243 172259811.13372 157454351.52083 39015487.42637 x
x 55288129.88433 62303087.35967 193625062.19914 228637636.52947 157692844.72307 39774404.79619 x 145790755.48898 x 29158041.80969 184460138.68787 x 162964619.342 8385388.67419 284328986.38794 196922162.52714 18616078.12982 169541689.25659 142806982.1383 60000362.86421 186982500.99006 106067081.45188 x x 237241487.04674 x 58361447.24994 x 163861083.86614 123230547.85052 140167750.99071 100029061.22255 x 251049618.40079 x 134274172.32807 228745044.73702 20691345.94162 148099978.35434 131152401.54345 42018316.21413 68313075.5102 156359632.8885 196613695.94696 93458563.34562 149256183.68591 x 57557166.24956 170028356.13689
185436752.41244 158501756.72735 165516714.20269 288614686.92326 319278740.78411 x 121755305.66621 145790755.48898 x 144716584.45711 132371668.65271 100969124.55554 x x 137405366.81479 387542613.23096 x 127174677.35916 x 209651014.87393 149712745.87605 268963401.86008 209280708.2949 205344219.42668 137949398.55572 139074618.15153 197518566.98391 x 206199828.89348 x 226444174.69354 229880134.00255 x 156331299.64354 120706014.86727 214200368.39921 75438936.41219 98401441.2035 125099409.54736 61613130.38592 x 145231943.05715 171526702.35322 259573259.73152 x 196672190.18864 250326671.50992 176461966.66821 x 39684752.60337
109098444.85414 38475003.87904 20800129.74558 152122104.58505 187134678.91538 140879718.71778 x x 144716584.45711 x 12344915.8044 151033999.16537 34822716.62213 121461661.72791 33117568.9399 242826028.77385 168308120.0795 43348258.39553 128038731.6425 x 84732543.12992 170169374.98477 64564123.83779 90722495.60626 x 195738529.43265 156286605.93518 16858489.63585 153368136.5954 122358126.25205 81727590.23643 x x x 222435575.95315 96347008.70779 133311741.93297 200131002.28938 45423526.20733 119485935.9067 89649443.92936 515358.60004 51499949.50491 114856675.27441 155110738.33287 x 173988363.95162 134493072.72993 16054208.63547 x
x 26130088.07464 33145045.54998 164467020.38945 199479594.71978 128534802.91338 10616362.9865 29158041.80969 132371668.65271 12344915.8044 x 163378914.96977 47167632.42653 133806577.53231 20772653.1355 x 180653035.8839 31003342.59113 140383647.4469 113648940.32861 72387627.32552 157824459.18037 x 103067411.41066 66199347.56318 208083445.23705 143941690.13078 29203405.44025 x x 94072506.04083 x 70871019.41286 23959630.99083 234780491.75755 84002092.90339 145656657.73737 212475918.09378 x 131830851.7111 101994359.73376 12860274.40444 39155033.70051 127201591.07881 167455654.13727 64300521.53593 161643448.14722 146837988.53433 x 153759229.49365
163179616.19614 189509003.04441 145925080.5502 x 218309616.22857 210609580.31875 173995277.95627 184460138.68787 100969124.55554 151033999.16537 163378914.96977 x 124019213.45419 161485779.76519 176074750.01368 393860027.93922 x x 135416597.43668 108681890.31839 127455609.65975 278909254.04832 215598123.00316 x 115692262.33942 x 96549442.42837 x 105230704.33794 112605932.49153 200653172.13086 x x 187338545.9606 142305634.21607 198306310.9481 53181800.19589 120001060.5523 166764626.58234 39355994.16962 79897250.16884 x 202533948.67028 233782257.16884 x 201958887.69682 x 75492842.11267 134979790.5299 61284371.95217
143921161.47627 73297720.50117 21905867.09601 186944821.20718 180115957.94952 145456686.65388 57783995.41303 x x 34822716.62213 47167632.42653 124019213.45419 x 122567399.07834 x x 133485403.45737 x 97222939.15763 70488232.03934 119555259.75205 204992091.6069 99386840.45992 125545212.22839 50539368.67455 x x 17964226.98628 188190853.21753 119043063.16782 115519589.65848 137167788.116 118038651.83939 71127263.41736 187612859.33102 131169725.32992 98489025.31084 165308285.66725 80246242.82946 84663219.28457 86334380.84513 34307358.02209 86322666.12704 148648674.69646 148092017.36701 85747605.15358 x 103677280.24506 49846208.05752 106591597.06712
230560106.58205 159936665.60695 100661531.98233 x 228809711.76842 236516432.19432 144422940.51881 162964619.342 x 121461661.72791 133806577.53231 161485779.76519 122567399.07834 x x 364287690.50176 249663958.10761 164809920.12344 145916692.97653 119181985.85824 206194204.85783 291631036.71268 186025785.5657 210951693.00577 141599114.21499 317200191.16056 258035222.19356 x 266716484.10313 x x 223806733.22178 121425941.5704 157766208.52314 x x 214667579.96108 x x 200841773.93481 177394126.38557 120946303.12787 172961611.23282 235287619.80224 196785771.18591 x 295450025.67953 85992937.65252 136485153.1633 222770151.71736
75980875.91424 46902741.21014 53917698.68548 185239673.52495 220252247.85528 149307456.04888 31389016.122 8385388.67419 137405366.81479 33117568.9399 20772653.1355 176074750.01368 x x x 275943597.71375 188536773.85295 10230689.45563 x 134421593.46411 51614974.19002 178597112.31587 97681692.77769 92550767.14675 86972000.69868 228856098.37255 123169036.99528 49976058.57575 131850298.90485 155475695.19195 114845159.17633 131782362.31652 91643672.54836 44732284.12633 242664229.7266 101406916.11928 125888783.65388 220359656.06283 12305957.26743 139714589.68015 x 33632927.53994 59927686.83601 147974244.21431 x 85073174.67143 x 167610641.66983 49171777.57537 161642967.4627
351924473.62799 281301032.65289 263626158.51943 265819885.68332 x 383705747.49163 265787307.56475 284328986.38794 387542613.23096 242826028.77385 x 393860027.93922 x 364287690.50176 275943597.71375 x 411134148.85335 x x 344130053.29806 327558571.90377 412995403.75862 178261904.93606 333548524.38011 296680460.53263 438564558.2065 x 259684518.4097 396194165.36925 354884947.27498 324553619.01028 378888079.53942 326041963.99111 279130575.56908 465261604.727 339173037.48164 x x 288249554.98118 362311964.68055 322176264.95229 243341387.37389 294325978.27876 357682704.04826 397936767.10672 294781634.50538 323454712.10822 377319101.50378 258880237.40932 384240342.4631
172645806.19932 x 155391270.55338 275823740.71014 278516673.04225 220075770.32193 188333864.65983 196922162.52714 x 168308120.0795 180653035.8839 x 133485403.45737 249663958.10761 188536773.85295 411134148.85335 x 178306084.39732 223594775.7791 196860068.66081 136921799.66293 332285052.31914 232872243.91729 256475626.46484 125158452.3426 72496059.15791 x 151449630.44365 167781449.99745 x x 217089187.78943 251524055.29676 204612666.87473 54127455.87365 264655128.78729 62647990.19907 85610494.99038 176230816.58552 48822184.1728 89363440.17202 167792761.47946 219808069.58441 282134078.15383 246492732.45974 x 237535725.2968 163671020.45509 183331611.51489 26893806.39025
86211565.36987 x 64148388.14111 195470362.98058 230482937.31091 x 41619705.57763 18616078.12982 127174677.35916 43348258.39553 31003342.59113 x x 164809920.12344 10230689.45563 x 178306084.39732 x 171386990.03803 144652282.91974 41384284.73439 188827801.7715 107912382.23332 82320077.69112 97202690.15431 x x 60206748.03138 121619609.44922 145345129.47016 125075848.63196 121551672.86089 101874362.00399 54962973.58196 232433540.27097 x 115658094.19825 210128966.6072 2075267.8118 129483900.22452 132997702.32489 43863616.99557 70158376.29164 158204933.66994 198458996.7284 95303864.12706 151101484.46735 177841331.12546 x x
237137176.49664 147817585.69876 115121882.11638 280160836.22755 136362433.02847 242679625.81151 151000010.4334 169541689.25659 x 128038731.6425 140383647.4469 135416597.43668 97222939.15763 145916692.97653 x x 223594775.7791 171386990.03803 x 26734707.11829 212771274.77242 298208106.62727 x x 147762307.83218 x 154274542.09798 111180242.00665 145593280.18841 216266002.32545 208735604.67885 230383803.13637 100389695.85839 147301084.28042 277722231.65275 224385740.35029 188598397.63257 255417657.98898 173462257.84983 174772591.6063 183557320.00276 127523373.04246 179538681.14741 241864689.71683 x 178963620.17395 302027095.59412 59923755.32401 143062223.07789 x
210402469.37835 139779028.40325 88387174.99809 253426129.10926 109627725.91018 x 124265303.31511 142806982.1383 209651014.87393 x 113648940.32861 108681890.31839 70488232.03934 119181985.85824 134421593.46411 344130053.29806 196860068.66081 144652282.91974 26734707.11829 x 186036567.65413 271473399.50898 165868148.362 158147803.55897 121027600.71389 269356127.81872 181009249.21627 84445534.88836 172327987.3067 189531295.20716 182000897.56056 x 127124402.97668 137608571.31944 250987524.53446 x 161863690.51428 228682950.87069 x x 156822612.88447 100788665.92417 152803974.02912 215129982.59854 77603785.32767 x 275292388.47583 33189048.20572 116327515.9596 169966262.27056
127595850.10426 98517715.40016 105532672.8755 236854647.71497 271867222.0453 x x 60000362.86421 149712745.87605 84732543.12992 72387627.32552 127455609.65975 119555259.75205 206194204.85783 51614974.19002 327558571.90377 136921799.66293 41384284.73439 212771274.77242 186036567.65413 x x 149296666.96771 119553826.80191 x 209417858.82084 150172096.65044 101591032.76577 158853358.56001 161349553.81204 166460133.36635 80167388.1265 143258646.73838 96347258.31635 191049255.53658 128409975.77444 74273809.46386 168744681.87281 39309016.92259 x 128640871.48935 85247901.72996 111542661.02603 199589218.40433 239843281.46279 136688148.86145 192485769.20174 202948451.77242 x 110027993.27268
254577988.23011 161630282.38645 190969504.73035 322291479.56982 357304053.90015 264034997.22519 147208096.19387 186982500.99006 268963401.86008 170169374.98477 157824459.18037 278909254.04832 204992091.6069 291631036.71268 178597112.31587 412995403.75862 332285052.31914 188827801.7715 298208106.62727 271473399.50898 x x 234733498.82256 260891870.59103 x x 286296215.90794 187027864.62062 277614953.99837 292527501.23682 x 281807535.78408 209058172.22682 x 386412508.19279 241826552.08376 269637062.12007 x 190903069.5833 283462868.14634 259818818.91413 x x 285026050.25918 325280113.31764 x 319467907.32759 304662447.7147 186223583.62024 x
173662568.69193 x x 87557980.74726 x 205443842.55557 87525402.62869 106067081.45188 209280708.2949 64564123.83779 x 215598123.00316 99386840.45992 186025785.5657 97681692.77769 178261904.93606 232872243.91729 107912382.23332 x 165868148.362 149296666.96771 234733498.82256 x 155286619.44405 118418555.59657 260302653.27044 220850729.77297 81422613.47364 217932260.43319 186922250.08984 x x 147780059.05505 100868670.63302 286999699.79094 160911132.54558 197875865.77076 x 109987650.04512 x 154213567.76715 65079482.43783 116064073.3427 179420799.1122 219674862.17066 x 238552487.78941 x 80618332.47326 205978437.52704
168531643.06099 129197499.4853 111522625.35184 242844600.19131 x 231602214.32404 113683774.39716 x 205344219.42668 90722495.60626 103067411.41066 x 125545212.22839 210951693.00577 92550767.14675 333548524.38011 256475626.46484 82320077.69112 x 158147803.55897 119553826.80191 260891870.59103 155286619.44405 x 144576927.36504 286461025.03891 191107889.60717 107580985.24211 199789151.51674 213080621.85831 170847438.40759 199721214.92841 173938430.82352 127027042.40149 x x 193827636.26577 288298508.67472 80244809.87932 207653442.29204 180371939.53562 91237854.2063 142222445.11117 x 235751588.88664 142678101.33779 129931795.57072 124958755.35325 106776704.24173 229581820.07459
162952876.61292 92329435.63782 x 205976536.34383 x 94917317.97933 76815710.54968 x 137949398.55572 x 66199347.56318 115692262.33942 50539368.67455 141599114.21499 86972000.69868 296680460.53263 125158452.3426 97202690.15431 147762307.83218 121027600.71389 x x 118418555.59657 144576927.36504 x x 210141037.69396 36995942.12293 207222568.35418 68503694.49327 134551304.79513 x 137070366.97604 90158978.55401 x 150201440.46657 90162074.19607 156981334.55248 99277957.96611 76336268.1698 35795012.17058 53339073.15874 105354381.26369 167680389.83311 175248190.81995 104779320.29023 210635234.02729 154216648.91961 68877923.19417 x
245141865.35723 234213533.31169 216538659.17823 x 284664616.38177 292571829.47984 218699808.22355 237241487.04674 139074618.15153 195738529.43265 208083445.23705 x x 317200191.16056 228856098.37255 438564558.2065 72496059.15791 x x 269356127.81872 209417858.82084 x 260302653.27044 286461025.03891 x x 202433871.56889 212597019.0685 193752609.65932 194568181.65262 277466119.66908 x x 232043076.22788 126623515.03156 292085538.14044 135144049.35698 158106554.14829 241162055.63998 121318243.33071 161859499.32993 196253888.03269 247238478.93756 310595204.70706 316688556.96428 x x x x 99389865.54816
199149912.90952 x 177086735.68076 139720114.81417 255839487.41966 x 139088119.71407 x 197518566.98391 156286605.93518 143941690.13078 96549442.42837 x 258035222.19356 123169036.99528 x x x 154274542.09798 181009249.21627 150172096.65044 286296215.90794 220850729.77297 191107889.60717 210141037.69396 202433871.56889 x 173145095.57103 8681261.90957 209155374.9199 238014196.17161 x 165837867.43134 167901321.12161 230590167.78067 101756868.51973 149731242.62426 216550502.98067 110863079.72785 135905436.59799 176446692.59721 156801964.53522 x 271143281.20959 223815546.83715 208242211.66671 x x x 157833814.38054
125956934.48999 55333493.51489 3941640.10973 168980594.2209 170276189.27953 131913260.10226 39819768.42675 58361447.24994 x 16858489.63585 29203405.44025 x 17964226.98628 x 49976058.57575 259684518.4097 151449630.44365 60206748.03138 111180242.00665 84445534.88836 101591032.76577 187027864.62062 81422613.47364 107580985.24211 36995942.12293 212597019.0685 173145095.57103 x 170226626.23125 105499636.6162 97555362.6722 119203561.12972 100074424.85311 53163036.43108 x 113205498.34364 116453252.29712 183272512.65353 62282015.84318 102627446.27085 x 16343131.03581 68358439.14076 130684447.71018 138252248.69702 x x 117634583.09408 31881981.07124 124555824.0534
207831174.81909 167153308.86564 174168266.34098 148401376.72374 x 269558023.70438 130406857.8045 x 206199828.89348 153368136.5954 x 105230704.33794 188190853.21753 266716484.10313 131850298.90485 396194165.36925 167781449.99745 121619609.44922 145593280.18841 172327987.3067 158853358.56001 277614953.99837 217932260.43319 199789151.51674 207222568.35418 193752609.65932 8681261.90957 170226626.23125 x x x 239020746.68651 157156605.52177 164982851.78183 221908905.8711 110438130.4293 x 225231764.89024 x 144586698.50756 x 153883495.19544 155285189.63218 x 232496808.74672 205323742.32693 272721093.91657 180723546.45061 x x
197073560.34843 160833130.13109 109441276.72593 274480230.8371 275775825.89573 163421012.4726 145319405.04295 163861083.86614 x 122358126.25205 x 112605932.49153 119043063.16782 x 155475695.19195 354884947.27498 x 145345129.47016 216266002.32545 189531295.20716 161349553.81204 292527501.23682 186922250.08984 213080621.85831 68503694.49327 194568181.65262 209155374.9199 105499636.6162 x x 203054999.2884 224703197.74592 205574061.46931 158662673.04728 176199578.36836 x 87075744.34818 153895004.70459 143269861.65836 x 32708682.32269 121842767.65201 173858075.75696 236184084.32638 243751885.31322 173283014.7835 142131539.53402 188098774.6042 137381617.68744 95178316.10446
x 120202594.11547 101497002.78193 233849694.82148 x 222607308.95421 104688869.02733 123230547.85052 226444174.69354 81727590.23643 94072506.04083 200653172.13086 115519589.65848 x 114845159.17633 324553619.01028 x 125075848.63196 208735604.67885 182000897.56056 166460133.36635 x x 170847438.40759 134551304.79513 277466119.66908 238014196.17161 97555362.6722 x 203054999.2884 x 216758923.80192 x 118032137.03166 303132448.9895 178074598.94422 214008614.96932 280827875.32573 x 200182808.94305 170346316.96571 81212231.63639 133227539.74134 33129085.03798 235807611.36922 x 255715954.18805 215189945.76628 65673381.60096 222111186.7256
x 174537054.64461 123145201.23945 288184155.35062 289479750.40925 251116821.23198 159023329.55647 140167750.99071 229880134.00255 x x x 137167788.116 223806733.22178 131782362.31652 378888079.53942 217089187.78943 121551672.86089 230383803.13637 x 80167388.1265 281807535.78408 x 199721214.92841 x x x 119203561.12972 239020746.68651 224703197.74592 216758923.80192 x 219277985.98283 172366597.5608 271216643.66308 208577363.90094 x x x 168267003.61663 191994515.42323 x 187562000.27048 x 257455809.82674 x 272653157.32824 236838144.2238 151085542.20096 190195381.39918
167624548.4626 47427889.84037 104016064.96284 235338039.80231 236752128.88686 x 81487382.39936 100029061.22255 x x 70871019.41286 x 118038651.83939 121425941.5704 91643672.54836 326041963.99111 251524055.29676 101874362.00399 100389695.85839 127124402.97668 143258646.73838 209058172.22682 147780059.05505 173938430.82352 137070366.97604 x 165837867.43134 100074424.85311 157156605.52177 205574061.46931 x 219277985.98283 x 46911388.42203 305651511.17041 154873112.31625 x 283346937.50664 x 202701871.12396 172865379.14662 83731293.8173 110026053.11337 198072610.49167 204728188.30435 135171540.94879 232514467.56008 160313451.1824 99270143.85273 x
x 50089719.06547 57104676.54081 188426651.38028 223439225.71061 152494433.90421 34575993.97733 x 156331299.64354 x 23959630.99083 187338545.9606 71127263.41736 157766208.52314 44732284.12633 279130575.56908 204612666.87473 54962973.58196 147301084.28042 137608571.31944 96347258.31635 x 100868670.63302 127027042.40149 90158978.55401 232043076.22788 167901321.12161 53163036.43108 164982851.78183 158662673.04728 118032137.03166 172366597.5608 46911388.42203 x x 107961723.89422 169616288.7282 236435549.08461 57038241.39376 x 125953990.72459 36819905.39527 63114664.69134 151161222.06964 191415285.1281 x 185603079.13805 170797619.52516 52358755.4307 177718860.48448
226773262.07297 260910579.83219 209518726.42703 329951196.58379 224389217.1686 x 242461320.53348 251049618.40079 120706014.86727 222435575.95315 234780491.75755 142305634.21607 187612859.33102 x 242664229.7266 465261604.727 54127455.87365 232433540.27097 277722231.65275 250987524.53446 191049255.53658 386412508.19279 286999699.79094 x x 126623515.03156 230590167.78067 x 221908905.8711 176199578.36836 303132448.9895 271216643.66308 305651511.17041 x x 318782584.66094 116775446.07272 x 230358272.45917 102949640.04645 143490896.04567 221920217.35311 x x 192365276.58609 273360464.4846 x 217798476.32874 237459067.38854 81021262.2639
177387792.03352 110132180.97803 117147138.45337 241476983.3339 210641474.56127 212536895.81677 94618455.88989 x 214200368.39921 96347008.70779 84002092.90339 198306310.9481 131169725.32992 x 101406916.11928 339173037.48164 264655128.78729 x 224385740.35029 x 128409975.77444 241826552.08376 160911132.54558 x 150201440.46657 292085538.14044 101756868.51973 113205498.34364 110438130.4293 x 178074598.94422 208577363.90094 154873112.31625 107961723.89422 318782584.66094 x 202683785.2383 279400940.67178 89100958.85185 215832944.61449 185996452.63715 96862367.30783 44847059.20288 211203683.9822 242665415.14378 148302614.43932 242277711.131 230840081.43772 112401217.34326 237761322.39704
x x x 213175750.51107 271491416.42446 x x 134274172.32807 75438936.41219 133311741.93297 145656657.73737 53181800.19589 98489025.31084 214667579.96108 125888783.65388 x 62647990.19907 115658094.19825 188598397.63257 161863690.51428 74273809.46386 269637062.12007 197875865.77076 193827636.26577 90162074.19607 135144049.35698 149731242.62426 116453252.29712 x 87075744.34818 214008614.96932 x x 169616288.7282 116775446.07272 202683785.2383 x 94470872.40895 113582826.38645 13825806.02627 54367062.02549 132796383.33293 184811691.43788 247137700.0073 239467475.84195 184236630.46442 202539347.15027 128674642.30856 x x
204468688.4092 238606006.16842 x 307646622.92002 338310676.78087 251898652.53181 x 228745044.73702 98401441.2035 200131002.28938 212475918.09378 120001060.5523 165308285.66725 x 220359656.06283 x 85610494.99038 210128966.6072 255417657.98898 228682950.87069 168744681.87281 x x 288298508.67472 156981334.55248 158106554.14829 216550502.98067 183272512.65353 225231764.89024 153895004.70459 280827875.32573 x 283346937.50664 236435549.08461 x 279400940.67178 94470872.40895 x 208053698.7954 x x 199615643.68934 234553881.4689 x 306286736.19836 251055890.82083 269358607.50668 195493902.66497 215154493.72477 58716688.60013
88286833.18167 59208698.47757 66223655.95291 x x 161613413.31631 43694973.38943 20691345.94162 125099409.54736 45423526.20733 x 166764626.58234 80246242.82946 x 12305957.26743 288249554.98118 176230816.58552 2075267.8118 173462257.84983 x 39309016.92259 190903069.5833 109987650.04512 80244809.87932 99277957.96611 241162055.63998 110863079.72785 62282015.84318 x 143269861.65836 x x x 57038241.39376 230358272.45917 89100958.85185 113582826.38645 208053698.7954 x 127408632.41272 135072970.13669 45938884.80737 x 160280201.48174 200534264.5402 97379131.93886 153176752.27915 179916598.93726 61477734.8428 149337010.19527
123823622.02652 157960939.78574 106569086.38058 227001556.53734 x 171253586.14913 142447214.6976 148099978.35434 61613130.38592 119485935.9067 131830851.7111 39355994.16962 84663219.28457 200841773.93481 139714589.68015 362311964.68055 48822184.1728 129483900.22452 174772591.6063 x x 283462868.14634 x 207653442.29204 76336268.1698 121318243.33071 135905436.59799 102627446.27085 144586698.50756 x 200182808.94305 168267003.61663 202701871.12396 x 102949640.04645 215832944.61449 13825806.02627 x 127408632.41272 x 40541255.99922 118970577.30666 170985885.41161 233311893.98103 225641669.81568 170410824.43815 188713541.124 114848836.28229 x 21928377.78255
164364878.02574 x 76732594.40324 241771548.51441 243067143.57304 130712330.14991 x 131152401.54345 x 89649443.92936 101994359.73376 79897250.16884 86334380.84513 177394126.38557 x 322176264.95229 89363440.17202 132997702.32489 183557320.00276 156822612.88447 128640871.48935 259818818.91413 154213567.76715 180371939.53562 35795012.17058 161859499.32993 176446692.59721 x x 32708682.32269 170346316.96571 191994515.42323 172865379.14662 125953990.72459 143490896.04567 185996452.63715 54367062.02549 x 135072970.13669 40541255.99922 x 89134085.32932 141149393.43427 203475402.00369 x x 174840221.85671 x x 62469633.78177
109613803.45418 38990362.47908 20284771.14554 152637463.18509 186619320.31534 141395077.31782 23476637.39094 42018316.21413 145231943.05715 515358.60004 12860274.40444 x 34307358.02209 120946303.12787 33632927.53994 243341387.37389 167792761.47946 43863616.99557 127523373.04246 100788665.92417 85247901.72996 x 65079482.43783 91237854.2063 53339073.15874 196253888.03269 156801964.53522 16343131.03581 153883495.19544 121842767.65201 81212231.63639 x 83731293.8173 36819905.39527 221920217.35311 96862367.30783 132796383.33293 199615643.68934 45938884.80737 118970577.30666 89134085.32932 x x 114341316.67437 154595379.73283 51440247.13149 x 133977714.12989 15538850.03543 140898955.08921
135908562.75025 65285121.77515 72300079.25049 203622054.08996 238634628.42029 167689836.61389 49771396.68701 68313075.5102 171526702.35322 51499949.50491 39155033.70051 202533948.67028 86322666.12704 172961611.23282 59927686.83601 294325978.27876 219808069.58441 70158376.29164 179538681.14741 152803974.02912 111542661.02603 x 116064073.3427 142222445.11117 105354381.26369 247238478.93756 x 68358439.14076 155285189.63218 173858075.75696 133227539.74134 187562000.27048 110026053.11337 63114664.69134 x 44847059.20288 184811691.43788 234553881.4689 x 170985885.41161 141149393.43427 x x 166356624.77932 206610687.83778 103455555.23644 200798481.84773 185993022.23484 67554158.14038 x
x 153331679.15345 134626087.81991 266978779.85946 300960636.98971 255736393.99219 137817954.06531 156359632.8885 259573259.73152 114856675.27441 127201591.07881 233782257.16884 148648674.69646 235287619.80224 147974244.21431 357682704.04826 282134078.15383 158204933.66994 241864689.71683 215129982.59854 199589218.40433 285026050.25918 179420799.1122 x 167680389.83311 310595204.70706 271143281.20959 130684447.71018 x 236184084.32638 33129085.03798 x 198072610.49167 151161222.06964 x 211203683.9822 247137700.0073 x 160280201.48174 233311893.98103 203475402.00369 114341316.67437 166356624.77932 x 268936696.4072 165781563.80586 288845039.22603 x 98802466.63894 255240271.76358
264209183.18701 193585742.21191 134310608.58729 307232842.91792 32023940.58251 270165508.79928 178072017.12377 196613695.94696 x 155110738.33287 167455654.13727 x 148092017.36701 196785771.18591 x 397936767.10672 246492732.45974 198458996.7284 x 77603785.32767 239843281.46279 325280113.31764 219674862.17066 235751588.88664 175248190.81995 316688556.96428 223815546.83715 138252248.69702 232496808.74672 243751885.31322 235807611.36922 257455809.82674 204728188.30435 191415285.1281 192365276.58609 242665415.14378 239467475.84195 306286736.19836 200534264.5402 225641669.81568 x 154595379.73283 206610687.83778 268936696.4072 x 206035626.86432 x 110792833.53339 170134229.76826 247570047.59823
x 90430609.61057 71725018.27703 204077710.31658 238059567.44683 192835324.44931 74916884.52243 93458563.34562 196672190.18864 x 64300521.53593 201958887.69682 85747605.15358 x 85073174.67143 294781634.50538 x 95303864.12706 178963620.17395 x 136688148.86145 x x 142678101.33779 104779320.29023 x 208242211.66671 x 205323742.32693 173283014.7835 x x 135171540.94879 x 273360464.4846 148302614.43932 184236630.46442 251055890.82083 97379131.93886 170410824.43815 x 51440247.13149 103455555.23644 165781563.80586 206035626.86432 x 225943969.68315 185417961.26138 x 192339202.2207
64889919.09748 187773536.22186 x 326110468.53667 361123042.867 x 172259811.13372 149256183.68591 250326671.50992 173988363.95162 161643448.14722 x x 295450025.67953 x 323454712.10822 237535725.2968 151101484.46735 302027095.59412 275292388.47583 192485769.20174 319467907.32759 238552487.78941 129931795.57072 210635234.02729 x x x 272721093.91657 142131539.53402 255715954.18805 272653157.32824 232514467.56008 185603079.13805 x 242277711.131 202539347.15027 269358607.50668 153176752.27915 188713541.124 174840221.85671 x 200798481.84773 288845039.22603 x 225943969.68315 x x 190042572.58709 210641918.90655
238672458.30881 172968076.60897 x x 142816774.1159 249133966.89894 157454351.52083 x 176461966.66821 134493072.72993 146837988.53433 75492842.11267 103677280.24506 85992937.65252 167610641.66983 377319101.50378 163671020.45509 177841331.12546 59923755.32401 33189048.20572 202948451.77242 304662447.7147 x 124958755.35325 154216648.91961 x x 117634583.09408 180723546.45061 188098774.6042 215189945.76628 236838144.2238 160313451.1824 170797619.52516 217798476.32874 230840081.43772 128674642.30856 195493902.66497 179916598.93726 114848836.28229 x 133977714.12989 185993022.23484 x 110792833.53339 185417961.26138 x x x 136777214.06484
x 54529212.51451 x 168176313.22052 202158170.35077 156933927.35325 39015487.42637 57557166.24956 x 16054208.63547 x 134979790.5299 49846208.05752 136485153.1633 49171777.57537 258880237.40932 183331611.51489 x 143062223.07789 116327515.9596 x 186223583.62024 80618332.47326 106776704.24173 68877923.19417 x x 31881981.07124 x 137381617.68744 65673381.60096 151085542.20096 99270143.85273 52358755.4307 237459067.38854 112401217.34326 x 215154493.72477 61477734.8428 x x 15538850.03543 67554158.14038 98802466.63894 170134229.76826 x 190042572.58709 x x x
x 179889317.56829 128497464.16313 x x 193181963.93168 x 170028356.13689 39684752.60337 x 153759229.49365 61284371.95217 106591597.06712 222770151.71736 161642967.4627 384240342.4631 26893806.39025 x x 169966262.27056 110027993.27268 x 205978437.52704 229581820.07459 x 99389865.54816 157833814.38054 124555824.0534 x 95178316.10446 222111186.7256 190195381.39918 x 177718860.48448 81021262.2639 237761322.39704 x 58716688.60013 149337010.19527 21928377.78255 62469633.78177 140898955.08921 x 255240271.76358 247570047.59823 192339202.2207 210641918.90655 136777214.06484 x x
