50
25
cieooTZrDnB8y7clKPVU wDv7iczN6LiK2xDJOu0N B8NzzbKOpktxIu3RMiu1 2mMEW336zlvoabKQ0Mze ZYH8jsdc6i9l3KBeNSdx koo1x8ZKXyO091fVUFpG XswGHKxxhnaU5H8uBGvJ abY1deVefuOYb3Qbsxch KRZBWx1Sd8wB0uU3QWeQ R4vuuI03w8dYL5GkhR5G 5ZJ6PKSExV6ZRgj7Nt2O dVfyZ8osOWlPeWeMnteY kUvpk4l3fx8SDlWeuWLw RZmrQarR6KHwd0px5PCW 3SpSgYRcx99pESu1D9Wi C4iWe9yR2mvfNmTv1Ujg n14fgY77RxYuy7mkbJU1 OYUinzd4zxVxIptSBcML kfJs5QzmT7ST8ft2DPos 0Y8GuXeRCg3UQ8iw3rJM lM0uQphyVNPO90DR8P6A 6Bk9DPe1j2gaX3skYd9f 5NBtV3WZfSLuOc4snASI knZxc5ZrIrcQzv054Pss hNmNcVR9G9vHmZuCCZzX vTxhIvFuZb2EHFFwTQu9 SpH4aaXlGaRZwx2N8tjl TOlchSnWWkR7rRWP9Cdc ugVnD0zzPxsfEn932v1t 6YPXen0OkUAjsBQbugH8 Ss2jKAenFdVEZjKszuur mSL1gwuFl7ezuWmYhoWX HRKeQ1mAYVJTDLCn8vy3 5dLU2ihY8weFRtdH0NCX XFoQId8k1NYBulodlNzy 0rs0of9LUAzWTuABwTnG 4R5nKw333ATOizKdSrav jVnJVrQfkUuQ5PfgtD65 NrinBa8HoddXl4l4p837 ysFvkOBVEgTOFmcR2xc1 xtyNkgmQQDlFdBVfN1o5 paxbzGIrGUKuLL8gNR12 5euTHFaulIyTMDOpAOiL yP7W68hzm2SVu2HOtz5k 29cQGjH4xgr2WjuBLLEb GobQt8M2xSMFSG5QpMju XpODWLG9IcpdTrX00ySH PtxZTnZKiABWc7R1EDLT 2LHGJx7lje13o5VgjaWa 7sEAL87eVGtPRFGU7wZL 
6YPXen0OkUAjsBQbugH8 4R5nKw333ATOizKdSrav 5dLU2ihY8weFRtdH0NCX 3SpSgYRcx99pESu1D9Wi C4iWe9yR2mvfNmTv1Ujg knZxc5ZrIrcQzv054Pss ysFvkOBVEgTOFmcR2xc1 jVnJVrQfkUuQ5PfgtD65 paxbzGIrGUKuLL8gNR12 xtyNkgmQQDlFdBVfN1o5 2mMEW336zlvoabKQ0Mze TOlchSnWWkR7rRWP9Cdc lM0uQphyVNPO90DR8P6A 0rs0of9LUAzWTuABwTnG 5euTHFaulIyTMDOpAOiL mSL1gwuFl7ezuWmYhoWX 2LHGJx7lje13o5VgjaWa 29cQGjH4xgr2WjuBLLEb wDv7iczN6LiK2xDJOu0N KRZBWx1Sd8wB0uU3QWeQ dVfyZ8osOWlPeWeMnteY 0Y8GuXeRCg3UQ8iw3rJM n14fgY77RxYuy7mkbJU1 ugVnD0zzPxsfEn932v1t 7sEAL87eVGtPRFGU7wZL 
OYUinzd4zxVxIptSBcML
x 1999999999.0 1999999999.0 1999999999.0 1999999999.0 1999999999.0 1999999999.0 1999999999.0 1999999999.0 1999999999.0 1999999999.0 1999999999.0 1999999999.0 1999999999.0 1999999999.0 1999999999.0 1999999999.0 1999999999.0 1999999999.0 1999999999.0 1999999999.0 1999999999.0 1999999999.0 1999999999.0 1999999999.0 1999999999.0 1999999999.0 1999999999.0 1999999999.0 1999999999.0 1999999999.0 1999999999.0 1999999999.0 1999999999.0 1999999999.0 1999999999.0 1999999999.0 1999999999.0 1999999999.0 1999999999.0 1999999999.0 1999999999.0 1999999999.0 1999999999.0 1999999999.0 1999999999.0 1999999999.0 1999999999.0 1999999999.0 1999999999.0 
1999999999.0 x 1999999999.0 1999999999.0 1999999999.0 1999999999.0 1999999999.0 1999999999.0 1999999999.0 1999999999.0 1999999999.0 1999999999.0 1999999999.0 1999999999.0 1999999999.0 1999999999.0 1999999999.0 1999999999.0 1999999999.0 1999999999.0 1999999999.0 1999999999.0 1999999999.0 1999999999.0 1999999999.0 1999999999.0 1999999999.0 1999999999.0 1999999999.0 1999999999.0 1999999999.0 1999999999.0 1999999999.0 1999999999.0 1999999999.0 1999999999.0 1999999999.0 1999999999.0 1999999999.0 1999999999.0 1999999999.0 1999999999.0 1999999999.0 1999999999.0 1999999999.0 1999999999.0 1999999999.0 1999999999.0 1999999999.0 1999999999.0 
1999999999.0 1999999999.0 x 1999999999.0 1999999999.0 1999999999.0 1999999999.0 1999999999.0 1999999999.0 1999999999.0 1999999999.0 1999999999.0 1999999999.0 1999999999.0 1999999999.0 1999999999.0 1999999999.0 1999999999.0 1999999999.0 1999999999.0 1999999999.0 1999999999.0 1999999999.0 1999999999.0 1999999999.0 1999999999.0 1999999999.0 1999999999.0 1999999999.0 1999999999.0 1999999999.0 1999999999.0 1999999999.0 1999999999.0 1999999999.0 1999999999.0 1999999999.0 1999999999.0 1999999999.0 1999999999.0 1999999999.0 1999999999.0 1999999999.0 1999999999.0 1999999999.0 1999999999.0 1999999999.0 1999999999.0 1999999999.0 1999999999.0 
1999999999.0 1999999999.0 1999999999.0 x 1999999999.0 1999999999.0 1999999999.0 1999999999.0 1999999999.0 1999999999.0 1999999999.0 1999999999.0 1999999999.0 1999999999.0 1999999999.0 1999999999.0 1999999999.0 1999999999.0 1999999999.0 1999999999.0 1999999999.0 1999999999.0 1999999999.0 1999999999.0 1999999999.0 1999999999.0 1999999999.0 1999999999.0 1999999999.0 1999999999.0 1999999999.0 1999999999.0 1999999999.0 1999999999.0 1999999999.0 1999999999.0 1999999999.0 1999999999.0 1999999999.0 1999999999.0 1999999999.0 1999999999.0 1999999999.0 1999999999.0 1999999999.0 1999999999.0 1999999999.0 1999999999.0 1999999999.0 1999999999.0 
1999999999.0 1999999999.0 1999999999.0 1999999999.0 x 1999999999.0 1999999999.0 1999999999.0 1999999999.0 1999999999.0 1999999999.0 1999999999.0 1999999999.0 1999999999.0 1999999999.0 1999999999.0 1999999999.0 1999999999.0 1999999999.0 1999999999.0 1999999999.0 1999999999.0 1999999999.0 1999999999.0 1999999999.0 1999999999.0 1999999999.0 1999999999.0 1999999999.0 1999999999.0 1999999999.0 1999999999.0 1999999999.0 1999999999.0 1999999999.0 1999999999.0 1999999999.0 1999999999.0 1999999999.0 1999999999.0 1999999999.0 1999999999.0 1999999999.0 1999999999.0 1999999999.0 1999999999.0 1999999999.0 1999999999.0 1999999999.0 1999999999.0 
1999999999.0 1999999999.0 1999999999.0 1999999999.0 1999999999.0 x 1999999999.0 1999999999.0 1999999999.0 1999999999.0 1999999999.0 1999999999.0 1999999999.0 1999999999.0 1999999999.0 1999999999.0 1999999999.0 1999999999.0 1999999999.0 1999999999.0 1999999999.0 1999999999.0 1999999999.0 1999999999.0 1999999999.0 1999999999.0 1999999999.0 1999999999.0 1999999999.0 1999999999.0 1999999999.0 1999999999.0 1999999999.0 1999999999.0 1999999999.0 1999999999.0 1999999999.0 1999999999.0 1999999999.0 1999999999.0 1999999999.0 1999999999.0 1999999999.0 1999999999.0 1999999999.0 1999999999.0 1999999999.0 1999999999.0 1999999999.0 1999999999.0 
1999999999.0 1999999999.0 1999999999.0 1999999999.0 1999999999.0 1999999999.0 x 1999999999.0 1999999999.0 1999999999.0 1999999999.0 1999999999.0 1999999999.0 1999999999.0 1999999999.0 1999999999.0 1999999999.0 1999999999.0 1999999999.0 1999999999.0 1999999999.0 1999999999.0 1999999999.0 1999999999.0 1999999999.0 1999999999.0 1999999999.0 1999999999.0 1999999999.0 1999999999.0 1999999999.0 1999999999.0 1999999999.0 1999999999.0 1999999999.0 1999999999.0 1999999999.0 1999999999.0 1999999999.0 1999999999.0 1999999999.0 1999999999.0 1999999999.0 1999999999.0 1999999999.0 1999999999.0 1999999999.0 1999999999.0 1999999999.0 1999999999.0 
1999999999.0 1999999999.0 1999999999.0 1999999999.0 1999999999.0 1999999999.0 1999999999.0 x 1999999999.0 1999999999.0 1999999999.0 1999999999.0 1999999999.0 1999999999.0 1999999999.0 1999999999.0 1999999999.0 1999999999.0 1999999999.0 1999999999.0 1999999999.0 1999999999.0 1999999999.0 1999999999.0 1999999999.0 1999999999.0 1999999999.0 1999999999.0 1999999999.0 1999999999.0 1999999999.0 1999999999.0 1999999999.0 1999999999.0 1999999999.0 1999999999.0 1999999999.0 1999999999.0 1999999999.0 1999999999.0 1999999999.0 1999999999.0 1999999999.0 1999999999.0 1999999999.0 1999999999.0 1999999999.0 1999999999.0 1999999999.0 1999999999.0 
1999999999.0 1999999999.0 1999999999.0 1999999999.0 1999999999.0 1999999999.0 1999999999.0 1999999999.0 x 1999999999.0 1999999999.0 1999999999.0 1999999999.0 1999999999.0 1999999999.0 1999999999.0 1999999999.0 1999999999.0 1999999999.0 1999999999.0 1999999999.0 1999999999.0 1999999999.0 1999999999.0 1999999999.0 1999999999.0 1999999999.0 1999999999.0 1999999999.0 1999999999.0 1999999999.0 1999999999.0 1999999999.0 1999999999.0 1999999999.0 1999999999.0 1999999999.0 1999999999.0 1999999999.0 1999999999.0 1999999999.0 1999999999.0 1999999999.0 1999999999.0 1999999999.0 1999999999.0 1999999999.0 1999999999.0 1999999999.0 1999999999.0 
1999999999.0 1999999999.0 1999999999.0 1999999999.0 1999999999.0 1999999999.0 1999999999.0 1999999999.0 1999999999.0 x 1999999999.0 1999999999.0 1999999999.0 1999999999.0 1999999999.0 1999999999.0 1999999999.0 1999999999.0 1999999999.0 1999999999.0 1999999999.0 1999999999.0 1999999999.0 1999999999.0 1999999999.0 1999999999.0 1999999999.0 1999999999.0 1999999999.0 1999999999.0 1999999999.0 1999999999.0 1999999999.0 1999999999.0 1999999999.0 1999999999.0 1999999999.0 1999999999.0 1999999999.0 1999999999.0 1999999999.0 1999999999.0 1999999999.0 1999999999.0 1999999999.0 1999999999.0 1999999999.0 1999999999.0 1999999999.0 1999999999.0 
1999999999.0 1999999999.0 1999999999.0 1999999999.0 1999999999.0 1999999999.0 1999999999.0 1999999999.0 1999999999.0 1999999999.0 x 1999999999.0 1999999999.0 1999999999.0 1999999999.0 1999999999.0 1999999999.0 1999999999.0 1999999999.0 1999999999.0 1999999999.0 1999999999.0 1999999999.0 1999999999.0 1999999999.0 1999999999.0 1999999999.0 1999999999.0 1999999999.0 1999999999.0 1999999999.0 1999999999.0 1999999999.0 1999999999.0 1999999999.0 1999999999.0 1999999999.0 1999999999.0 1999999999.0 1999999999.0 1999999999.0 1999999999.0 1999999999.0 1999999999.0 1999999999.0 1999999999.0 1999999999.0 1999999999.0 1999999999.0 1999999999.0 
1999999999.0 1999999999.0 1999999999.0 1999999999.0 1999999999.0 1999999999.0 1999999999.0 1999999999.0 1999999999.0 1999999999.0 1999999999.0 x 1999999999.0 1999999999.0 1999999999.0 1999999999.0 1999999999.0 1999999999.0 1999999999.0 1999999999.0 1999999999.0 1999999999.0 1999999999.0 1999999999.0 1999999999.0 1999999999.0 1999999999.0 1999999999.0 1999999999.0 1999999999.0 1999999999.0 1999999999.0 1999999999.0 1999999999.0 1999999999.0 1999999999.0 1999999999.0 1999999999.0 1999999999.0 1999999999.0 1999999999.0 1999999999.0 1999999999.0 1999999999.0 1999999999.0 1999999999.0 1999999999.0 1999999999.0 1999999999.0 1999999999.0 
1999999999.0 1999999999.0 1999999999.0 1999999999.0 1999999999.0 1999999999.0 1999999999.0 1999999999.0 1999999999.0 1999999999.0 1999999999.0 1999999999.0 x 1999999999.0 1999999999.0 1999999999.0 1999999999.0 1999999999.0 1999999999.0 1999999999.0 1999999999.0 1999999999.0 1999999999.0 1999999999.0 1999999999.0 1999999999.0 1999999999.0 1999999999.0 1999999999.0 1999999999.0 1999999999.0 1999999999.0 1999999999.0 1999999999.0 1999999999.0 1999999999.0 1999999999.0 1999999999.0 1999999999.0 1999999999.0 1999999999.0 1999999999.0 1999999999.0 1999999999.0 1999999999.0 1999999999.0 1999999999.0 1999999999.0 1999999999.0 1999999999.0 
1999999999.0 1999999999.0 1999999999.0 1999999999.0 1999999999.0 1999999999.0 1999999999.0 1999999999.0 1999999999.0 1999999999.0 1999999999.0 1999999999.0 1999999999.0 x 1999999999.0 1999999999.0 1999999999.0 1999999999.0 1999999999.0 1999999999.0 1999999999.0 1999999999.0 1999999999.0 1999999999.0 1999999999.0 1999999999.0 1999999999.0 1999999999.0 1999999999.0 1999999999.0 1999999999.0 1999999999.0 1999999999.0 1999999999.0 1999999999.0 1999999999.0 1999999999.0 1999999999.0 1999999999.0 1999999999.0 1999999999.0 1999999999.0 1999999999.0 1999999999.0 1999999999.0 1999999999.0 1999999999.0 1999999999.0 1999999999.0 1999999999.0 
1999999999.0 1999999999.0 1999999999.0 1999999999.0 1999999999.0 1999999999.0 1999999999.0 1999999999.0 1999999999.0 1999999999.0 1999999999.0 1999999999.0 1999999999.0 1999999999.0 x 1999999999.0 1999999999.0 1999999999.0 1999999999.0 1999999999.0 1999999999.0 1999999999.0 1999999999.0 1999999999.0 1999999999.0 1999999999.0 1999999999.0 1999999999.0 1999999999.0 1999999999.0 1999999999.0 1999999999.0 1999999999.0 1999999999.0 1999999999.0 1999999999.0 1999999999.0 1999999999.0 1999999999.0 1999999999.0 1999999999.0 1999999999.0 1999999999.0 1999999999.0 1999999999.0 1999999999.0 1999999999.0 1999999999.0 1999999999.0 1999999999.0 
1999999999.0 1999999999.0 1999999999.0 1999999999.0 1999999999.0 1999999999.0 1999999999.0 1999999999.0 1999999999.0 1999999999.0 1999999999.0 1999999999.0 1999999999.0 1999999999.0 1999999999.0 x 1999999999.0 1999999999.0 1999999999.0 1999999999.0 1999999999.0 1999999999.0 1999999999.0 1999999999.0 1999999999.0 1999999999.0 1999999999.0 1999999999.0 1999999999.0 1999999999.0 1999999999.0 1999999999.0 1999999999.0 1999999999.0 1999999999.0 1999999999.0 1999999999.0 1999999999.0 1999999999.0 1999999999.0 1999999999.0 1999999999.0 1999999999.0 1999999999.0 1999999999.0 1999999999.0 1999999999.0 1999999999.0 1999999999.0 1999999999.0 
1999999999.0 1999999999.0 1999999999.0 1999999999.0 1999999999.0 1999999999.0 1999999999.0 1999999999.0 1999999999.0 1999999999.0 1999999999.0 1999999999.0 1999999999.0 1999999999.0 1999999999.0 1999999999.0 x 1999999999.0 1999999999.0 1999999999.0 1999999999.0 1999999999.0 1999999999.0 1999999999.0 1999999999.0 1999999999.0 1999999999.0 1999999999.0 1999999999.0 1999999999.0 1999999999.0 1999999999.0 1999999999.0 1999999999.0 1999999999.0 1999999999.0 1999999999.0 1999999999.0 1999999999.0 1999999999.0 1999999999.0 1999999999.0 1999999999.0 1999999999.0 1999999999.0 1999999999.0 1999999999.0 1999999999.0 1999999999.0 1999999999.0 
1999999999.0 1999999999.0 1999999999.0 1999999999.0 1999999999.0 1999999999.0 1999999999.0 1999999999.0 1999999999.0 1999999999.0 1999999999.0 1999999999.0 1999999999.0 1999999999.0 1999999999.0 1999999999.0 1999999999.0 x 1999999999.0 1999999999.0 1999999999.0 1999999999.0 1999999999.0 1999999999.0 1999999999.0 1999999999.0 1999999999.0 1999999999.0 1999999999.0 1999999999.0 1999999999.0 1999999999.0 1999999999.0 1999999999.0 1999999999.0 1999999999.0 1999999999.0 1999999999.0 1999999999.0 1999999999.0 1999999999.0 1999999999.0 1999999999.0 1999999999.0 1999999999.0 1999999999.0 1999999999.0 1999999999.0 1999999999.0 1999999999.0 
1999999999.0 1999999999.0 1999999999.0 1999999999.0 1999999999.0 1999999999.0 1999999999.0 1999999999.0 1999999999.0 1999999999.0 1999999999.0 1999999999.0 1999999999.0 1999999999.0 1999999999.0 1999999999.0 1999999999.0 1999999999.0 x 1999999999.0 1999999999.0 1999999999.0 1999999999.0 1999999999.0 1999999999.0 1999999999.0 1999999999.0 1999999999.0 1999999999.0 1999999999.0 1999999999.0 1999999999.0 1999999999.0 1999999999.0 1999999999.0 1999999999.0 1999999999.0 1999999999.0 1999999999.0 1999999999.0 1999999999.0 1999999999.0 1999999999.0 1999999999.0 1999999999.0 1999999999.0 1999999999.0 1999999999.0 1999999999.0 1999999999.0 
1999999999.0 1999999999.0 1999999999.0 1999999999.0 1999999999.0 1999999999.0 1999999999.0 1999999999.0 1999999999.0 1999999999.0 1999999999.0 1999999999.0 1999999999.0 1999999999.0 1999999999.0 1999999999.0 1999999999.0 1999999999.0 1999999999.0 x 1999999999.0 1999999999.0 1999999999.0 1999999999.0 1999999999.0 1999999999.0 1999999999.0 1999999999.0 1999999999.0 1999999999.0 1999999999.0 1999999999.0 1999999999.0 1999999999.0 1999999999.0 1999999999.0 1999999999.0 1999999999.0 1999999999.0 1999999999.0 1999999999.0 1999999999.0 1999999999.0 1999999999.0 1999999999.0 1999999999.0 1999999999.0 1999999999.0 1999999999.0 1999999999.0 
1999999999.0 1999999999.0 1999999999.0 1999999999.0 1999999999.0 1999999999.0 1999999999.0 1999999999.0 1999999999.0 1999999999.0 1999999999.0 1999999999.0 1999999999.0 1999999999.0 1999999999.0 1999999999.0 1999999999.0 1999999999.0 1999999999.0 1999999999.0 x 1999999999.0 1999999999.0 1999999999.0 1999999999.0 1999999999.0 1999999999.0 1999999999.0 1999999999.0 1999999999.0 1999999999.0 1999999999.0 1999999999.0 1999999999.0 1999999999.0 1999999999.0 1999999999.0 1999999999.0 1999999999.0 1999999999.0 1999999999.0 1999999999.0 1999999999.0 1999999999.0 1999999999.0 1999999999.0 1999999999.0 1999999999.0 1999999999.0 1999999999.0 
1999999999.0 1999999999.0 1999999999.0 1999999999.0 1999999999.0 1999999999.0 1999999999.0 1999999999.0 1999999999.0 1999999999.0 1999999999.0 1999999999.0 1999999999.0 1999999999.0 1999999999.0 1999999999.0 1999999999.0 1999999999.0 1999999999.0 1999999999.0 1999999999.0 x 1999999999.0 1999999999.0 1999999999.0 1999999999.0 1999999999.0 1999999999.0 1999999999.0 1999999999.0 1999999999.0 1999999999.0 1999999999.0 1999999999.0 1999999999.0 1999999999.0 1999999999.0 1999999999.0 1999999999.0 1999999999.0 1999999999.0 1999999999.0 1999999999.0 1999999999.0 1999999999.0 1999999999.0 1999999999.0 1999999999.0 1999999999.0 1999999999.0 
1999999999.0 1999999999.0 1999999999.0 1999999999.0 1999999999.0 1999999999.0 1999999999.0 1999999999.0 1999999999.0 1999999999.0 1999999999.0 1999999999.0 1999999999.0 1999999999.0 1999999999.0 1999999999.0 1999999999.0 1999999999.0 1999999999.0 1999999999.0 1999999999.0 1999999999.0 x 1999999999.0 1999999999.0 1999999999.0 1999999999.0 1999999999.0 1999999999.0 1999999999.0 1999999999.0 1999999999.0 1999999999.0 1999999999.0 1999999999.0 1999999999.0 1999999999.0 1999999999.0 1999999999.0 1999999999.0 1999999999.0 1999999999.0 1999999999.0 1999999999.0 1999999999.0 1999999999.0 1999999999.0 1999999999.0 1999999999.0 1999999999.0 
1999999999.0 1999999999.0 1999999999.0 1999999999.0 1999999999.0 1999999999.0 1999999999.0 1999999999.0 1999999999.0 1999999999.0 1999999999.0 1999999999.0 1999999999.0 1999999999.0 1999999999.0 1999999999.0 1999999999.0 1999999999.0 1999999999.0 1999999999.0 1999999999.0 1999999999.0 1999999999.0 x 1999999999.0 1999999999.0 1999999999.0 1999999999.0 1999999999.0 1999999999.0 1999999999.0 1999999999.0 1999999999.0 1999999999.0 1999999999.0 1999999999.0 1999999999.0 1999999999.0 1999999999.0 1999999999.0 1999999999.0 1999999999.0 1999999999.0 1999999999.0 1999999999.0 1999999999.0 1999999999.0 1999999999.0 1999999999.0 1999999999.0 
1999999999.0 1999999999.0 1999999999.0 1999999999.0 1999999999.0 1999999999.0 1999999999.0 1999999999.0 1999999999.0 1999999999.0 1999999999.0 1999999999.0 1999999999.0 1999999999.0 1999999999.0 1999999999.0 1999999999.0 1999999999.0 1999999999.0 1999999999.0 1999999999.0 1999999999.0 1999999999.0 1999999999.0 x 1999999999.0 1999999999.0 1999999999.0 1999999999.0 1999999999.0 1999999999.0 1999999999.0 1999999999.0 1999999999.0 1999999999.0 1999999999.0 1999999999.0 1999999999.0 1999999999.0 1999999999.0 1999999999.0 1999999999.0 1999999999.0 1999999999.0 1999999999.0 1999999999.0 1999999999.0 1999999999.0 1999999999.0 1999999999.0 
1999999999.0 1999999999.0 1999999999.0 1999999999.0 1999999999.0 1999999999.0 1999999999.0 1999999999.0 1999999999.0 1999999999.0 1999999999.0 1999999999.0 1999999999.0 1999999999.0 1999999999.0 1999999999.0 1999999999.0 1999999999.0 1999999999.0 1999999999.0 1999999999.0 1999999999.0 1999999999.0 1999999999.0 1999999999.0 x 1999999999.0 1999999999.0 1999999999.0 1999999999.0 1999999999.0 1999999999.0 1999999999.0 1999999999.0 1999999999.0 1999999999.0 1999999999.0 1999999999.0 1999999999.0 1999999999.0 1999999999.0 1999999999.0 1999999999.0 1999999999.0 1999999999.0 1999999999.0 1999999999.0 1999999999.0 1999999999.0 1999999999.0 
1999999999.0 1999999999.0 1999999999.0 1999999999.0 1999999999.0 1999999999.0 1999999999.0 1999999999.0 1999999999.0 1999999999.0 1999999999.0 1999999999.0 1999999999.0 1999999999.0 1999999999.0 1999999999.0 1999999999.0 1999999999.0 1999999999.0 1999999999.0 1999999999.0 1999999999.0 1999999999.0 1999999999.0 1999999999.0 1999999999.0 x 1999999999.0 1999999999.0 1999999999.0 1999999999.0 1999999999.0 1999999999.0 1999999999.0 1999999999.0 1999999999.0 1999999999.0 1999999999.0 1999999999.0 1999999999.0 1999999999.0 1999999999.0 1999999999.0 1999999999.0 1999999999.0 1999999999.0 1999999999.0 1999999999.0 1999999999.0 1999999999.0 
1999999999.0 1999999999.0 1999999999.0 1999999999.0 1999999999.0 1999999999.0 1999999999.0 1999999999.0 1999999999.0 1999999999.0 1999999999.0 1999999999.0 1999999999.0 1999999999.0 1999999999.0 1999999999.0 1999999999.0 1999999999.0 1999999999.0 1999999999.0 1999999999.0 1999999999.0 1999999999.0 1999999999.0 1999999999.0 1999999999.0 1999999999.0 x 1999999999.0 1999999999.0 1999999999.0 1999999999.0 1999999999.0 1999999999.0 1999999999.0 1999999999.0 1999999999.0 1999999999.0 1999999999.0 1999999999.0 1999999999.0 1999999999.0 1999999999.0 1999999999.0 1999999999.0 1999999999.0 1999999999.0 1999999999.0 1999999999.0 1999999999.0 
1999999999.0 1999999999.0 1999999999.0 1999999999.0 1999999999.0 1999999999.0 1999999999.0 1999999999.0 1999999999.0 1999999999.0 1999999999.0 1999999999.0 1999999999.0 1999999999.0 1999999999.0 1999999999.0 1999999999.0 1999999999.0 1999999999.0 1999999999.0 1999999999.0 1999999999.0 1999999999.0 1999999999.0 1999999999.0 1999999999.0 1999999999.0 1999999999.0 x 1999999999.0 1999999999.0 1999999999.0 1999999999.0 1999999999.0 1999999999.0 1999999999.0 1999999999.0 1999999999.0 1999999999.0 1999999999.0 1999999999.0 1999999999.0 1999999999.0 1999999999.0 1999999999.0 1999999999.0 1999999999.0 1999999999.0 1999999999.0 1999999999.0 
1999999999.0 1999999999.0 1999999999.0 1999999999.0 1999999999.0 1999999999.0 1999999999.0 1999999999.0 1999999999.0 1999999999.0 1999999999.0 1999999999.0 1999999999.0 1999999999.0 1999999999.0 1999999999.0 1999999999.0 1999999999.0 1999999999.0 1999999999.0 1999999999.0 1999999999.0 1999999999.0 1999999999.0 1999999999.0 1999999999.0 1999999999.0 1999999999.0 1999999999.0 x 1999999999.0 1999999999.0 1999999999.0 1999999999.0 1999999999.0 1999999999.0 1999999999.0 1999999999.0 1999999999.0 1999999999.0 1999999999.0 1999999999.0 1999999999.0 1999999999.0 1999999999.0 1999999999.0 1999999999.0 1999999999.0 1999999999.0 1999999999.0 
1999999999.0 1999999999.0 1999999999.0 1999999999.0 1999999999.0 1999999999.0 1999999999.0 1999999999.0 1999999999.0 1999999999.0 1999999999.0 1999999999.0 1999999999.0 1999999999.0 1999999999.0 1999999999.0 1999999999.0 1999999999.0 1999999999.0 1999999999.0 1999999999.0 1999999999.0 1999999999.0 1999999999.0 1999999999.0 1999999999.0 1999999999.0 1999999999.0 1999999999.0 1999999999.0 x 1999999999.0 1999999999.0 1999999999.0 1999999999.0 1999999999.0 1999999999.0 1999999999.0 1999999999.0 1999999999.0 1999999999.0 1999999999.0 1999999999.0 1999999999.0 1999999999.0 1999999999.0 1999999999.0 1999999999.0 1999999999.0 1999999999.0 
1999999999.0 1999999999.0 1999999999.0 1999999999.0 1999999999.0 1999999999.0 1999999999.0 1999999999.0 1999999999.0 1999999999.0 1999999999.0 1999999999.0 1999999999.0 1999999999.0 1999999999.0 1999999999.0 1999999999.0 1999999999.0 1999999999.0 1999999999.0 1999999999.0 1999999999.0 1999999999.0 1999999999.0 1999999999.0 1999999999.0 1999999999.0 1999999999.0 1999999999.0 1999999999.0 1999999999.0 x 1999999999.0 1999999999.0 1999999999.0 1999999999.0 1999999999.0 1999999999.0 1999999999.0 1999999999.0 1999999999.0 1999999999.0 1999999999.0 1999999999.0 1999999999.0 1999999999.0 1999999999.0 1999999999.0 1999999999.0 1999999999.0 
1999999999.0 1999999999.0 1999999999.0 1999999999.0 1999999999.0 1999999999.0 1999999999.0 1999999999.0 1999999999.0 1999999999.0 1999999999.0 1999999999.0 1999999999.0 1999999999.0 1999999999.0 1999999999.0 1999999999.0 1999999999.0 1999999999.0 1999999999.0 1999999999.0 1999999999.0 1999999999.0 1999999999.0 1999999999.0 1999999999.0 1999999999.0 1999999999.0 1999999999.0 1999999999.0 1999999999.0 1999999999.0 x 1999999999.0 1999999999.0 1999999999.0 1999999999.0 1999999999.0 1999999999.0 1999999999.0 1999999999.0 1999999999.0 1999999999.0 1999999999.0 1999999999.0 1999999999.0 1999999999.0 1999999999.0 1999999999.0 1999999999.0 
1999999999.0 1999999999.0 1999999999.0 1999999999.0 1999999999.0 1999999999.0 1999999999.0 1999999999.0 1999999999.0 1999999999.0 1999999999.0 1999999999.0 1999999999.0 1999999999.0 1999999999.0 1999999999.0 1999999999.0 1999999999.0 1999999999.0 1999999999.0 1999999999.0 1999999999.0 1999999999.0 1999999999.0 1999999999.0 1999999999.0 1999999999.0 1999999999.0 1999999999.0 1999999999.0 1999999999.0 1999999999.0 1999999999.0 x 1999999999.0 1999999999.0 1999999999.0 1999999999.0 1999999999.0 1999999999.0 1999999999.0 1999999999.0 1999999999.0 1999999999.0 1999999999.0 1999999999.0 1999999999.0 1999999999.0 1999999999.0 1999999999.0 
1999999999.0 1999999999.0 1999999999.0 1999999999.0 1999999999.0 1999999999.0 1999999999.0 1999999999.0 1999999999.0 1999999999.0 1999999999.0 1999999999.0 1999999999.0 1999999999.0 1999999999.0 1999999999.0 1999999999.0 1999999999.0 1999999999.0 1999999999.0 1999999999.0 1999999999.0 1999999999.0 1999999999.0 1999999999.0 1999999999.0 1999999999.0 1999999999.0 1999999999.0 1999999999.0 1999999999.0 1999999999.0 1999999999.0 1999999999.0 x 1999999999.0 1999999999.0 1999999999.0 1999999999.0 1999999999.0 1999999999.0 1999999999.0 1999999999.0 1999999999.0 1999999999.0 1999999999.0 1999999999.0 1999999999.0 1999999999.0 1999999999.0 
1999999999.0 1999999999.0 1999999999.0 1999999999.0 1999999999.0 1999999999.0 1999999999.0 1999999999.0 1999999999.0 1999999999.0 1999999999.0 1999999999.0 1999999999.0 1999999999.0 1999999999.0 1999999999.0 1999999999.0 1999999999.0 1999999999.0 1999999999.0 1999999999.0 1999999999.0 1999999999.0 1999999999.0 1999999999.0 1999999999.0 1999999999.0 1999999999.0 1999999999.0 1999999999.0 1999999999.0 1999999999.0 1999999999.0 1999999999.0 1999999999.0 x 1999999999.0 1999999999.0 1999999999.0 1999999999.0 1999999999.0 1999999999.0 1999999999.0 1999999999.0 1999999999.0 1999999999.0 1999999999.0 1999999999.0 1999999999.0 1999999999.0 
1999999999.0 1999999999.0 1999999999.0 1999999999.0 1999999999.0 1999999999.0 1999999999.0 1999999999.0 1999999999.0 1999999999.0 1999999999.0 1999999999.0 1999999999.0 1999999999.0 1999999999.0 1999999999.0 1999999999.0 1999999999.0 1999999999.0 1999999999.0 1999999999.0 1999999999.0 1999999999.0 1999999999.0 1999999999.0 1999999999.0 1999999999.0 1999999999.0 1999999999.0 1999999999.0 1999999999.0 1999999999.0 1999999999.0 1999999999.0 1999999999.0 1999999999.0 x 1999999999.0 1999999999.0 1999999999.0 1999999999.0 1999999999.0 1999999999.0 1999999999.0 1999999999.0 1999999999.0 1999999999.0 1999999999.0 1999999999.0 1999999999.0 
1999999999.0 1999999999.0 1999999999.0 1999999999.0 1999999999.0 1999999999.0 1999999999.0 1999999999.0 1999999999.0 1999999999.0 1999999999.0 1999999999.0 1999999999.0 1999999999.0 1999999999.0 1999999999.0 1999999999.0 1999999999.0 1999999999.0 1999999999.0 1999999999.0 1999999999.0 1999999999.0 1999999999.0 1999999999.0 1999999999.0 1999999999.0 1999999999.0 1999999999.0 1999999999.0 1999999999.0 1999999999.0 1999999999.0 1999999999.0 1999999999.0 1999999999.0 1999999999.0 x 1999999999.0 1999999999.0 1999999999.0 1999999999.0 1999999999.0 1999999999.0 1999999999.0 1999999999.0 1999999999.0 1999999999.0 1999999999.0 1999999999.0 
1999999999.0 1999999999.0 1999999999.0 1999999999.0 1999999999.0 1999999999.0 1999999999.0 1999999999.0 1999999999.0 1999999999.0 1999999999.0 1999999999.0 1999999999.0 1999999999.0 1999999999.0 1999999999.0 1999999999.0 1999999999.0 1999999999.0 1999999999.0 1999999999.0 1999999999.0 1999999999.0 1999999999.0 1999999999.0 1999999999.0 1999999999.0 1999999999.0 1999999999.0 1999999999.0 1999999999.0 1999999999.0 1999999999.0 1999999999.0 1999999999.0 1999999999.0 1999999999.0 1999999999.0 x 1999999999.0 1999999999.0 1999999999.0 1999999999.0 1999999999.0 1999999999.0 1999999999.0 1999999999.0 1999999999.0 1999999999.0 1999999999.0 
1999999999.0 1999999999.0 1999999999.0 1999999999.0 1999999999.0 1999999999.0 1999999999.0 1999999999.0 1999999999.0 1999999999.0 1999999999.0 1999999999.0 1999999999.0 1999999999.0 1999999999.0 1999999999.0 1999999999.0 1999999999.0 1999999999.0 1999999999.0 1999999999.0 1999999999.0 1999999999.0 1999999999.0 1999999999.0 1999999999.0 1999999999.0 1999999999.0 1999999999.0 1999999999.0 1999999999.0 1999999999.0 1999999999.0 1999999999.0 1999999999.0 1999999999.0 1999999999.0 1999999999.0 1999999999.0 x 1999999999.0 1999999999.0 1999999999.0 1999999999.0 1999999999.0 1999999999.0 1999999999.0 1999999999.0 1999999999.0 1999999999.0 
1999999999.0 1999999999.0 1999999999.0 1999999999.0 1999999999.0 1999999999.0 1999999999.0 1999999999.0 1999999999.0 1999999999.0 1999999999.0 1999999999.0 1999999999.0 1999999999.0 1999999999.0 1999999999.0 1999999999.0 1999999999.0 1999999999.0 1999999999.0 1999999999.0 1999999999.0 1999999999.0 1999999999.0 1999999999.0 1999999999.0 1999999999.0 1999999999.0 1999999999.0 1999999999.0 1999999999.0 1999999999.0 1999999999.0 1999999999.0 1999999999.0 1999999999.0 1999999999.0 1999999999.0 1999999999.0 1999999999.0 x 1999999999.0 1999999999.0 1999999999.0 1999999999.0 1999999999.0 1999999999.0 1999999999.0 1999999999.0 1999999999.0 
1999999999.0 1999999999.0 1999999999.0 1999999999.0 1999999999.0 1999999999.0 1999999999.0 1999999999.0 1999999999.0 1999999999.0 1999999999.0 1999999999.0 1999999999.0 1999999999.0 1999999999.0 1999999999.0 1999999999.0 1999999999.0 1999999999.0 1999999999.0 1999999999.0 1999999999.0 1999999999.0 1999999999.0 1999999999.0 1999999999.0 1999999999.0 1999999999.0 1999999999.0 1999999999.0 1999999999.0 1999999999.0 1999999999.0 1999999999.0 1999999999.0 1999999999.0 1999999999.0 1999999999.0 1999999999.0 1999999999.0 1999999999.0 x 1999999999.0 1999999999.0 1999999999.0 1999999999.0 1999999999.0 1999999999.0 1999999999.0 1999999999.0 
1999999999.0 1999999999.0 1999999999.0 1999999999.0 1999999999.0 1999999999.0 1999999999.0 1999999999.0 1999999999.0 1999999999.0 1999999999.0 1999999999.0 1999999999.0 1999999999.0 1999999999.0 1999999999.0 1999999999.0 1999999999.0 1999999999.0 1999999999.0 1999999999.0 1999999999.0 1999999999.0 1999999999.0 1999999999.0 1999999999.0 1999999999.0 1999999999.0 1999999999.0 1999999999.0 1999999999.0 1999999999.0 1999999999.0 1999999999.0 1999999999.0 1999999999.0 1999999999.0 1999999999.0 1999999999.0 1999999999.0 1999999999.0 1999999999.0 x 1999999999.0 1999999999.0 1999999999.0 1999999999.0 1999999999.0 1999999999.0 1999999999.0 
1999999999.0 1999999999.0 1999999999.0 1999999999.0 1999999999.0 1999999999.0 1999999999.0 1999999999.0 1999999999.0 1999999999.0 1999999999.0 1999999999.0 1999999999.0 1999999999.0 1999999999.0 1999999999.0 1999999999.0 1999999999.0 1999999999.0 1999999999.0 1999999999.0 1999999999.0 1999999999.0 1999999999.0 1999999999.0 1999999999.0 1999999999.0 1999999999.0 1999999999.0 1999999999.0 1999999999.0 1999999999.0 1999999999.0 1999999999.0 1999999999.0 1999999999.0 1999999999.0 1999999999.0 1999999999.0 1999999999.0 1999999999.0 1999999999.0 1999999999.0 x 1999999999.0 1999999999.0 1999999999.0 1999999999.0 1999999999.0 1999999999.0 
1999999999.0 1999999999.0 1999999999.0 1999999999.0 1999999999.0 1999999999.0 1999999999.0 1999999999.0 1999999999.0 1999999999.0 1999999999.0 1999999999.0 1999999999.0 1999999999.0 1999999999.0 1999999999.0 1999999999.0 1999999999.0 1999999999.0 1999999999.0 1999999999.0 1999999999.0 1999999999.0 1999999999.0 1999999999.0 1999999999.0 1999999999.0 1999999999.0 1999999999.0 1999999999.0 1999999999.0 1999999999.0 1999999999.0 1999999999.0 1999999999.0 1999999999.0 1999999999.0 1999999999.0 1999999999.0 1999999999.0 1999999999.0 1999999999.0 1999999999.0 1999999999.0 x 1999999999.0 1999999999.0 1999999999.0 1999999999.0 1999999999.0 
1999999999.0 1999999999.0 1999999999.0 1999999999.0 1999999999.0 1999999999.0 1999999999.0 1999999999.0 1999999999.0 1999999999.0 1999999999.0 1999999999.0 1999999999.0 1999999999.0 1999999999.0 1999999999.0 1999999999.0 1999999999.0 1999999999.0 1999999999.0 1999999999.0 1999999999.0 1999999999.0 1999999999.0 1999999999.0 1999999999.0 1999999999.0 1999999999.0 1999999999.0 1999999999.0 1999999999.0 1999999999.0 1999999999.0 1999999999.0 1999999999.0 1999999999.0 1999999999.0 1999999999.0 1999999999.0 1999999999.0 1999999999.0 1999999999.0 1999999999.0 1999999999.0 1999999999.0 x 1999999999.0 1999999999.0 1999999999.0 1999999999.0 
1999999999.0 1999999999.0 1999999999.0 1999999999.0 1999999999.0 1999999999.0 1999999999.0 1999999999.0 1999999999.0 1999999999.0 1999999999.0 1999999999.0 1999999999.0 1999999999.0 1999999999.0 1999999999.0 1999999999.0 1999999999.0 1999999999.0 1999999999.0 1999999999.0 1999999999.0 1999999999.0 1999999999.0 1999999999.0 1999999999.0 1999999999.0 1999999999.0 1999999999.0 1999999999.0 1999999999.0 1999999999.0 1999999999.0 1999999999.0 1999999999.0 1999999999.0 1999999999.0 1999999999.0 1999999999.0 1999999999.0 1999999999.0 1999999999.0 1999999999.0 1999999999.0 1999999999.0 1999999999.0 x 1999999999.0 1999999999.0 1999999999.0 
1999999999.0 1999999999.0 1999999999.0 1999999999.0 1999999999.0 1999999999.0 1999999999.0 1999999999.0 1999999999.0 1999999999.0 1999999999.0 1999999999.0 1999999999.0 1999999999.0 1999999999.0 1999999999.0 1999999999.0 1999999999.0 1999999999.0 1999999999.0 1999999999.0 1999999999.0 1999999999.0 1999999999.0 1999999999.0 1999999999.0 1999999999.0 1999999999.0 1999999999.0 1999999999.0 1999999999.0 1999999999.0 1999999999.0 1999999999.0 1999999999.0 1999999999.0 1999999999.0 1999999999.0 1999999999.0 1999999999.0 1999999999.0 1999999999.0 1999999999.0 1999999999.0 1999999999.0 1999999999.0 1999999999.0 x 1999999999.0 1999999999.0 
1999999999.0 1999999999.0 1999999999.0 1999999999.0 1999999999.0 1999999999.0 1999999999.0 1999999999.0 1999999999.0 1999999999.0 1999999999.0 1999999999.0 1999999999.0 1999999999.0 1999999999.0 1999999999.0 1999999999.0 1999999999.0 1999999999.0 1999999999.0 1999999999.0 1999999999.0 1999999999.0 1999999999.0 1999999999.0 1999999999.0 1999999999.0 1999999999.0 1999999999.0 1999999999.0 1999999999.0 1999999999.0 1999999999.0 1999999999.0 1999999999.0 1999999999.0 1999999999.0 1999999999.0 1999999999.0 1999999999.0 1999999999.0 1999999999.0 1999999999.0 1999999999.0 1999999999.0 1999999999.0 1999999999.0 1999999999.0 x 1999999999.0 
1999999999.0 1999999999.0 1999999999.0 1999999999.0 1999999999.0 1999999999.0 1999999999.0 1999999999.0 1999999999.0 1999999999.0 1999999999.0 1999999999.0 1999999999.0 1999999999.0 1999999999.0 1999999999.0 1999999999.0 1999999999.0 1999999999.0 1999999999.0 1999999999.0 1999999999.0 1999999999.0 1999999999.0 1999999999.0 1999999999.0 1999999999.0 1999999999.0 1999999999.0 1999999999.0 1999999999.0 1999999999.0 1999999999.0 1999999999.0 1999999999.0 1999999999.0 1999999999.0 1999999999.0 1999999999.0 1999999999.0 1999999999.0 1999999999.0 1999999999.0 1999999999.0 1999999999.0 1999999999.0 1999999999.0 1999999999.0 1999999999.0 x 
