50
25
A0 A1 A2 A3 A4 A5 A6 A7 A8 A9 B0 B1 B2 B3 B4 B5 B6 B7 B8 B9 C0 C1 C2 C3 C4 C5 C6 C7 C8 C9 D0 D1 D2 D3 D4 D5 D6 D7 D8 D9 E0 E1 E2 E3 E4 E5 E6 E7 E8 E9 
A1 A2 A3 A4 A5 A6 A7 A8 A9 B0 B1 B2 B3 B4 B5 B6 B7 B8 B9 C0 C1 C2 C3 C4 C5 
A0
x 31 30 30 31 30 30 29 31 30 31 31 30 30 30 29 30 29 31 31 30 29 29 30 29 29 30 30 31 31 29 31 30 29 31 31 29 31 30 29 30 29 31 29 29 31 29 29 29 31
31 x 29 30 30 31 31 30 30 31 29 30 31 30 31 31 29 31 31 29 30 30 30 30 29 31 29 30 29 31 31 31 30 29 31 29 30 31 30 29 29 31 30 30 31 30 30 29 29 30
30 29 x 30 29 29 30 31 29 30 29 30 x 30 30 30 29 29 31 29 31 29 31 31 29 29 31 31 29 29 31 29 30 29 31 29 29 29 29 30 29 30 31 31 29 31 31 30 29 31
30 30 30 x 30 30 31 30 31 30 29 30 30 30 30 30 30 31 31 29 31 31 30 29 31 29 29 29 30 31 31 31 29 29 31 30 30 29 31 30 31 29 29 30 31 31 30 31 31 29
31 30 29 30 x 31 29 31 29 31 31 29 31 29 30 30 30 30 30 30 29 31 31 31 30 31 30 30 30 30 30 30 30 30 29 29 31 29 29 29 29 31 31 30 29 30 29 30 31 29
30 31 29 30 31 x 31 30 31 31 30 29 30 30 29 29 30 29 29 31 29 29 29 29 30 31 30 31 31 29 30 30 29 29 31 30 31 30 30 31 31 30 31 30 30 29 30 31 31 30
30 31 30 31 29 31 x 31 31 29 29 30 31 31 31 30 31 29 30 30 29 29 29 31 30 29 30 29 30 29 30 30 30 29 29 30 30 30 30 30 31 30 31 29 31 30 31 31 29 31
29 30 31 30 31 30 31 x 31 31 30 31 29 30 29 31 31 31 29 30 29 29 31 29 31 29 29 29 31 30 30 29 29 29 31 31 30 31 31 31 29 31 30 31 31 30 30 29 29 31
31 30 29 31 29 31 31 31 x 30 30 31 29 29 29 30 31 31 30 31 31 30 29 30 30 29 29 30 30 30 30 31 31 30 31 31 31 31 31 31 31 29 30 31 29 30 30 31 30 31
30 31 30 30 31 31 29 31 30 x 29 29 31 30 29 30 29 29 31 31 31 29 29 29 30 31 29 29 31 31 29 29 30 31 29 30 30 29 31 31 29 30 31 31 31 31 29 30 30 31
31 29 29 29 31 30 29 30 30 29 x 30 31 31 30 30 29 29 31 30 30 30 30 31 x 29 30 29 30 29 30 31 29 31 31 31 29 30 31 29 29 29 29 31 30 31 29 30 30 30
31 30 30 30 29 29 30 31 31 29 30 x 30 29 29 29 31 30 30 30 31 31 30 31 30 29 30 31 31 31 31 31 29 30 30 31 30 31 31 29 30 31 31 29 31 30 29 29 31 31
30 31 x 30 31 30 31 29 29 31 31 30 x 30 30 29 31 31 30 29 29 29 29 30 29 29 29 30 29 31 30 29 30 31 30 30 29 30 30 30 30 29 29 31 30 29 30 31 31 31
30 30 30 30 29 30 31 30 29 30 31 29 30 x 30 31 31 31 31 31 29 30 31 30 29 29 30 31 29 29 29 29 31 30 31 29 31 30 30 31 31 30 29 30 30 31 31 29 29 30
30 31 30 30 30 29 31 29 29 29 30 29 30 30 x 29 30 31 30 31 29 30 29 29 30 31 31 29 29 30 29 30 31 29 30 30 30 30 29 31 30 30 31 30 29 31 29 31 29 30
29 31 30 30 30 29 30 31 30 30 30 29 29 31 29 x 30 31 30 31 31 29 31 30 31 29 30 29 31 30 31 30 29 31 29 29 30 29 30 31 29 29 31 29 31 30 30 30 31 31
30 29 29 30 30 30 31 31 31 29 29 31 31 31 30 30 x 30 31 31 31 30 29 30 30 30 31 30 30 29 30 31 29 30 30 30 29 31 29 31 31 30 31 31 30 31 29 30 30 30
29 31 29 31 30 29 29 31 31 29 29 30 31 31 31 31 30 x 31 29 30 29 31 29 30 30 30 30 29 30 30 29 31 29 29 30 29 31 29 29 29 30 31 30 30 30 31 29 29 30
31 31 31 31 30 29 30 29 30 31 31 30 30 31 30 30 31 31 x 29 31 29 31 30 29 30 31 31 29 30 31 31 30 x 29 30 30 30 30 29 29 29 29 31 30 29 30 30 30 31
31 29 29 29 30 31 30 30 31 31 30 30 29 31 31 31 31 29 29 x 31 31 30 29 29 29 31 31 30 31 29 29 29 29 30 29 29 30 31 29 29 31 31 29 31 29 30 30 30 31
30 30 31 31 29 29 29 29 31 31 30 31 29 29 29 31 31 30 31 31 x 30 30 31 29 31 31 29 31 29 31 31 31 31 31 30 31 29 29 30 29 29 31 29 31 x 29 30 29 31
29 30 29 31 31 29 29 29 30 29 30 31 29 30 30 29 30 29 29 31 30 x 31 31 30 29 30 30 31 30 31 31 30 30 31 29 30 31 31 30 30 29 30 31 30 30 31 30 30 31
29 30 31 30 31 29 29 31 29 29 30 30 29 31 29 31 29 31 31 30 30 31 x 29 29 30 29 30 29 31 31 30 31 30 31 30 31 29 29 30 30 30 30 31 30 30 29 29 30 31
30 30 31 29 31 29 31 29 30 29 31 31 30 30 29 30 30 29 30 29 31 31 29 x 31 30 29 30 31 29 31 31 30 31 29 29 30 30 29 30 31 31 31 31 29 30 30 29 31 30
29 29 29 31 30 30 30 31 30 30 x 30 29 29 30 31 30 30 29 29 29 30 29 31 x 30 30 29 29 30 31 30 29 30 31 30 30 31 31 30 30 29 30 31 29 31 30 29 31 29
29 31 29 29 31 31 29 29 29 31 29 29 29 29 31 29 30 30 30 29 31 29 30 30 30 x 30 29 31 30 31 29 30 31 31 31 30 30 31 29 31 29 29 29 30 29 30 29 31 30
30 29 31 29 30 30 30 29 29 29 30 30 29 30 31 30 31 30 31 31 31 30 29 29 30 30 x 30 31 31 30 30 31 29 30 30 31 29 29 30 31 29 31 30 31 29 30 30 31 29
30 30 31 29 30 31 29 29 30 29 29 31 30 31 29 29 30 30 31 31 29 30 30 30 29 29 30 x 29 31 30 29 29 29 30 30 29 29 30 29 30 31 30 29 30 29 30 31 29 31
31 29 29 30 30 31 30 31 30 31 30 31 29 29 29 31 30 29 29 30 31 31 29 31 29 31 31 29 x 30 30 29 29 31 30 29 29 x 29 31 31 29 31 30 31 29 29 29 30 30
31 31 29 31 30 29 29 30 30 31 29 31 31 29 30 30 29 30 30 31 29 30 31 29 30 30 31 31 30 x 30 29 30 30 30 29 31 31 31 30 29 31 30 29 30 29 29 29 31 31
29 31 31 31 30 30 30 30 30 29 30 31 30 29 29 31 30 30 31 29 31 31 31 31 31 31 30 30 30 30 x 30 30 30 29 30 31 31 30 29 29 31 31 31 31 29 29 29 29 29
31 31 29 31 30 30 30 29 31 29 31 31 29 29 30 30 31 29 31 29 31 31 30 31 30 29 30 29 29 29 30 x 30 29 29 29 31 31 31 31 29 29 29 29 30 30 31 31 30 x
30 30 30 29 30 29 30 29 31 30 29 29 30 31 31 29 29 31 30 29 31 30 31 30 29 30 31 29 29 30 30 30 x 31 31 31 30 29 31 29 31 29 29 30 29 30 29 30 30 29
29 29 29 29 30 29 29 29 30 31 31 30 31 30 29 31 30 29 x 29 31 30 30 31 30 31 29 29 31 30 30 29 31 x 29 31 31 31 30 30 30 31 31 29 29 29 30 31 31 29
31 31 31 31 29 31 29 31 31 29 31 30 30 31 30 29 30 29 29 30 31 31 31 29 31 31 30 30 30 30 29 29 31 29 x 31 30 29 30 29 30 29 31 30 31 30 31 31 30 30
31 29 29 30 29 30 30 31 31 30 31 31 30 29 30 29 30 30 30 29 30 29 30 29 30 31 30 30 29 29 30 29 31 31 31 x 29 30 29 29 29 30 31 31 29 29 30 29 31 31
29 30 29 30 31 31 30 30 31 30 29 30 29 31 30 30 29 29 30 29 31 30 31 30 30 30 31 29 29 31 31 31 30 31 30 29 x 31 30 30 29 29 31 29 29 30 30 30 30 31
31 31 29 29 29 30 30 31 31 29 30 31 30 30 30 29 31 31 30 30 29 31 29 30 31 30 29 29 x 31 31 31 29 31 29 30 31 x 31 29 30 31 30 29 30 31 30 31 31 29
30 30 29 31 29 30 30 31 31 31 31 31 30 30 29 30 29 29 30 31 29 31 29 29 31 31 29 30 29 31 30 31 31 30 30 29 30 31 x 30 29 29 29 30 31 30 29 29 29 30
29 29 30 30 29 31 30 31 31 31 29 29 30 31 31 31 31 29 29 29 30 30 30 30 30 29 30 29 31 30 29 31 29 30 29 29 30 29 30 x 30 30 29 30 31 30 29 31 31 29
30 29 29 31 29 31 31 29 31 29 29 30 30 31 30 29 31 29 29 29 29 30 30 31 30 31 31 30 31 29 29 29 31 30 30 29 29 30 29 30 x 29 29 30 31 30 31 31 30 30
29 31 30 29 31 30 30 31 29 30 29 31 29 30 30 29 30 30 29 31 29 29 30 31 29 29 29 31 29 31 31 29 29 31 29 30 29 31 29 30 29 x 31 31 31 29 31 29 31 31
31 30 31 29 31 31 31 30 30 31 29 31 29 29 31 31 31 31 29 31 31 30 30 31 30 29 31 30 31 30 31 29 29 31 31 31 31 30 29 29 29 31 x 31 29 30 30 29 31 31
29 30 31 30 30 30 29 31 31 31 31 29 31 30 30 29 31 30 31 29 29 31 31 31 31 29 30 29 30 29 31 29 30 29 30 31 29 29 30 30 30 31 31 x 31 31 31 29 30 30
29 31 29 31 29 30 31 31 29 31 30 31 30 30 29 31 30 30 30 31 31 30 30 29 29 30 31 30 31 30 31 30 29 29 31 29 29 30 31 31 31 31 29 31 x 29 31 31 30 30
31 30 31 31 30 29 30 30 30 31 31 30 29 31 31 30 31 30 29 29 x 30 30 30 31 29 29 29 29 29 29 30 30 29 30 29 30 31 30 30 30 29 30 31 29 x 29 29 31 30
29 30 31 30 29 30 31 30 30 29 29 29 30 31 29 30 29 31 30 30 29 31 29 30 30 30 30 30 29 29 29 31 29 30 31 30 30 30 29 29 31 31 30 31 31 29 x 29 30 31
29 29 30 31 30 31 31 29 31 30 30 29 31 29 31 30 30 29 30 30 30 30 29 29 29 29 30 31 29 29 29 31 30 31 31 29 30 31 29 31 31 29 29 29 31 29 29 x 31 30
29 29 29 31 31 31 29 29 30 30 30 31 31 29 29 31 30 29 30 30 29 30 30 31 31 31 31 29 30 31 29 30 30 31 30 31 30 31 29 31 30 31 31 30 30 31 30 31 x 30
31 30 31 29 29 30 31 31 31 31 30 31 31 30 30 31 30 30 31 31 31 31 31 30 29 30 29 31 30 31 29 x 29 29 30 31 31 29 30 29 30 31 31 30 30 30 31 30 30 x
