100
50
0 1 2 3 4 5 6 7 8 9 10 11 12 13 14 15 16 17 18 19 20 21 22 23 24 25 26 27 28 29 30 31 32 33 34 35 36 37 38 39 40 41 42 43 44 45 46 47 48 49 50 51 52 53 54 55 56 57 58 59 60 61 62 63 64 65 66 67 68 69 70 71 72 73 74 75 76 77 78 79 80 81 82 83 84 85 86 87 88 89 90 91 92 93 94 95 96 97 98 99 
0 1 2 3 4 5 6 7 8 9 10 11 12 13 14 15 16 17 18 19 20 21 22 23 24 25 26 27 28 29 30 31 32 33 34 35 36 37 38 39 40 41 42 43 44 45 46 47 48 49 
0
x 44.0 63.0 59.0 x 49.0 x 71.0 x 70.0 53.0 90.0 19.0 89.0 14.0 x x x 60.0 56.0 x x x 42.0 x x 60.0 56.0 81.0 74.0 71.0 78.0 61.0 84.0 51.0 x 49.0 45.0 78.0 66.0 x 48.0 56.0 60.0 54.0 25.0 x 49.0 28.0 86.0 64.0 x 78.0 37.0 85.0 x 80.0 38.0 x x 65.0 x 44.0 92.0 51.0 67.0 60.0 92.0 75.0 35.0 52.0 75.0 x x 59.0 53.0 42.0 72.0 45.0 x 81.0 19.0 43.0 53.0 x 51.0 67.0 61.0 40.0 38.0 60.0 86.0 58.0 73.0 x 17.0 67.0 x 44.0 x 
44.0 x x 42.0 x 32.0 94.0 x 87.0 61.0 43.0 80.0 35.0 77.0 x 69.0 65.0 60.0 61.0 72.0 51.0 19.0 x 22.0 84.0 61.0 64.0 36.0 83.0 74.0 80.0 x 74.0 87.0 x x 24.0 56.0 79.0 47.0 92.0 65.0 46.0 x 59.0 41.0 74.0 70.0 18.0 81.0 50.0 54.0 34.0 x 92.0 x 55.0 66.0 76.0 17.0 61.0 56.0 x 88.0 68.0 51.0 x 82.0 x 9.0 35.0 78.0 x 10.0 39.0 43.0 x 73.0 x 52.0 71.0 45.0 26.0 51.0 60.0 50.0 64.0 63.0 30.0 x 57.0 79.0 65.0 73.0 35.0 47.0 72.0 36.0 60.0 69.0 
63.0 x x 34.0 63.0 47.0 100.0 74.0 70.0 60.0 63.0 108.0 54.0 52.0 49.0 72.0 x 69.0 63.0 59.0 x 57.0 68.0 54.0 82.0 71.0 x 50.0 21.0 77.0 51.0 74.0 93.0 x 45.0 55.0 80.0 20.0 93.0 74.0 78.0 63.0 77.0 x 57.0 60.0 x 53.0 54.0 96.0 77.0 22.0 x 59.0 85.0 43.0 x x 79.0 55.0 x 70.0 19.0 112.0 71.0 43.0 55.0 38.0 85.0 63.0 50.0 x x 66.0 53.0 55.0 76.0 75.0 x 71.0 49.0 66.0 53.0 105.0 65.0 48.0 x 41.0 42.0 73.0 57.0 x 81.0 77.0 86.0 68.0 42.0 51.0 63.0 x 
59.0 42.0 34.0 x 59.0 13.0 x 40.0 60.0 41.0 59.0 78.0 x 65.0 45.0 57.0 35.0 x 29.0 55.0 52.0 45.0 34.0 20.0 48.0 37.0 45.0 x 55.0 43.0 47.0 47.0 72.0 68.0 11.0 x x 14.0 59.0 45.0 x x x 59.0 23.0 x 55.0 56.0 48.0 62.0 43.0 12.0 19.0 25.0 72.0 39.0 77.0 73.0 75.0 47.0 69.0 48.0 15.0 83.0 67.0 9.0 51.0 56.0 51.0 51.0 16.0 59.0 40.0 32.0 x 63.0 42.0 x 33.0 x x 43.0 x 88.0 31.0 14.0 45.0 44.0 x 69.0 47.0 58.0 54.0 54.0 57.0 45.0 32.0 17.0 63.0 48.0 
x x 63.0 59.0 x 51.0 x 27.0 27.0 49.0 69.0 68.0 x x 54.0 x 65.0 63.0 x 12.0 65.0 45.0 66.0 61.0 60.0 x 33.0 58.0 54.0 30.0 28.0 34.0 72.0 78.0 53.0 53.0 72.0 x 54.0 51.0 x 43.0 14.0 1.0 37.0 53.0 65.0 27.0 x 80.0 x 47.0 78.0 65.0 67.0 20.0 58.0 81.0 16.0 43.0 29.0 24.0 x x 8.0 62.0 8.0 71.0 69.0 51.0 48.0 x 50.0 70.0 x 39.0 39.0 19.0 73.0 8.0 x 47.0 57.0 93.0 x 46.0 68.0 34.0 52.0 68.0 59.0 27.0 68.0 70.0 61.0 x 67.0 55.0 24.0 17.0 
49.0 32.0 47.0 13.0 51.0 x 75.0 49.0 62.0 32.0 53.0 68.0 60.0 65.0 55.0 53.0 x 69.0 38.0 47.0 63.0 x 21.0 10.0 x x 32.0 7.0 x x 60.0 56.0 62.0 55.0 2.0 34.0 36.0 27.0 50.0 x 81.0 38.0 65.0 52.0 x 39.0 42.0 43.0 50.0 49.0 30.0 25.0 32.0 15.0 63.0 52.0 67.0 64.0 67.0 49.0 56.0 61.0 x x 59.0 22.0 43.0 54.0 38.0 41.0 3.0 46.0 30.0 22.0 10.0 75.0 51.0 50.0 23.0 59.0 43.0 33.0 6.0 79.0 44.0 27.0 32.0 x 62.0 60.0 x x x 41.0 47.0 32.0 45.0 4.0 50.0 x 
x 94.0 100.0 x x 75.0 x x 80.0 87.0 x 61.0 59.0 87.0 64.0 x x 70.0 x x 74.0 79.0 96.0 74.0 x 63.0 75.0 68.0 x 23.0 81.0 27.0 116.0 109.0 73.0 x 96.0 80.0 82.0 99.0 73.0 49.0 51.0 x 43.0 78.0 98.0 x 78.0 110.0 90.0 78.0 85.0 x x 73.0 65.0 x 64.0 77.0 66.0 52.0 x 93.0 61.0 x 61.0 94.0 x 85.0 78.0 102.0 94.0 86.0 x x 62.0 x 61.0 45.0 98.0 78.0 72.0 102.0 63.0 x 106.0 76.0 80.0 78.0 68.0 60.0 97.0 103.0 89.0 80.0 83.0 79.0 74.0 68.0 
71.0 x 74.0 40.0 27.0 49.0 x x 54.0 61.0 80.0 41.0 69.0 61.0 64.0 x 47.0 44.0 11.0 x 48.0 56.0 x x 42.0 x 49.0 x x 3.0 55.0 7.0 99.0 83.0 47.0 33.0 x 54.0 65.0 75.0 x 23.0 x 26.0 17.0 52.0 72.0 x x 86.0 64.0 52.0 59.0 55.0 78.0 47.0 39.0 91.0 43.0 54.0 40.0 35.0 55.0 67.0 x 42.0 35.0 68.0 75.0 x 52.0 76.0 70.0 62.0 39.0 50.0 36.0 23.0 63.0 19.0 x 52.0 46.0 x 37.0 26.0 80.0 x x 88.0 42.0 x x 77.0 72.0 54.0 57.0 x 48.0 42.0 
x 87.0 70.0 60.0 27.0 62.0 80.0 54.0 x 60.0 x x 60.0 57.0 65.0 44.0 x 74.0 58.0 23.0 89.0 72.0 77.0 72.0 x 62.0 44.0 69.0 65.0 57.0 39.0 61.0 83.0 x x x 83.0 50.0 81.0 x 60.0 66.0 41.0 x 64.0 80.0 90.0 45.0 71.0 99.0 55.0 48.0 79.0 77.0 x 31.0 79.0 x 43.0 x 56.0 51.0 x 83.0 x 69.0 19.0 82.0 94.0 78.0 x x 61.0 84.0 x 66.0 66.0 46.0 x x 71.0 74.0 68.0 107.0 x 73.0 79.0 45.0 79.0 79.0 x 47.0 x 81.0 88.0 76.0 68.0 66.0 35.0 44.0 
70.0 61.0 60.0 41.0 49.0 32.0 87.0 61.0 60.0 x 53.0 92.0 x 55.0 73.0 66.0 43.0 72.0 50.0 45.0 x 80.0 x 39.0 69.0 78.0 64.0 25.0 81.0 64.0 37.0 68.0 91.0 82.0 30.0 57.0 65.0 54.0 68.0 x 82.0 50.0 63.0 50.0 44.0 68.0 69.0 55.0 78.0 76.0 62.0 53.0 60.0 44.0 81.0 29.0 x 32.0 x x 78.0 x 53.0 102.0 x 50.0 41.0 22.0 65.0 70.0 35.0 73.0 x 51.0 22.0 88.0 63.0 62.0 x 57.0 11.0 62.0 38.0 47.0 64.0 53.0 63.0 63.0 90.0 89.0 x 69.0 x 73.0 76.0 64.0 x 36.0 57.0 66.0 
53.0 43.0 63.0 59.0 69.0 53.0 x 80.0 x 53.0 x 101.0 44.0 x 39.0 78.0 74.0 75.0 74.0 69.0 80.0 28.0 74.0 43.0 93.0 x 75.0 57.0 84.0 x 61.0 87.0 95.0 x 52.0 x x 45.0 86.0 28.0 x x 55.0 68.0 68.0 51.0 95.0 79.0 25.0 102.0 71.0 47.0 77.0 x 99.0 x 80.0 x x 26.0 70.0 x 44.0 x 77.0 68.0 x 53.0 91.0 34.0 56.0 99.0 23.0 53.0 60.0 50.0 63.0 86.0 56.0 61.0 42.0 57.0 47.0 76.0 72.0 59.0 x 74.0 37.0 63.0 x 93.0 x 38.0 57.0 59.0 x 53.0 69.0 84.0 
90.0 80.0 108.0 78.0 68.0 68.0 61.0 41.0 x 92.0 101.0 x 100.0 57.0 104.0 84.0 88.0 40.0 52.0 80.0 x 97.0 89.0 58.0 83.0 87.0 90.0 72.0 111.0 38.0 75.0 42.0 100.0 123.0 67.0 74.0 76.0 92.0 106.0 83.0 88.0 x 66.0 67.0 58.0 77.0 x 79.0 96.0 117.0 55.0 90.0 x 53.0 x 83.0 45.0 97.0 79.0 95.0 81.0 76.0 93.0 x 76.0 83.0 76.0 70.0 106.0 x 71.0 114.0 78.0 70.0 x 91.0 x 62.0 61.0 60.0 81.0 71.0 62.0 82.0 78.0 67.0 91.0 91.0 91.0 108.0 83.0 75.0 100.0 98.0 x 73.0 98.0 72.0 x x 
19.0 35.0 54.0 x x 60.0 59.0 69.0 60.0 x 44.0 100.0 x 70.0 5.0 34.0 66.0 76.0 58.0 37.0 36.0 20.0 81.0 x x 66.0 46.0 53.0 67.0 72.0 x 76.0 80.0 65.0 58.0 52.0 40.0 36.0 69.0 72.0 82.0 58.0 47.0 50.0 52.0 44.0 52.0 x x 67.0 45.0 38.0 69.0 56.0 82.0 44.0 71.0 57.0 65.0 x 62.0 x 35.0 x x 59.0 41.0 86.0 56.0 26.0 x x 67.0 x x x 33.0 68.0 64.0 53.0 x x 61.0 68.0 53.0 51.0 x 47.0 31.0 19.0 42.0 69.0 77.0 x x 36.0 57.0 64.0 25.0 x 
89.0 77.0 52.0 65.0 x 65.0 87.0 61.0 57.0 55.0 x 57.0 70.0 x 75.0 63.0 55.0 17.0 72.0 42.0 94.0 85.0 86.0 55.0 103.0 81.0 63.0 69.0 73.0 64.0 18.0 68.0 102.0 x x x 53.0 51.0 98.0 30.0 79.0 x 60.0 47.0 78.0 83.0 107.0 64.0 83.0 114.0 74.0 53.0 84.0 60.0 x 26.0 22.0 74.0 62.0 83.0 x 70.0 x 69.0 54.0 x 38.0 x 103.0 75.0 x 105.0 35.0 x 69.0 x 85.0 65.0 68.0 54.0 66.0 77.0 59.0 59.0 78.0 76.0 67.0 64.0 94.0 89.0 x 66.0 58.0 75.0 x 79.0 73.0 69.0 54.0 x 
14.0 x 49.0 45.0 54.0 55.0 64.0 64.0 65.0 73.0 39.0 104.0 5.0 75.0 x x 61.0 x 53.0 42.0 41.0 15.0 76.0 52.0 72.0 x 51.0 48.0 70.0 67.0 57.0 71.0 75.0 70.0 53.0 47.0 35.0 31.0 64.0 67.0 87.0 53.0 x 55.0 47.0 39.0 57.0 40.0 14.0 72.0 50.0 33.0 x 51.0 77.0 x 66.0 52.0 70.0 13.0 57.0 x 30.0 x x 54.0 46.0 81.0 61.0 21.0 58.0 61.0 62.0 x 51.0 39.0 28.0 65.0 59.0 48.0 81.0 33.0 x 63.0 x 46.0 81.0 52.0 x 24.0 47.0 74.0 72.0 59.0 46.0 31.0 53.0 59.0 x x 
x 69.0 72.0 57.0 x 53.0 x x 44.0 66.0 78.0 84.0 34.0 63.0 x x 82.0 80.0 64.0 21.0 66.0 54.0 74.0 x 93.0 65.0 30.0 60.0 51.0 60.0 45.0 64.0 x 77.0 x 70.0 74.0 x 84.0 68.0 x 76.0 44.0 34.0 70.0 59.0 64.0 19.0 x 79.0 x 64.0 61.0 x 97.0 x x 91.0 49.0 52.0 x 54.0 61.0 69.0 41.0 66.0 25.0 74.0 68.0 60.0 56.0 60.0 67.0 63.0 63.0 69.0 67.0 52.0 64.0 38.0 63.0 x 47.0 102.0 62.0 x 85.0 31.0 65.0 53.0 60.0 53.0 x 67.0 x x 75.0 57.0 9.0 50.0 
x 65.0 x 35.0 65.0 x x 47.0 x 43.0 74.0 88.0 66.0 55.0 61.0 82.0 x 72.0 36.0 61.0 80.0 46.0 69.0 55.0 x 65.0 80.0 x 80.0 50.0 37.0 54.0 107.0 x 46.0 14.0 81.0 49.0 x 76.0 88.0 36.0 68.0 x 30.0 59.0 54.0 76.0 x 61.0 78.0 47.0 x 60.0 x 45.0 77.0 75.0 81.0 48.0 x 76.0 x 110.0 73.0 37.0 57.0 21.0 50.0 56.0 x 58.0 75.0 67.0 52.0 74.0 49.0 x 68.0 62.0 32.0 53.0 54.0 90.0 x 21.0 62.0 79.0 61.0 85.0 82.0 75.0 66.0 72.0 81.0 55.0 67.0 52.0 73.0 x 
x 60.0 69.0 x 63.0 69.0 70.0 44.0 74.0 72.0 75.0 40.0 76.0 17.0 x 80.0 72.0 x 55.0 59.0 88.0 69.0 90.0 62.0 86.0 x 80.0 76.0 x 47.0 35.0 51.0 107.0 124.0 71.0 x 36.0 68.0 109.0 47.0 96.0 67.0 69.0 64.0 61.0 88.0 111.0 81.0 68.0 118.0 87.0 70.0 x 67.0 x 43.0 5.0 57.0 x 67.0 79.0 x 67.0 52.0 71.0 86.0 55.0 93.0 107.0 x 72.0 115.0 52.0 50.0 x x 80.0 x x 63.0 x x 63.0 42.0 67.0 70.0 x x 80.0 95.0 86.0 x x 58.0 75.0 84.0 90.0 73.0 71.0 80.0 
60.0 61.0 63.0 29.0 x 38.0 x 11.0 58.0 50.0 74.0 52.0 58.0 72.0 53.0 64.0 36.0 55.0 x x 59.0 46.0 x x x 57.0 x 31.0 81.0 14.0 x 18.0 91.0 72.0 36.0 x 65.0 43.0 74.0 64.0 64.0 12.0 36.0 30.0 6.0 47.0 61.0 49.0 x x x 41.0 48.0 44.0 x x x 82.0 47.0 48.0 x 46.0 x 78.0 x 31.0 x x 64.0 56.0 41.0 x 59.0 51.0 28.0 61.0 25.0 12.0 52.0 30.0 61.0 41.0 35.0 87.0 26.0 15.0 69.0 61.0 61.0 77.0 x x 60.0 66.0 76.0 43.0 61.0 42.0 x 46.0 
56.0 72.0 59.0 55.0 12.0 47.0 x x 23.0 45.0 69.0 80.0 37.0 42.0 42.0 21.0 61.0 59.0 x x 69.0 57.0 x 57.0 72.0 47.0 21.0 54.0 42.0 42.0 x 46.0 68.0 80.0 49.0 x 68.0 41.0 66.0 47.0 45.0 55.0 x 13.0 x 62.0 67.0 22.0 x 82.0 32.0 x 74.0 x 79.0 16.0 64.0 x 28.0 55.0 41.0 36.0 40.0 68.0 20.0 64.0 4.0 67.0 71.0 63.0 44.0 63.0 46.0 x x x x x 70.0 x 56.0 56.0 x 92.0 44.0 58.0 x x 64.0 56.0 63.0 32.0 64.0 58.0 73.0 54.0 63.0 51.0 12.0 29.0 
x 51.0 x 52.0 65.0 63.0 74.0 48.0 89.0 x 80.0 x 36.0 94.0 41.0 66.0 80.0 88.0 59.0 69.0 x 56.0 84.0 53.0 90.0 x 78.0 67.0 84.0 51.0 76.0 55.0 105.0 78.0 62.0 66.0 55.0 x x 78.0 57.0 71.0 51.0 64.0 x x 65.0 67.0 55.0 80.0 x 41.0 71.0 58.0 84.0 x 83.0 93.0 81.0 54.0 64.0 x x 91.0 73.0 43.0 x 101.0 69.0 x 66.0 69.0 73.0 41.0 70.0 56.0 69.0 71.0 x 57.0 102.0 47.0 57.0 102.0 62.0 59.0 x 79.0 67.0 55.0 6.0 70.0 76.0 100.0 56.0 49.0 21.0 67.0 57.0 x 
x 19.0 57.0 45.0 45.0 x 79.0 56.0 72.0 80.0 28.0 97.0 20.0 85.0 15.0 54.0 46.0 69.0 46.0 57.0 56.0 x 72.0 41.0 65.0 x 66.0 55.0 78.0 59.0 x 63.0 90.0 x 50.0 32.0 43.0 42.0 71.0 56.0 83.0 46.0 x 44.0 x 42.0 x 55.0 3.0 x 51.0 40.0 53.0 46.0 84.0 64.0 74.0 67.0 61.0 2.0 46.0 41.0 x 73.0 53.0 x x x 76.0 10.0 54.0 76.0 51.0 29.0 58.0 28.0 35.0 58.0 54.0 37.0 70.0 48.0 45.0 x 48.0 31.0 74.0 67.0 15.0 39.0 62.0 70.0 65.0 66.0 35.0 46.0 60.0 55.0 x 60.0 
x x 68.0 34.0 66.0 21.0 96.0 x 77.0 x 74.0 89.0 81.0 86.0 76.0 74.0 69.0 90.0 x x 84.0 72.0 x 31.0 78.0 71.0 47.0 28.0 x x 78.0 77.0 x x 23.0 55.0 57.0 x x 56.0 73.0 59.0 79.0 66.0 53.0 60.0 x 58.0 71.0 x 51.0 x 53.0 x x 70.0 88.0 85.0 x 70.0 77.0 82.0 x 91.0 74.0 43.0 58.0 75.0 x 62.0 18.0 61.0 51.0 43.0 31.0 96.0 72.0 71.0 41.0 73.0 64.0 54.0 27.0 100.0 x 48.0 53.0 46.0 83.0 81.0 81.0 60.0 x 62.0 68.0 53.0 66.0 25.0 68.0 50.0 
42.0 22.0 54.0 20.0 61.0 10.0 74.0 x 72.0 39.0 43.0 58.0 x 55.0 52.0 x 55.0 62.0 x 57.0 53.0 41.0 31.0 x 64.0 57.0 42.0 14.0 61.0 53.0 58.0 57.0 52.0 65.0 9.0 41.0 26.0 34.0 57.0 25.0 88.0 x x 62.0 39.0 x 52.0 53.0 40.0 x 28.0 32.0 39.0 5.0 70.0 50.0 57.0 71.0 77.0 x x x x 68.0 69.0 29.0 53.0 x 48.0 31.0 13.0 56.0 20.0 12.0 17.0 65.0 x 51.0 x 62.0 49.0 23.0 4.0 x 38.0 34.0 42.0 41.0 x 50.0 59.0 78.0 x 51.0 37.0 25.0 52.0 14.0 x 68.0 
x 84.0 82.0 48.0 60.0 x x 42.0 x 69.0 93.0 83.0 x 103.0 72.0 93.0 x 86.0 x 72.0 90.0 65.0 78.0 64.0 x 78.0 87.0 50.0 103.0 x 88.0 49.0 113.0 81.0 55.0 41.0 90.0 62.0 93.0 89.0 x 19.0 63.0 x x 54.0 68.0 76.0 68.0 83.0 x 60.0 x 66.0 96.0 80.0 81.0 101.0 76.0 67.0 78.0 73.0 63.0 x 68.0 50.0 68.0 76.0 x 75.0 x 72.0 x 76.0 47.0 88.0 44.0 43.0 74.0 57.0 x 48.0 63.0 x 33.0 x 88.0 88.0 80.0 96.0 84.0 53.0 79.0 x 100.0 50.0 80.0 x 84.0 43.0 
x 61.0 71.0 37.0 x x 63.0 x 62.0 78.0 x 87.0 66.0 81.0 x 65.0 65.0 x 57.0 47.0 x x 71.0 57.0 78.0 x 57.0 53.0 78.0 x 63.0 53.0 107.0 97.0 48.0 51.0 x 51.0 41.0 82.0 73.0 x x 34.0 53.0 59.0 x 46.0 51.0 99.0 72.0 49.0 56.0 x 54.0 55.0 85.0 107.0 51.0 50.0 x 11.0 x 63.0 x 28.0 43.0 86.0 88.0 58.0 x 88.0 77.0 x 56.0 26.0 x 52.0 x 27.0 89.0 65.0 56.0 x 51.0 44.0 65.0 x 39.0 x 24.0 60.0 56.0 91.0 26.0 67.0 39.0 54.0 56.0 50.0 
60.0 64.0 x 45.0 33.0 32.0 75.0 49.0 44.0 64.0 75.0 90.0 46.0 63.0 51.0 30.0 80.0 80.0 x 21.0 78.0 66.0 47.0 42.0 87.0 57.0 x x 21.0 52.0 45.0 x 89.0 81.0 34.0 66.0 68.0 59.0 76.0 67.0 66.0 x x 34.0 64.0 51.0 x 11.0 65.0 75.0 x 57.0 64.0 x x 37.0 85.0 96.0 49.0 64.0 51.0 46.0 x 78.0 41.0 x 25.0 66.0 64.0 72.0 29.0 72.0 x 54.0 x x 69.0 50.0 55.0 30.0 55.0 x 38.0 x 54.0 59.0 64.0 1.0 74.0 65.0 x 53.0 73.0 37.0 79.0 43.0 77.0 36.0 21.0 50.0 
56.0 36.0 50.0 x 58.0 7.0 68.0 x 69.0 25.0 57.0 72.0 53.0 69.0 48.0 60.0 x 76.0 31.0 54.0 67.0 55.0 28.0 14.0 50.0 53.0 x x x 45.0 54.0 x x 62.0 5.0 x 40.0 x 43.0 39.0 84.0 31.0 x 59.0 25.0 x x 50.0 x x 37.0 28.0 x 19.0 x 54.0 x 57.0 74.0 53.0 63.0 64.0 31.0 77.0 x x 50.0 47.0 x 45.0 10.0 53.0 34.0 26.0 3.0 79.0 44.0 43.0 27.0 61.0 36.0 37.0 13.0 72.0 45.0 30.0 39.0 x x 64.0 63.0 74.0 48.0 48.0 51.0 x 48.0 11.0 x 64.0 
81.0 83.0 21.0 55.0 54.0 x x x 65.0 81.0 84.0 111.0 67.0 73.0 70.0 51.0 80.0 x 81.0 42.0 84.0 78.0 x 61.0 103.0 78.0 21.0 x x 73.0 66.0 77.0 72.0 100.0 53.0 76.0 87.0 41.0 97.0 x 87.0 x x x 78.0 72.0 87.0 x 75.0 x 62.0 43.0 74.0 66.0 106.0 58.0 95.0 113.0 70.0 76.0 72.0 67.0 x 99.0 x 64.0 x 59.0 83.0 84.0 48.0 91.0 x 73.0 61.0 76.0 90.0 71.0 74.0 51.0 70.0 66.0 57.0 126.0 x 69.0 83.0 20.0 63.0 86.0 78.0 74.0 92.0 56.0 98.0 64.0 63.0 55.0 x 71.0 
74.0 74.0 77.0 43.0 30.0 x 23.0 3.0 57.0 64.0 x 38.0 72.0 64.0 67.0 60.0 50.0 47.0 14.0 42.0 51.0 59.0 x 53.0 x x 52.0 45.0 73.0 x 58.0 4.0 102.0 86.0 x 36.0 73.0 57.0 68.0 78.0 50.0 26.0 x 29.0 20.0 55.0 75.0 41.0 58.0 x 67.0 55.0 x 58.0 81.0 50.0 42.0 94.0 41.0 x 43.0 38.0 58.0 x 38.0 45.0 38.0 71.0 x 65.0 x 79.0 73.0 65.0 x 53.0 39.0 24.0 66.0 22.0 75.0 x 49.0 79.0 40.0 29.0 83.0 53.0 66.0 x 45.0 37.0 74.0 80.0 75.0 x 60.0 56.0 51.0 45.0 
71.0 80.0 51.0 47.0 28.0 60.0 81.0 55.0 39.0 37.0 61.0 75.0 x 18.0 57.0 45.0 37.0 35.0 x x 76.0 x 78.0 58.0 88.0 63.0 45.0 54.0 66.0 58.0 x 62.0 84.0 101.0 58.0 51.0 60.0 33.0 82.0 39.0 61.0 71.0 42.0 x 65.0 73.0 91.0 46.0 71.0 98.0 56.0 35.0 x 63.0 95.0 8.0 40.0 69.0 44.0 70.0 57.0 52.0 32.0 84.0 36.0 56.0 20.0 58.0 87.0 78.0 60.0 87.0 x 70.0 51.0 67.0 x 47.0 71.0 x 48.0 75.0 62.0 77.0 60.0 58.0 49.0 46.0 80.0 71.0 70.0 48.0 40.0 58.0 x 77.0 55.0 64.0 36.0 45.0 
78.0 x 74.0 47.0 34.0 56.0 27.0 7.0 61.0 68.0 87.0 42.0 76.0 68.0 71.0 64.0 54.0 51.0 18.0 46.0 55.0 63.0 77.0 57.0 49.0 53.0 x x 77.0 4.0 62.0 x 106.0 90.0 54.0 x 77.0 54.0 72.0 x 54.0 30.0 32.0 33.0 24.0 59.0 79.0 45.0 62.0 91.0 71.0 56.0 66.0 62.0 85.0 54.0 46.0 98.0 45.0 61.0 47.0 x 55.0 x x 49.0 42.0 75.0 x 69.0 59.0 83.0 77.0 69.0 46.0 57.0 43.0 28.0 x 26.0 79.0 59.0 53.0 x 44.0 33.0 87.0 57.0 70.0 95.0 49.0 x 78.0 84.0 79.0 61.0 x 60.0 55.0 49.0 
61.0 74.0 93.0 72.0 72.0 62.0 116.0 99.0 83.0 91.0 95.0 100.0 80.0 102.0 75.0 x 107.0 107.0 91.0 68.0 105.0 90.0 x 52.0 113.0 107.0 89.0 x 72.0 102.0 84.0 106.0 x 117.0 61.0 x 78.0 86.0 109.0 x 105.0 94.0 86.0 x x x 104.0 90.0 89.0 111.0 80.0 84.0 91.0 47.0 122.0 76.0 102.0 99.0 88.0 88.0 x 96.0 87.0 55.0 80.0 81.0 64.0 112.0 100.0 83.0 x 108.0 72.0 64.0 x 111.0 93.0 91.0 55.0 80.0 101.0 65.0 56.0 114.0 80.0 86.0 85.0 90.0 x 99.0 x 92.0 94.0 77.0 89.0 67.0 104.0 66.0 x 89.0 
84.0 87.0 x 68.0 78.0 55.0 109.0 83.0 x 82.0 x 123.0 65.0 x 70.0 77.0 x 124.0 72.0 80.0 78.0 x x 65.0 81.0 97.0 81.0 62.0 100.0 86.0 101.0 90.0 117.0 x 57.0 50.0 x 82.0 74.0 90.0 116.0 62.0 76.0 77.0 66.0 77.0 13.0 x 84.0 28.0 85.0 80.0 87.0 70.0 87.0 x 122.0 x 62.0 83.0 x 86.0 83.0 x x 73.0 x x 17.0 91.0 52.0 17.0 85.0 77.0 60.0 101.0 85.0 x 78.0 70.0 93.0 83.0 61.0 129.0 74.0 57.0 87.0 80.0 96.0 84.0 x x 96.0 96.0 102.0 x 99.0 x x x 
51.0 x 45.0 11.0 53.0 2.0 73.0 47.0 x 30.0 52.0 67.0 58.0 x 53.0 x 46.0 71.0 36.0 49.0 62.0 50.0 23.0 9.0 55.0 48.0 34.0 5.0 53.0 x 58.0 54.0 61.0 57.0 x x x 25.0 48.0 34.0 79.0 36.0 x 54.0 30.0 38.0 44.0 45.0 49.0 51.0 x 23.0 30.0 14.0 61.0 50.0 66.0 62.0 x x x 59.0 26.0 x 61.0 20.0 45.0 x x 40.0 5.0 48.0 29.0 21.0 8.0 74.0 49.0 48.0 22.0 61.0 41.0 x x 77.0 42.0 x x 33.0 61.0 x 58.0 69.0 43.0 43.0 46.0 34.0 43.0 6.0 52.0 59.0 
x x 55.0 x 53.0 34.0 x 33.0 x 57.0 x 74.0 52.0 x 47.0 70.0 14.0 x x x 66.0 32.0 55.0 41.0 41.0 51.0 66.0 x 76.0 36.0 51.0 x x 50.0 x x 67.0 35.0 80.0 66.0 74.0 22.0 54.0 52.0 16.0 45.0 63.0 67.0 35.0 x 64.0 33.0 40.0 46.0 x x 72.0 89.0 69.0 34.0 69.0 62.0 36.0 x 61.0 23.0 61.0 x 64.0 42.0 37.0 67.0 61.0 53.0 x 60.0 35.0 34.0 54.0 48.0 46.0 39.0 40.0 x 24.0 7.0 61.0 65.0 47.0 x 68.0 61.0 52.0 58.0 67.0 41.0 53.0 38.0 61.0 51.0 
49.0 24.0 80.0 x 72.0 36.0 96.0 x 83.0 65.0 x 76.0 40.0 53.0 35.0 74.0 81.0 36.0 65.0 68.0 55.0 43.0 57.0 26.0 90.0 x 68.0 40.0 87.0 73.0 60.0 77.0 78.0 x x 67.0 x 60.0 83.0 51.0 x 71.0 70.0 73.0 x x 78.0 75.0 42.0 85.0 54.0 x 58.0 31.0 x 52.0 31.0 83.0 x 41.0 85.0 x x 78.0 80.0 55.0 64.0 86.0 74.0 x 39.0 82.0 46.0 14.0 43.0 67.0 63.0 77.0 39.0 76.0 75.0 49.0 x 68.0 64.0 60.0 55.0 x 54.0 59.0 x 83.0 64.0 77.0 39.0 51.0 x 40.0 65.0 73.0 
45.0 56.0 20.0 14.0 x 27.0 80.0 54.0 50.0 54.0 45.0 92.0 36.0 51.0 31.0 x 49.0 68.0 43.0 41.0 x 42.0 x 34.0 62.0 51.0 59.0 x 41.0 57.0 33.0 54.0 86.0 82.0 25.0 35.0 60.0 x 73.0 56.0 x x 59.0 46.0 37.0 40.0 69.0 x x 76.0 x 2.0 33.0 39.0 86.0 25.0 73.0 83.0 61.0 40.0 x 62.0 1.0 92.0 53.0 23.0 x 58.0 x 48.0 30.0 x x 46.0 33.0 66.0 56.0 55.0 47.0 x 65.0 x 33.0 90.0 45.0 28.0 59.0 58.0 53.0 x x 65.0 x 68.0 71.0 x x 31.0 53.0 x 
78.0 79.0 93.0 59.0 54.0 50.0 82.0 65.0 81.0 68.0 86.0 106.0 69.0 98.0 64.0 84.0 x 109.0 74.0 66.0 x 71.0 x 57.0 93.0 41.0 76.0 43.0 97.0 68.0 82.0 72.0 109.0 74.0 48.0 80.0 83.0 73.0 x 68.0 92.0 74.0 40.0 53.0 68.0 73.0 61.0 65.0 70.0 x x 71.0 78.0 x 13.0 74.0 x 100.0 70.0 69.0 55.0 30.0 74.0 82.0 62.0 68.0 62.0 90.0 57.0 77.0 x 65.0 63.0 69.0 46.0 x 87.0 71.0 x x x x 56.0 x 70.0 73.0 x 77.0 58.0 x 65.0 79.0 91.0 91.0 x 81.0 80.0 54.0 75.0 69.0 
66.0 47.0 74.0 45.0 51.0 x 99.0 75.0 x x 28.0 83.0 72.0 30.0 67.0 68.0 76.0 47.0 64.0 47.0 78.0 56.0 56.0 25.0 89.0 82.0 67.0 39.0 x 78.0 39.0 x x 90.0 34.0 66.0 51.0 56.0 68.0 x x 70.0 65.0 52.0 64.0 53.0 77.0 69.0 53.0 84.0 x 57.0 64.0 30.0 x 31.0 52.0 x 67.0 x 80.0 75.0 55.0 x 59.0 54.0 43.0 69.0 73.0 56.0 x 81.0 5.0 37.0 42.0 78.0 x 70.0 38.0 x 58.0 47.0 29.0 89.0 62.0 59.0 67.0 66.0 x 75.0 84.0 71.0 76.0 66.0 62.0 49.0 77.0 39.0 59.0 68.0 
x 92.0 78.0 x x 81.0 73.0 x 60.0 82.0 x 88.0 82.0 79.0 87.0 x 88.0 96.0 64.0 45.0 57.0 83.0 73.0 88.0 x 73.0 66.0 84.0 87.0 50.0 61.0 54.0 105.0 116.0 79.0 74.0 x x 92.0 x x 76.0 52.0 x 70.0 86.0 103.0 65.0 82.0 x 77.0 56.0 87.0 93.0 105.0 53.0 92.0 x 56.0 x x 62.0 59.0 94.0 x 77.0 41.0 104.0 107.0 x 81.0 101.0 83.0 x x 71.0 79.0 57.0 x x x 85.0 87.0 101.0 70.0 67.0 97.0 67.0 84.0 71.0 51.0 13.0 88.0 90.0 99.0 x 36.0 85.0 57.0 23.0 
48.0 65.0 63.0 x 43.0 38.0 49.0 23.0 66.0 50.0 x x 58.0 x 53.0 76.0 36.0 67.0 12.0 55.0 71.0 46.0 59.0 x 19.0 x x 31.0 x 26.0 71.0 30.0 94.0 62.0 36.0 22.0 71.0 x 74.0 70.0 76.0 x 44.0 42.0 6.0 35.0 49.0 57.0 49.0 64.0 68.0 41.0 48.0 x x 63.0 62.0 x 59.0 48.0 59.0 54.0 44.0 86.0 51.0 x 51.0 x 53.0 56.0 41.0 53.0 x x 28.0 x 25.0 x 55.0 38.0 61.0 29.0 44.0 92.0 14.0 15.0 x x x x 65.0 63.0 60.0 66.0 81.0 31.0 61.0 x 67.0 58.0 
56.0 46.0 77.0 x 14.0 65.0 51.0 x 41.0 63.0 55.0 66.0 47.0 60.0 x 44.0 68.0 69.0 36.0 x 51.0 x 79.0 x 63.0 x x x x x 42.0 32.0 86.0 76.0 x 54.0 70.0 59.0 40.0 65.0 52.0 44.0 x 13.0 42.0 51.0 63.0 x 30.0 78.0 51.0 x 72.0 63.0 53.0 34.0 64.0 94.0 x 29.0 15.0 10.0 58.0 42.0 22.0 49.0 22.0 79.0 67.0 37.0 62.0 67.0 64.0 56.0 64.0 25.0 x 31.0 71.0 6.0 68.0 45.0 71.0 79.0 x 47.0 x 37.0 38.0 66.0 x 39.0 77.0 73.0 47.0 47.0 58.0 69.0 35.0 29.0 
60.0 x x 59.0 1.0 52.0 x 26.0 x 50.0 68.0 67.0 50.0 47.0 55.0 34.0 x 64.0 30.0 13.0 64.0 44.0 66.0 62.0 x 34.0 34.0 59.0 x 29.0 x 33.0 x 77.0 54.0 52.0 73.0 46.0 53.0 52.0 x 42.0 13.0 x 36.0 x 64.0 26.0 43.0 79.0 38.0 x 78.0 64.0 66.0 x 59.0 82.0 17.0 42.0 28.0 23.0 45.0 55.0 9.0 x 9.0 72.0 68.0 50.0 49.0 62.0 51.0 x 58.0 38.0 x 18.0 72.0 7.0 61.0 46.0 58.0 92.0 31.0 45.0 69.0 35.0 51.0 69.0 58.0 26.0 x 71.0 60.0 48.0 68.0 56.0 25.0 16.0 
54.0 59.0 57.0 23.0 37.0 x 43.0 17.0 64.0 44.0 68.0 58.0 52.0 78.0 47.0 70.0 30.0 61.0 6.0 x x x 53.0 39.0 x 53.0 64.0 25.0 78.0 20.0 65.0 24.0 x 66.0 30.0 16.0 x 37.0 68.0 64.0 70.0 6.0 42.0 36.0 x 41.0 55.0 55.0 43.0 70.0 62.0 35.0 x 44.0 81.0 57.0 x x x 42.0 57.0 x 38.0 x 45.0 25.0 45.0 51.0 59.0 50.0 35.0 59.0 59.0 x 22.0 67.0 19.0 x 52.0 36.0 x 35.0 38.0 86.0 20.0 9.0 63.0 63.0 55.0 71.0 59.0 x 54.0 60.0 75.0 37.0 55.0 36.0 61.0 52.0 
25.0 41.0 60.0 x 53.0 39.0 78.0 52.0 80.0 68.0 51.0 77.0 44.0 83.0 39.0 59.0 59.0 88.0 47.0 62.0 x 42.0 60.0 x 54.0 59.0 51.0 x 72.0 55.0 73.0 59.0 x 77.0 38.0 45.0 x 40.0 73.0 53.0 86.0 35.0 51.0 x 41.0 x x 40.0 41.0 79.0 x 42.0 68.0 24.0 60.0 65.0 86.0 63.0 69.0 40.0 52.0 x x x 61.0 54.0 61.0 80.0 x 32.0 42.0 60.0 48.0 41.0 46.0 66.0 34.0 59.0 x 45.0 78.0 6.0 33.0 x 21.0 38.0 x 52.0 53.0 x 35.0 78.0 35.0 80.0 65.0 8.0 50.0 43.0 50.0 68.0 
x 74.0 x 55.0 65.0 42.0 98.0 72.0 90.0 69.0 95.0 x 52.0 107.0 57.0 64.0 54.0 111.0 61.0 67.0 65.0 x x 52.0 68.0 x x x 87.0 75.0 91.0 79.0 104.0 13.0 44.0 63.0 78.0 69.0 61.0 77.0 103.0 49.0 63.0 64.0 55.0 x x 65.0 71.0 15.0 72.0 67.0 74.0 57.0 74.0 83.0 x 101.0 49.0 70.0 78.0 73.0 70.0 105.0 73.0 64.0 71.0 75.0 4.0 78.0 39.0 4.0 72.0 64.0 47.0 88.0 74.0 x 65.0 57.0 80.0 70.0 48.0 116.0 63.0 64.0 74.0 67.0 83.0 71.0 71.0 90.0 83.0 83.0 89.0 72.0 86.0 46.0 55.0 80.0 
49.0 70.0 53.0 56.0 27.0 43.0 x x 45.0 55.0 79.0 79.0 x 64.0 40.0 19.0 76.0 81.0 49.0 22.0 67.0 55.0 58.0 53.0 76.0 46.0 11.0 50.0 x 41.0 46.0 45.0 90.0 x 45.0 67.0 75.0 x 65.0 69.0 65.0 57.0 x 26.0 55.0 40.0 65.0 x x 80.0 x 65.0 75.0 52.0 x 38.0 77.0 x 43.0 53.0 x 35.0 62.0 x 35.0 x x 55.0 69.0 61.0 40.0 61.0 68.0 65.0 53.0 x 58.0 44.0 60.0 19.0 44.0 34.0 49.0 102.0 43.0 60.0 75.0 12.0 x 54.0 61.0 52.0 75.0 48.0 x 32.0 76.0 x 10.0 42.0 
28.0 18.0 54.0 48.0 x 50.0 78.0 x 71.0 78.0 25.0 96.0 x 83.0 14.0 x x 68.0 x x 55.0 3.0 71.0 40.0 68.0 51.0 65.0 x 75.0 58.0 71.0 62.0 89.0 84.0 49.0 35.0 42.0 x 70.0 53.0 82.0 49.0 30.0 43.0 43.0 41.0 71.0 x x 86.0 48.0 x x 45.0 83.0 63.0 73.0 66.0 60.0 1.0 45.0 x 42.0 72.0 52.0 50.0 52.0 70.0 75.0 9.0 x 75.0 48.0 28.0 x 25.0 38.0 61.0 53.0 36.0 67.0 47.0 44.0 51.0 x 34.0 71.0 66.0 12.0 38.0 61.0 69.0 62.0 63.0 32.0 45.0 59.0 54.0 44.0 59.0 
86.0 81.0 96.0 62.0 80.0 49.0 110.0 86.0 99.0 76.0 102.0 117.0 67.0 114.0 72.0 79.0 61.0 118.0 x 82.0 80.0 x x x 83.0 99.0 75.0 x x x 98.0 91.0 111.0 28.0 51.0 x 85.0 76.0 x 84.0 x 64.0 78.0 79.0 70.0 79.0 15.0 80.0 86.0 x x 74.0 x 64.0 81.0 98.0 116.0 108.0 64.0 85.0 93.0 x 77.0 119.0 x 71.0 86.0 x 11.0 90.0 46.0 19.0 79.0 71.0 54.0 103.0 89.0 63.0 72.0 72.0 87.0 82.0 55.0 123.0 78.0 76.0 81.0 74.0 98.0 86.0 86.0 105.0 90.0 90.0 96.0 81.0 94.0 53.0 x 95.0 
64.0 50.0 77.0 43.0 x 30.0 90.0 64.0 55.0 62.0 71.0 55.0 45.0 74.0 50.0 x 78.0 87.0 x 32.0 x 51.0 51.0 28.0 x 72.0 x 37.0 62.0 67.0 56.0 71.0 80.0 85.0 x 64.0 54.0 x x x 77.0 68.0 51.0 38.0 62.0 x 72.0 x 48.0 x x 55.0 62.0 33.0 93.0 48.0 x x 55.0 49.0 66.0 61.0 x 40.0 47.0 52.0 36.0 84.0 68.0 57.0 33.0 71.0 x 40.0 40.0 49.0 76.0 56.0 41.0 45.0 73.0 51.0 24.0 99.0 66.0 57.0 62.0 42.0 36.0 64.0 71.0 x 71.0 71.0 65.0 50.0 75.0 34.0 20.0 54.0 
x 54.0 22.0 12.0 47.0 25.0 78.0 52.0 48.0 53.0 47.0 90.0 38.0 53.0 33.0 64.0 47.0 70.0 41.0 x 41.0 40.0 x 32.0 60.0 49.0 57.0 28.0 43.0 55.0 35.0 56.0 84.0 80.0 23.0 33.0 x 2.0 71.0 57.0 56.0 41.0 x x 35.0 42.0 67.0 65.0 x 74.0 55.0 x 31.0 37.0 84.0 27.0 75.0 85.0 x 38.0 63.0 x x 90.0 x 21.0 39.0 x 63.0 x 28.0 x 52.0 44.0 x x 54.0 53.0 45.0 55.0 x 48.0 x 88.0 43.0 x 57.0 56.0 51.0 57.0 35.0 x x x 69.0 50.0 20.0 29.0 55.0 60.0 
78.0 34.0 x 19.0 78.0 32.0 85.0 59.0 79.0 60.0 77.0 x 69.0 84.0 x 61.0 x x 48.0 74.0 71.0 53.0 53.0 39.0 x 56.0 64.0 x 74.0 x x 66.0 91.0 87.0 30.0 40.0 58.0 33.0 78.0 64.0 87.0 48.0 72.0 78.0 x 68.0 74.0 75.0 x x 62.0 31.0 x 44.0 91.0 58.0 x x x 51.0 57.0 67.0 34.0 x x 28.0 70.0 75.0 70.0 43.0 x 78.0 59.0 x 38.0 77.0 50.0 60.0 52.0 74.0 71.0 62.0 38.0 85.0 50.0 x 64.0 63.0 64.0 88.0 66.0 77.0 73.0 73.0 69.0 64.0 51.0 x 70.0 67.0 
37.0 x 59.0 25.0 65.0 15.0 x 55.0 77.0 44.0 x 53.0 56.0 60.0 51.0 x 60.0 67.0 44.0 x 58.0 46.0 x 5.0 66.0 x x 19.0 66.0 58.0 63.0 62.0 47.0 70.0 14.0 46.0 31.0 39.0 x 30.0 93.0 x 63.0 64.0 44.0 24.0 57.0 52.0 45.0 64.0 33.0 37.0 44.0 x 75.0 55.0 x 75.0 81.0 44.0 55.0 73.0 x 73.0 73.0 34.0 58.0 65.0 53.0 36.0 18.0 x 25.0 17.0 22.0 70.0 x x 8.0 57.0 54.0 18.0 9.0 x 33.0 x 38.0 46.0 57.0 55.0 59.0 83.0 47.0 56.0 x 20.0 x 19.0 53.0 73.0 
85.0 92.0 85.0 72.0 67.0 63.0 x 78.0 x 81.0 99.0 x 82.0 x 77.0 97.0 x x x 79.0 84.0 84.0 x 70.0 96.0 54.0 x x 106.0 81.0 95.0 85.0 122.0 87.0 61.0 x x 86.0 13.0 x 105.0 x 53.0 66.0 81.0 60.0 74.0 x 83.0 81.0 93.0 84.0 91.0 75.0 x 87.0 x 113.0 x 82.0 x x 87.0 95.0 75.0 81.0 75.0 x 70.0 90.0 66.0 78.0 76.0 82.0 x 58.0 94.0 84.0 x 59.0 92.0 66.0 69.0 128.0 63.0 80.0 95.0 90.0 71.0 x 78.0 92.0 95.0 104.0 80.0 x x 67.0 88.0 82.0 
x x 43.0 39.0 20.0 52.0 73.0 47.0 31.0 29.0 x 83.0 44.0 26.0 x x 45.0 43.0 x 16.0 x 64.0 70.0 50.0 80.0 55.0 37.0 54.0 58.0 50.0 8.0 54.0 76.0 x 50.0 x 52.0 25.0 74.0 31.0 53.0 63.0 34.0 x 57.0 65.0 83.0 38.0 63.0 98.0 48.0 27.0 58.0 55.0 87.0 x 48.0 61.0 36.0 62.0 49.0 44.0 24.0 76.0 x x 12.0 51.0 87.0 70.0 52.0 79.0 30.0 62.0 51.0 59.0 59.0 x 63.0 28.0 40.0 x x 76.0 52.0 53.0 48.0 38.0 72.0 63.0 62.0 x 48.0 66.0 x 69.0 47.0 56.0 28.0 37.0 
80.0 55.0 x 77.0 58.0 67.0 65.0 39.0 79.0 x 80.0 45.0 71.0 22.0 66.0 x 77.0 5.0 x 64.0 83.0 74.0 88.0 57.0 81.0 85.0 85.0 x 95.0 42.0 40.0 46.0 102.0 122.0 66.0 72.0 31.0 73.0 x 52.0 92.0 62.0 64.0 59.0 x 86.0 x 77.0 73.0 116.0 x 75.0 x x x 48.0 x x 74.0 72.0 74.0 74.0 x 47.0 66.0 81.0 60.0 98.0 105.0 64.0 70.0 113.0 57.0 45.0 74.0 89.0 75.0 58.0 70.0 58.0 88.0 x 61.0 37.0 72.0 65.0 86.0 x 85.0 90.0 81.0 79.0 80.0 53.0 70.0 82.0 95.0 x 76.0 x 
38.0 66.0 x 73.0 81.0 64.0 x 91.0 x 32.0 x 97.0 57.0 74.0 52.0 91.0 75.0 57.0 82.0 x 93.0 67.0 85.0 71.0 101.0 107.0 96.0 57.0 113.0 94.0 69.0 98.0 99.0 x 62.0 89.0 83.0 83.0 100.0 x x x 94.0 82.0 x 63.0 101.0 x 66.0 108.0 x 85.0 x 75.0 113.0 61.0 x x 97.0 65.0 103.0 104.0 82.0 99.0 89.0 82.0 73.0 54.0 x 57.0 67.0 x 91.0 x 54.0 x x 94.0 83.0 89.0 43.0 57.0 70.0 15.0 72.0 85.0 60.0 95.0 78.0 76.0 x 101.0 51.0 x 81.0 55.0 105.0 x x 98.0 
x 76.0 79.0 75.0 16.0 67.0 64.0 43.0 43.0 x x 79.0 65.0 62.0 70.0 49.0 81.0 x 47.0 28.0 81.0 61.0 x 77.0 76.0 51.0 49.0 74.0 70.0 41.0 44.0 45.0 88.0 62.0 x 69.0 x 61.0 70.0 67.0 56.0 59.0 x 17.0 x 69.0 49.0 43.0 60.0 64.0 55.0 x x 81.0 x 36.0 74.0 97.0 x 59.0 45.0 40.0 60.0 72.0 24.0 78.0 24.0 87.0 x 67.0 x 45.0 66.0 x 75.0 55.0 55.0 x x 24.0 76.0 63.0 x x x x 84.0 50.0 x 84.0 75.0 43.0 x 86.0 77.0 65.0 83.0 71.0 40.0 33.0 
x 17.0 55.0 47.0 43.0 49.0 77.0 54.0 x x 26.0 95.0 x 83.0 13.0 52.0 48.0 67.0 48.0 55.0 54.0 2.0 70.0 x 67.0 50.0 64.0 53.0 76.0 x 70.0 61.0 88.0 83.0 x 34.0 41.0 40.0 69.0 x x 48.0 29.0 42.0 42.0 40.0 70.0 53.0 1.0 85.0 49.0 38.0 51.0 44.0 82.0 62.0 72.0 65.0 59.0 x x 39.0 41.0 x 51.0 49.0 51.0 69.0 x 8.0 52.0 74.0 49.0 27.0 x 26.0 37.0 60.0 52.0 35.0 68.0 46.0 43.0 50.0 50.0 33.0 72.0 65.0 13.0 x 60.0 68.0 63.0 64.0 33.0 x x 53.0 43.0 x 
65.0 61.0 x 69.0 29.0 56.0 66.0 40.0 56.0 78.0 70.0 81.0 62.0 x 57.0 x x 79.0 x 41.0 64.0 46.0 77.0 x 78.0 x 51.0 63.0 72.0 43.0 57.0 47.0 x x x 69.0 85.0 x 55.0 80.0 x 59.0 15.0 28.0 57.0 52.0 78.0 x 45.0 93.0 66.0 63.0 57.0 55.0 x 49.0 74.0 103.0 45.0 x x 25.0 66.0 27.0 x 64.0 37.0 94.0 x 52.0 59.0 75.0 79.0 71.0 66.0 40.0 68.0 46.0 63.0 21.0 83.0 46.0 x 94.0 45.0 62.0 88.0 52.0 53.0 x 58.0 54.0 87.0 88.0 62.0 x 43.0 60.0 50.0 44.0 
x 56.0 70.0 48.0 24.0 61.0 52.0 35.0 51.0 x x 76.0 x 70.0 x 54.0 76.0 x 46.0 36.0 x 41.0 82.0 x 73.0 11.0 46.0 64.0 67.0 38.0 52.0 x 96.0 86.0 59.0 62.0 x 62.0 30.0 75.0 62.0 54.0 10.0 23.0 x x 73.0 35.0 x x 61.0 x 67.0 73.0 x 44.0 74.0 104.0 40.0 39.0 25.0 x 63.0 52.0 32.0 39.0 32.0 89.0 77.0 47.0 x x 74.0 x x 15.0 x 41.0 81.0 16.0 78.0 55.0 x 89.0 40.0 x 76.0 47.0 28.0 76.0 35.0 49.0 67.0 83.0 37.0 57.0 50.0 65.0 45.0 x 
44.0 x 19.0 15.0 x x x 55.0 x 53.0 44.0 93.0 35.0 x 30.0 61.0 x 67.0 x 40.0 x x x x 63.0 x x 31.0 x 58.0 32.0 55.0 87.0 83.0 26.0 36.0 x 1.0 74.0 55.0 59.0 44.0 58.0 45.0 38.0 x 70.0 62.0 42.0 77.0 x x 34.0 x 87.0 24.0 x 82.0 60.0 41.0 66.0 63.0 x 93.0 52.0 24.0 36.0 x 66.0 49.0 x 74.0 54.0 47.0 x 67.0 57.0 56.0 48.0 52.0 64.0 47.0 34.0 91.0 46.0 29.0 60.0 59.0 54.0 54.0 38.0 64.0 69.0 69.0 72.0 x 23.0 32.0 52.0 61.0 
92.0 88.0 112.0 83.0 x x 93.0 67.0 83.0 102.0 x x x 69.0 x 69.0 110.0 52.0 78.0 68.0 91.0 73.0 91.0 68.0 x 63.0 78.0 77.0 99.0 x 84.0 x 55.0 x x x 78.0 92.0 82.0 x 94.0 86.0 42.0 55.0 x x 105.0 x 72.0 119.0 40.0 90.0 x 73.0 95.0 76.0 47.0 99.0 72.0 x 27.0 52.0 93.0 x 64.0 91.0 x 121.0 108.0 79.0 73.0 102.0 88.0 80.0 80.0 67.0 95.0 x 81.0 48.0 110.0 x 64.0 84.0 72.0 89.0 x 79.0 x x 85.0 x 111.0 x 89.0 75.0 70.0 74.0 60.0 71.0 
51.0 68.0 71.0 67.0 8.0 59.0 61.0 x x x 77.0 76.0 x 54.0 x 41.0 73.0 71.0 x 20.0 73.0 53.0 74.0 69.0 68.0 x 41.0 x x 38.0 36.0 x 80.0 x 61.0 61.0 80.0 53.0 62.0 59.0 x 51.0 22.0 9.0 45.0 61.0 73.0 35.0 52.0 x 47.0 x x 73.0 75.0 x 66.0 89.0 24.0 51.0 x 32.0 52.0 64.0 x 70.0 x 79.0 x 59.0 56.0 69.0 58.0 78.0 x 47.0 31.0 27.0 x 16.0 68.0 55.0 65.0 x 40.0 54.0 76.0 x 60.0 76.0 67.0 35.0 76.0 x 69.0 x 75.0 x 32.0 25.0 
67.0 51.0 43.0 9.0 62.0 22.0 x 42.0 69.0 50.0 68.0 83.0 59.0 x 54.0 66.0 37.0 86.0 31.0 64.0 43.0 x 43.0 29.0 50.0 28.0 x x 64.0 45.0 56.0 49.0 81.0 73.0 20.0 23.0 55.0 23.0 68.0 54.0 77.0 x 49.0 x 25.0 54.0 64.0 x 50.0 71.0 52.0 21.0 28.0 34.0 81.0 x 81.0 82.0 78.0 49.0 64.0 39.0 24.0 91.0 70.0 x x x x 57.0 25.0 68.0 x 41.0 28.0 54.0 44.0 43.0 42.0 55.0 61.0 48.0 x x 33.0 16.0 54.0 53.0 62.0 78.0 49.0 67.0 61.0 63.0 54.0 50.0 41.0 x 72.0 57.0 
60.0 x 55.0 51.0 8.0 43.0 61.0 35.0 19.0 41.0 x 76.0 41.0 38.0 46.0 25.0 57.0 55.0 x 4.0 x x 58.0 53.0 68.0 43.0 25.0 50.0 x 38.0 20.0 42.0 64.0 x 45.0 61.0 64.0 x 62.0 43.0 41.0 51.0 22.0 9.0 45.0 61.0 71.0 x 52.0 86.0 36.0 39.0 70.0 58.0 75.0 12.0 60.0 73.0 24.0 51.0 37.0 32.0 36.0 x x x x 63.0 75.0 x 40.0 67.0 42.0 65.0 53.0 x 47.0 27.0 66.0 x x 55.0 x x x 54.0 60.0 26.0 60.0 x 67.0 28.0 60.0 62.0 x 57.0 59.0 x x 25.0 
92.0 82.0 38.0 56.0 71.0 54.0 94.0 68.0 82.0 22.0 53.0 70.0 86.0 x 81.0 74.0 21.0 93.0 x 67.0 101.0 x 75.0 x 76.0 86.0 66.0 47.0 59.0 71.0 58.0 75.0 112.0 x x x 86.0 58.0 90.0 69.0 104.0 x 79.0 72.0 51.0 80.0 75.0 55.0 70.0 x 84.0 x 75.0 65.0 x 51.0 98.0 54.0 87.0 69.0 94.0 89.0 x 121.0 79.0 x 63.0 x 71.0 73.0 57.0 x 64.0 72.0 44.0 93.0 53.0 69.0 73.0 73.0 11.0 74.0 60.0 69.0 59.0 x 41.0 67.0 x 105.0 95.0 x 50.0 x 80.0 76.0 80.0 58.0 65.0 86.0 
75.0 x 85.0 51.0 69.0 38.0 x 75.0 94.0 65.0 91.0 106.0 56.0 103.0 61.0 68.0 50.0 107.0 64.0 71.0 69.0 76.0 x 48.0 x 88.0 64.0 x 83.0 x 87.0 x 100.0 17.0 x 64.0 74.0 x 57.0 73.0 107.0 53.0 67.0 68.0 59.0 x 4.0 69.0 75.0 11.0 68.0 63.0 70.0 53.0 70.0 87.0 105.0 x x x x 77.0 66.0 108.0 x x 75.0 71.0 x 79.0 35.0 8.0 68.0 60.0 43.0 x 78.0 52.0 x 61.0 76.0 71.0 44.0 112.0 67.0 65.0 70.0 63.0 87.0 x 75.0 94.0 79.0 79.0 85.0 70.0 83.0 42.0 x 84.0 
35.0 9.0 63.0 51.0 51.0 41.0 85.0 x 78.0 70.0 34.0 x 26.0 75.0 21.0 60.0 56.0 x 56.0 63.0 x 10.0 62.0 31.0 75.0 58.0 72.0 45.0 84.0 65.0 78.0 69.0 83.0 91.0 40.0 42.0 x 48.0 77.0 56.0 x 56.0 37.0 50.0 50.0 32.0 78.0 61.0 9.0 90.0 57.0 x 43.0 36.0 90.0 70.0 64.0 57.0 67.0 8.0 52.0 47.0 49.0 79.0 59.0 57.0 x 73.0 79.0 x 44.0 82.0 51.0 x 48.0 34.0 x x 44.0 43.0 62.0 38.0 35.0 42.0 x 41.0 73.0 x 21.0 45.0 66.0 76.0 67.0 x 41.0 40.0 66.0 45.0 51.0 x 
52.0 35.0 50.0 16.0 48.0 3.0 78.0 52.0 x 35.0 56.0 71.0 x x 58.0 56.0 x 72.0 41.0 44.0 66.0 54.0 18.0 13.0 x x 29.0 10.0 48.0 x 60.0 59.0 x 52.0 5.0 37.0 39.0 30.0 x x 81.0 41.0 62.0 49.0 35.0 42.0 39.0 40.0 x 46.0 33.0 28.0 x 18.0 66.0 52.0 70.0 67.0 x 52.0 59.0 x x 73.0 56.0 25.0 40.0 57.0 35.0 44.0 x 43.0 33.0 25.0 13.0 78.0 54.0 53.0 26.0 56.0 46.0 x 9.0 x 47.0 30.0 35.0 28.0 65.0 63.0 63.0 68.0 44.0 44.0 50.0 x 48.0 7.0 x 64.0 
75.0 78.0 x 59.0 x 46.0 102.0 76.0 x 73.0 99.0 114.0 x 105.0 61.0 60.0 58.0 115.0 x 63.0 69.0 76.0 61.0 56.0 72.0 88.0 72.0 53.0 91.0 79.0 87.0 83.0 108.0 17.0 48.0 67.0 82.0 x 65.0 81.0 101.0 53.0 67.0 62.0 59.0 60.0 4.0 61.0 75.0 19.0 71.0 x 78.0 x 78.0 79.0 113.0 x 45.0 74.0 75.0 x 74.0 102.0 69.0 68.0 67.0 x 8.0 82.0 43.0 x x 68.0 x 92.0 78.0 60.0 69.0 61.0 84.0 66.0 x x 67.0 68.0 78.0 x 87.0 x x 88.0 87.0 87.0 93.0 68.0 x 50.0 51.0 x 
x x x 40.0 50.0 30.0 94.0 70.0 61.0 x 23.0 78.0 67.0 35.0 62.0 67.0 75.0 52.0 59.0 46.0 73.0 51.0 51.0 20.0 x 77.0 x 34.0 x 73.0 x 77.0 72.0 85.0 29.0 61.0 46.0 x 63.0 5.0 83.0 x 64.0 51.0 59.0 48.0 72.0 68.0 48.0 79.0 x 52.0 59.0 25.0 76.0 30.0 57.0 91.0 66.0 49.0 79.0 74.0 54.0 88.0 58.0 x 42.0 64.0 68.0 51.0 33.0 x x 32.0 37.0 73.0 x 69.0 33.0 58.0 53.0 42.0 24.0 93.0 57.0 54.0 x 61.0 60.0 x 79.0 70.0 x 61.0 x 44.0 72.0 34.0 x 67.0 
x 10.0 66.0 32.0 70.0 22.0 86.0 62.0 84.0 51.0 53.0 70.0 x x x 63.0 67.0 50.0 51.0 x 41.0 29.0 43.0 12.0 76.0 x 54.0 26.0 73.0 65.0 70.0 69.0 64.0 77.0 21.0 53.0 14.0 46.0 69.0 37.0 x x 56.0 x x 41.0 64.0 65.0 28.0 71.0 40.0 44.0 x 17.0 82.0 62.0 45.0 x x 27.0 71.0 x 47.0 80.0 78.0 41.0 65.0 72.0 60.0 x 25.0 68.0 32.0 x 29.0 53.0 63.0 63.0 25.0 62.0 61.0 35.0 16.0 x 50.0 46.0 54.0 53.0 40.0 62.0 47.0 69.0 x 63.0 25.0 37.0 62.0 26.0 59.0 59.0 
59.0 39.0 53.0 x x 10.0 x 39.0 x 22.0 60.0 x x 69.0 51.0 63.0 52.0 x 28.0 x 70.0 58.0 31.0 17.0 47.0 56.0 x 3.0 61.0 x 51.0 46.0 x 60.0 8.0 x 43.0 33.0 46.0 42.0 x 28.0 64.0 58.0 22.0 46.0 47.0 53.0 x 54.0 40.0 x 38.0 22.0 x 51.0 74.0 54.0 75.0 x 66.0 x x 80.0 x 28.0 53.0 44.0 43.0 48.0 13.0 x 37.0 29.0 x 82.0 41.0 40.0 30.0 x 33.0 40.0 16.0 x 42.0 31.0 42.0 41.0 69.0 67.0 x 77.0 x x 54.0 x 51.0 14.0 60.0 67.0 
53.0 43.0 55.0 63.0 39.0 75.0 x 50.0 66.0 88.0 50.0 91.0 x x 39.0 69.0 74.0 x 61.0 x 56.0 28.0 96.0 65.0 88.0 26.0 x 79.0 76.0 53.0 67.0 57.0 111.0 101.0 74.0 60.0 67.0 66.0 x 78.0 71.0 x 25.0 38.0 67.0 66.0 88.0 x 25.0 103.0 49.0 x 77.0 70.0 58.0 59.0 89.0 x 55.0 26.0 40.0 15.0 67.0 67.0 47.0 54.0 x 93.0 x 34.0 78.0 92.0 73.0 53.0 82.0 x 63.0 56.0 78.0 31.0 x 70.0 x 76.0 55.0 59.0 91.0 62.0 13.0 63.0 50.0 x 82.0 88.0 52.0 70.0 65.0 x 60.0 48.0 
42.0 x 76.0 42.0 39.0 51.0 62.0 36.0 66.0 63.0 63.0 x 33.0 85.0 28.0 67.0 49.0 80.0 25.0 x 69.0 35.0 72.0 x 44.0 x 69.0 44.0 90.0 39.0 x 43.0 93.0 85.0 49.0 35.0 63.0 56.0 87.0 x 79.0 25.0 x x 19.0 34.0 74.0 58.0 38.0 89.0 76.0 54.0 50.0 x 94.0 59.0 75.0 x 55.0 37.0 68.0 x 57.0 95.0 31.0 44.0 47.0 53.0 78.0 x 54.0 78.0 x 63.0 41.0 63.0 x 37.0 54.0 47.0 64.0 x 52.0 x x 28.0 78.0 70.0 50.0 52.0 69.0 66.0 x 79.0 70.0 26.0 x 55.0 58.0 56.0 
72.0 73.0 75.0 x 19.0 50.0 x 23.0 46.0 62.0 86.0 62.0 68.0 65.0 65.0 52.0 x x 12.0 x 71.0 58.0 71.0 51.0 43.0 52.0 50.0 43.0 71.0 24.0 47.0 28.0 91.0 x 48.0 34.0 77.0 55.0 71.0 70.0 57.0 x 31.0 18.0 x 59.0 x 44.0 61.0 63.0 56.0 53.0 60.0 x 84.0 x 58.0 94.0 x 60.0 46.0 41.0 56.0 x 27.0 43.0 27.0 69.0 52.0 x 53.0 60.0 69.0 63.0 40.0 56.0 37.0 x x 25.0 73.0 x 47.0 x 38.0 27.0 81.0 51.0 69.0 87.0 65.0 44.0 72.0 78.0 78.0 55.0 73.0 54.0 x x 
45.0 x x 33.0 73.0 23.0 61.0 63.0 x x 56.0 61.0 64.0 68.0 59.0 64.0 68.0 x 52.0 70.0 x 54.0 41.0 x 74.0 x 55.0 27.0 74.0 66.0 71.0 x 55.0 78.0 22.0 54.0 39.0 47.0 x 38.0 x 55.0 71.0 72.0 52.0 x 65.0 60.0 53.0 72.0 41.0 45.0 52.0 8.0 x 63.0 70.0 83.0 x 52.0 63.0 81.0 48.0 81.0 x 42.0 66.0 73.0 x 44.0 26.0 69.0 33.0 25.0 30.0 78.0 54.0 x x 65.0 x 26.0 17.0 86.0 41.0 47.0 46.0 54.0 65.0 63.0 67.0 91.0 55.0 64.0 x x x 27.0 61.0 81.0 
x 52.0 71.0 x 8.0 59.0 45.0 19.0 x 57.0 61.0 60.0 53.0 54.0 48.0 38.0 62.0 63.0 30.0 x 57.0 37.0 73.0 62.0 57.0 27.0 30.0 61.0 51.0 22.0 x 26.0 80.0 70.0 61.0 48.0 76.0 x x x x 38.0 6.0 7.0 36.0 45.0 57.0 19.0 36.0 72.0 45.0 55.0 74.0 57.0 59.0 28.0 58.0 89.0 24.0 35.0 21.0 16.0 52.0 48.0 16.0 55.0 x 73.0 61.0 43.0 56.0 61.0 58.0 62.0 x 31.0 47.0 25.0 65.0 x 62.0 39.0 x x 24.0 41.0 76.0 31.0 x 72.0 51.0 33.0 76.0 67.0 x x 64.0 63.0 x 23.0 
81.0 71.0 49.0 x x 43.0 98.0 x 71.0 11.0 42.0 81.0 x 66.0 81.0 63.0 32.0 x 61.0 56.0 102.0 70.0 64.0 49.0 x 89.0 55.0 36.0 70.0 75.0 48.0 79.0 101.0 93.0 41.0 46.0 75.0 65.0 x 58.0 x 61.0 68.0 61.0 x 78.0 80.0 44.0 67.0 87.0 73.0 x 71.0 54.0 92.0 40.0 88.0 43.0 76.0 68.0 83.0 78.0 64.0 110.0 68.0 61.0 x 11.0 76.0 62.0 46.0 84.0 53.0 61.0 33.0 x 64.0 73.0 x 62.0 x 72.0 49.0 58.0 70.0 53.0 52.0 56.0 79.0 x 99.0 80.0 61.0 x 86.0 74.0 84.0 47.0 54.0 77.0 
19.0 45.0 66.0 43.0 47.0 33.0 78.0 52.0 74.0 62.0 57.0 71.0 x 77.0 33.0 x 53.0 x 41.0 56.0 47.0 48.0 54.0 23.0 48.0 65.0 x 37.0 66.0 x 75.0 59.0 65.0 83.0 x 39.0 49.0 x x 47.0 85.0 29.0 45.0 46.0 35.0 6.0 70.0 34.0 47.0 82.0 51.0 48.0 62.0 18.0 66.0 x x 57.0 63.0 46.0 46.0 55.0 47.0 x 55.0 48.0 55.0 74.0 71.0 38.0 x 66.0 42.0 35.0 40.0 70.0 x x 26.0 39.0 72.0 x x 72.0 15.0 x 50.0 x 59.0 57.0 41.0 x x 74.0 60.0 2.0 x 37.0 44.0 62.0 
43.0 26.0 53.0 x 57.0 6.0 72.0 46.0 68.0 38.0 47.0 62.0 61.0 59.0 x 47.0 54.0 63.0 35.0 x 57.0 45.0 27.0 4.0 63.0 56.0 38.0 13.0 57.0 49.0 62.0 53.0 56.0 61.0 x 40.0 x 33.0 56.0 29.0 87.0 44.0 71.0 58.0 38.0 33.0 48.0 49.0 44.0 55.0 24.0 x 38.0 9.0 69.0 x 61.0 70.0 x 43.0 x x 34.0 64.0 65.0 x x 60.0 44.0 35.0 9.0 x 24.0 16.0 16.0 x 52.0 47.0 17.0 x 49.0 x x 77.0 42.0 33.0 38.0 x 56.0 54.0 63.0 x 47.0 47.0 41.0 26.0 51.0 x 44.0 67.0 
53.0 51.0 105.0 88.0 93.0 79.0 102.0 x 107.0 47.0 76.0 82.0 68.0 59.0 63.0 102.0 90.0 42.0 87.0 92.0 102.0 x 100.0 x x x x 72.0 126.0 79.0 77.0 x 114.0 129.0 77.0 x 68.0 90.0 x 89.0 101.0 92.0 79.0 92.0 86.0 x 116.0 102.0 51.0 123.0 99.0 88.0 85.0 x 128.0 76.0 37.0 15.0 x 50.0 94.0 89.0 91.0 84.0 x x x 69.0 112.0 42.0 x x 93.0 x x 76.0 x x 86.0 x 58.0 72.0 77.0 x 87.0 77.0 75.0 110.0 63.0 87.0 108.0 114.0 66.0 90.0 83.0 70.0 108.0 83.0 93.0 108.0 
x 60.0 65.0 31.0 x 44.0 63.0 37.0 x 64.0 72.0 78.0 53.0 78.0 x 62.0 x 67.0 26.0 44.0 62.0 48.0 x 38.0 33.0 51.0 54.0 45.0 x 40.0 60.0 44.0 80.0 74.0 42.0 24.0 64.0 45.0 70.0 62.0 70.0 14.0 x 31.0 20.0 21.0 63.0 43.0 x 78.0 66.0 43.0 50.0 33.0 63.0 52.0 72.0 72.0 x 50.0 45.0 40.0 46.0 72.0 40.0 33.0 x 59.0 67.0 x 47.0 67.0 57.0 50.0 42.0 55.0 x 38.0 41.0 24.0 70.0 15.0 42.0 87.0 x 17.0 65.0 55.0 63.0 72.0 56.0 57.0 56.0 x x 17.0 63.0 48.0 53.0 47.0 
51.0 50.0 48.0 14.0 46.0 27.0 x 26.0 73.0 53.0 59.0 67.0 51.0 76.0 46.0 x 21.0 70.0 15.0 58.0 59.0 31.0 48.0 34.0 x 44.0 59.0 30.0 69.0 29.0 58.0 33.0 86.0 57.0 x 7.0 60.0 28.0 73.0 59.0 67.0 15.0 47.0 45.0 9.0 38.0 64.0 60.0 34.0 76.0 57.0 x x x 80.0 53.0 65.0 85.0 x 33.0 62.0 x 29.0 89.0 54.0 16.0 54.0 x 65.0 41.0 30.0 68.0 54.0 46.0 31.0 59.0 28.0 27.0 47.0 41.0 53.0 x 33.0 77.0 17.0 x x 58.0 46.0 x 61.0 54.0 45.0 51.0 66.0 x 46.0 31.0 68.0 44.0 
67.0 64.0 x 45.0 68.0 32.0 106.0 80.0 79.0 63.0 x 91.0 x 67.0 81.0 85.0 62.0 x 69.0 x x 74.0 53.0 42.0 88.0 65.0 64.0 39.0 83.0 83.0 49.0 87.0 85.0 87.0 x 61.0 55.0 59.0 x 67.0 97.0 x x 69.0 63.0 x 74.0 75.0 71.0 81.0 62.0 57.0 64.0 38.0 95.0 48.0 86.0 60.0 84.0 72.0 88.0 76.0 60.0 x 76.0 54.0 60.0 41.0 70.0 73.0 35.0 78.0 x 54.0 42.0 91.0 78.0 81.0 46.0 76.0 52.0 50.0 38.0 75.0 65.0 x x x 83.0 92.0 x 84.0 9.0 73.0 39.0 52.0 x 28.0 76.0 74.0 
61.0 63.0 41.0 44.0 34.0 x 76.0 x 45.0 63.0 74.0 91.0 47.0 64.0 52.0 31.0 79.0 x 61.0 x 79.0 67.0 46.0 41.0 88.0 x 1.0 x 20.0 53.0 46.0 57.0 90.0 80.0 33.0 65.0 x 58.0 77.0 66.0 67.0 x 37.0 35.0 63.0 52.0 67.0 12.0 66.0 74.0 42.0 56.0 63.0 46.0 90.0 38.0 x 95.0 50.0 65.0 52.0 47.0 59.0 79.0 x 53.0 26.0 67.0 63.0 x 28.0 x 61.0 53.0 41.0 62.0 70.0 51.0 54.0 31.0 56.0 x x 110.0 55.0 58.0 x x 75.0 66.0 73.0 54.0 72.0 36.0 78.0 44.0 76.0 35.0 22.0 51.0 
40.0 30.0 42.0 x 52.0 62.0 80.0 x 79.0 90.0 37.0 91.0 31.0 94.0 x 65.0 61.0 80.0 61.0 64.0 67.0 15.0 83.0 x 80.0 39.0 74.0 x 63.0 66.0 80.0 70.0 x 96.0 61.0 47.0 54.0 53.0 58.0 x 84.0 x 38.0 51.0 55.0 53.0 83.0 x 12.0 98.0 36.0 51.0 64.0 57.0 71.0 72.0 85.0 78.0 x 13.0 53.0 28.0 54.0 x 60.0 62.0 60.0 x 87.0 21.0 65.0 87.0 60.0 40.0 69.0 13.0 50.0 69.0 65.0 x 79.0 59.0 56.0 63.0 63.0 46.0 83.0 75.0 x 50.0 x 71.0 74.0 75.0 44.0 57.0 71.0 66.0 56.0 61.0 
38.0 x 73.0 69.0 68.0 60.0 78.0 88.0 79.0 89.0 63.0 108.0 19.0 89.0 24.0 53.0 85.0 95.0 77.0 56.0 55.0 39.0 81.0 50.0 96.0 x 65.0 64.0 86.0 x 71.0 95.0 99.0 84.0 x x 59.0 x x 75.0 71.0 x 66.0 69.0 71.0 x 71.0 54.0 38.0 86.0 64.0 57.0 88.0 55.0 x 63.0 90.0 76.0 84.0 x x 76.0 54.0 x 76.0 78.0 x 105.0 x 45.0 63.0 x x 62.0 67.0 63.0 52.0 87.0 63.0 72.0 x 57.0 54.0 87.0 72.0 x 92.0 66.0 50.0 x x 58.0 96.0 83.0 70.0 55.0 76.0 64.0 44.0 x 
60.0 57.0 57.0 47.0 59.0 x 68.0 42.0 x x x 83.0 42.0 x 47.0 60.0 82.0 86.0 x 63.0 6.0 62.0 81.0 59.0 84.0 24.0 x 63.0 78.0 45.0 70.0 49.0 x x 58.0 68.0 x x 65.0 84.0 51.0 65.0 x 58.0 59.0 35.0 71.0 61.0 61.0 86.0 71.0 35.0 66.0 59.0 78.0 62.0 81.0 x 75.0 60.0 58.0 35.0 38.0 85.0 67.0 49.0 67.0 95.0 75.0 66.0 63.0 x 79.0 47.0 x 50.0 69.0 65.0 67.0 51.0 99.0 41.0 63.0 108.0 56.0 61.0 x 73.0 x x x 64.0 x 101.0 x 43.0 15.0 64.0 51.0 74.0 
86.0 79.0 x 58.0 27.0 x 60.0 x 47.0 69.0 93.0 75.0 69.0 66.0 74.0 53.0 75.0 x x 32.0 70.0 70.0 60.0 78.0 53.0 60.0 53.0 74.0 74.0 37.0 48.0 x 92.0 x 69.0 61.0 83.0 65.0 79.0 71.0 13.0 63.0 39.0 26.0 x 78.0 90.0 52.0 69.0 105.0 x x 77.0 83.0 92.0 x 79.0 101.0 43.0 68.0 54.0 49.0 64.0 x 35.0 67.0 28.0 x 94.0 76.0 68.0 88.0 70.0 69.0 77.0 x 66.0 44.0 91.0 33.0 80.0 x x 114.0 57.0 54.0 84.0 54.0 71.0 58.0 64.0 x 75.0 90.0 86.0 74.0 49.0 75.0 44.0 10.0 
58.0 65.0 81.0 54.0 68.0 x 97.0 x x x x 100.0 77.0 58.0 72.0 x 66.0 x 60.0 64.0 76.0 65.0 x x 79.0 56.0 73.0 48.0 92.0 74.0 40.0 78.0 94.0 96.0 43.0 52.0 64.0 x 91.0 76.0 88.0 60.0 77.0 x 54.0 35.0 83.0 75.0 62.0 90.0 71.0 x 73.0 47.0 95.0 48.0 80.0 51.0 x 63.0 87.0 67.0 69.0 111.0 76.0 61.0 60.0 50.0 79.0 67.0 44.0 87.0 x x x 82.0 x 72.0 55.0 76.0 61.0 x 47.0 66.0 56.0 45.0 9.0 72.0 74.0 96.0 x 75.0 x 82.0 30.0 43.0 85.0 x x 65.0 
73.0 73.0 77.0 54.0 70.0 41.0 103.0 77.0 81.0 73.0 38.0 98.0 x 75.0 59.0 67.0 72.0 58.0 66.0 58.0 100.0 66.0 62.0 51.0 x 91.0 37.0 48.0 56.0 80.0 58.0 84.0 77.0 96.0 43.0 58.0 77.0 68.0 91.0 66.0 90.0 66.0 73.0 71.0 60.0 80.0 83.0 48.0 63.0 90.0 71.0 x 73.0 56.0 104.0 66.0 53.0 x 86.0 64.0 88.0 83.0 69.0 x x 63.0 62.0 x 79.0 x 44.0 87.0 61.0 63.0 x 88.0 79.0 78.0 64.0 67.0 x 74.0 47.0 90.0 x 51.0 73.0 36.0 75.0 83.0 101.0 90.0 82.0 x 88.0 73.0 86.0 45.0 58.0 87.0 
x 35.0 86.0 57.0 61.0 47.0 89.0 72.0 88.0 76.0 57.0 x x x 46.0 x 81.0 75.0 76.0 73.0 56.0 35.0 68.0 37.0 100.0 26.0 79.0 51.0 98.0 75.0 x 79.0 89.0 102.0 46.0 67.0 39.0 71.0 x 62.0 99.0 81.0 47.0 60.0 75.0 65.0 89.0 x 32.0 96.0 65.0 69.0 69.0 x 80.0 x 70.0 81.0 77.0 33.0 62.0 37.0 72.0 89.0 69.0 54.0 x 80.0 85.0 41.0 50.0 93.0 x 25.0 54.0 52.0 70.0 78.0 x x 86.0 60.0 41.0 83.0 x 66.0 39.0 78.0 44.0 70.0 x 86.0 30.0 88.0 x x x x 76.0 76.0 
17.0 47.0 68.0 45.0 x 32.0 80.0 54.0 76.0 64.0 59.0 73.0 36.0 79.0 31.0 x 55.0 84.0 43.0 54.0 49.0 46.0 53.0 25.0 50.0 67.0 43.0 x 64.0 x 77.0 61.0 67.0 x 34.0 41.0 51.0 x 81.0 49.0 x 31.0 47.0 48.0 37.0 8.0 72.0 32.0 45.0 81.0 50.0 50.0 64.0 20.0 x 69.0 82.0 55.0 65.0 x x 57.0 x 75.0 x 50.0 57.0 76.0 70.0 40.0 x 68.0 44.0 37.0 x 70.0 26.0 55.0 x x 74.0 2.0 26.0 70.0 17.0 x 52.0 44.0 57.0 55.0 43.0 74.0 43.0 73.0 x x 58.0 36.0 42.0 64.0 
67.0 72.0 42.0 32.0 67.0 45.0 83.0 57.0 68.0 x x 98.0 57.0 73.0 53.0 75.0 67.0 90.0 61.0 63.0 21.0 60.0 66.0 52.0 80.0 39.0 77.0 48.0 63.0 60.0 55.0 x 104.0 99.0 43.0 53.0 x x 80.0 77.0 36.0 61.0 58.0 68.0 55.0 50.0 86.0 76.0 59.0 94.0 75.0 20.0 51.0 x x 47.0 95.0 105.0 83.0 x 43.0 50.0 23.0 70.0 75.0 41.0 59.0 80.0 83.0 66.0 48.0 x 72.0 62.0 51.0 65.0 x 73.0 x 64.0 84.0 x 51.0 108.0 63.0 46.0 x 76.0 71.0 76.0 15.0 49.0 85.0 86.0 x 58.0 x x 66.0 59.0 
x 36.0 51.0 17.0 55.0 4.0 79.0 x 66.0 36.0 53.0 72.0 64.0 69.0 59.0 57.0 52.0 73.0 42.0 51.0 67.0 55.0 25.0 14.0 x 54.0 36.0 11.0 55.0 56.0 64.0 60.0 66.0 x 6.0 38.0 40.0 31.0 54.0 39.0 85.0 x 69.0 56.0 36.0 43.0 46.0 x 54.0 53.0 34.0 29.0 x 19.0 67.0 56.0 x x 71.0 53.0 60.0 65.0 32.0 74.0 x x x 58.0 42.0 45.0 7.0 50.0 34.0 26.0 14.0 x 55.0 54.0 27.0 63.0 47.0 37.0 x 83.0 48.0 31.0 28.0 35.0 66.0 64.0 64.0 75.0 x 45.0 x 36.0 x x 54.0 65.0 
44.0 60.0 63.0 63.0 24.0 50.0 74.0 48.0 35.0 57.0 69.0 x 25.0 54.0 x 9.0 73.0 71.0 x 12.0 57.0 x 68.0 x 84.0 56.0 21.0 x x 51.0 36.0 55.0 x x 52.0 61.0 65.0 53.0 75.0 59.0 57.0 67.0 35.0 25.0 61.0 50.0 55.0 10.0 44.0 x 20.0 55.0 70.0 53.0 88.0 28.0 76.0 x 40.0 43.0 50.0 45.0 52.0 60.0 32.0 72.0 x 65.0 x 51.0 x 51.0 x 59.0 60.0 60.0 58.0 x 61.0 x 54.0 44.0 44.0 93.0 53.0 68.0 76.0 22.0 56.0 44.0 51.0 44.0 x 58.0 76.0 42.0 66.0 54.0 x 41.0 
x 69.0 x 48.0 17.0 x 68.0 42.0 44.0 66.0 84.0 x x x x 50.0 x 80.0 46.0 29.0 x 60.0 50.0 68.0 43.0 50.0 50.0 64.0 71.0 45.0 45.0 49.0 89.0 x 59.0 51.0 73.0 x 69.0 68.0 23.0 58.0 29.0 16.0 52.0 68.0 80.0 42.0 59.0 95.0 54.0 60.0 67.0 73.0 82.0 37.0 x 98.0 33.0 x 44.0 x 61.0 71.0 25.0 57.0 25.0 86.0 84.0 x 64.0 x 67.0 59.0 67.0 48.0 56.0 x 81.0 23.0 77.0 62.0 67.0 108.0 47.0 44.0 74.0 51.0 61.0 x 74.0 10.0 65.0 87.0 76.0 64.0 59.0 65.0 41.0 x 
