100
50
0 1 2 3 4 5 6 7 8 9 10 11 12 13 14 15 16 17 18 19 20 21 22 23 24 25 26 27 28 29 30 31 32 33 34 35 36 37 38 39 40 41 42 43 44 45 46 47 48 49 50 51 52 53 54 55 56 57 58 59 60 61 62 63 64 65 66 67 68 69 70 71 72 73 74 75 76 77 78 79 80 81 82 83 84 85 86 87 88 89 90 91 92 93 94 95 96 97 98 99 
92 62 99 19 25 7 0 61 16 97 14 51 36 63 95 41 87 9 5 32 12 64 57 39 93 83 18 88 67 13 53 70 91 3 49 10 96 15 1 17 28 27 86 31 77 20 11 54 29 23 
55
x 27.92447 29.51146 27.18894 66.74383 36.72936 52.20426 47.38812 69.70514 42.51380 36.12729 69.44897 60.45571 36.30936 45.83167 49.72937 29.18960 52.23645 73.77559 43.10015 43.14689 22.73087 41.64211 48.04103 56.55999 58.92420 43.40012 46.49381 46.41393 26.48325 39.51967 8.84481 41.82548 65.73428 48.21941 37.47288 54.80069 42.64879 44.49874 53.86716 21.45832 58.64290 52.80129 42.12196 22.22636 36.25500 38.80121 58.83544 37.34544 46.37757 43.64107 61.61467 28.57988 25.99386 36.32149 61.55121 60.29357 28.08785 32.18866 41.43777 47.57892 51.09530 32.48925 64.34273 29.32942 47.77688 49.53798 38.76553 43.45720 41.42356 32.31573 15.33446 59.82647 36.12340 20.46060 66.76299 61.35775 28.43845 57.57205 29.98211 41.98174 36.94244 67.10185 47.20027 44.56877 43.09764 46.04050 54.77235 44.15358 68.42578 52.52706 47.67647 82.27146 71.59268 30.57406 33.39505 46.12908 33.43380 47.76591 58.54804 
27.92447 x 14.51929 23.18475 38.81936 12.66611 36.47709 23.32487 62.30226 18.45055 12.06404 52.88798 35.02466 28.90648 23.76826 40.54861 14.19743 36.50928 45.85112 40.35570 19.08364 42.48497 17.57886 49.46179 41.56782 43.19703 43.83797 22.43056 29.42995 11.49108 23.80275 31.60372 33.08842 49.02836 24.15616 12.04183 45.61993 27.65662 20.43549 38.87499 6.46615 33.38095 27.37024 31.45597 18.22217 20.52783 14.73796 34.77219 21.61827 22.31432 26.80675 33.69020 12.77917 1.93061 8.39702 44.69898 54.46907 12.36068 16.46149 16.00672 23.51567 51.53315 17.49708 38.91168 5.26617 32.04971 24.10693 23.77336 19.39395 17.36031 29.57128 12.59001 42.99215 21.13123 20.89845 41.04861 40.69993 4.37520 37.86008 30.41996 19.91833 12.87919 52.10968 47.63812 29.57660 43.53549 28.87454 26.84788 41.40913 40.50131 45.92601 21.96209 65.28748 48.03073 27.82961 7.96400 18.20461 33.87165 24.33660 34.48479 
29.51146 14.51929 x 30.12303 53.33865 23.32418 37.18915 33.98294 69.33585 29.10862 22.72211 63.54605 45.44353 39.56455 37.04278 41.56863 0.32186 27.11326 60.37041 41.94269 29.74171 52.24233 28.23693 40.99892 33.10495 43.30810 48.31039 26.21691 22.95889 3.02821 24.01984 38.35627 39.46013 59.68643 34.81423 26.56112 36.49731 19.19375 31.09356 30.41212 8.05314 43.14307 41.88953 22.99310 25.16045 11.13181 25.39603 45.43026 28.55655 32.97239 37.46482 48.20949 27.29846 12.58868 22.91631 55.35705 59.13611 19.29896 23.39977 28.30473 34.17374 43.63749 9.03421 53.43097 15.92424 22.65369 38.62622 15.31049 30.05202 28.01838 31.15827 14.17700 53.65022 22.71822 35.41774 53.35781 51.35800 15.03327 33.77908 41.52197 33.19285 23.53726 43.64681 33.89505 15.70103 54.63750 22.58546 41.36717 42.99612 55.02060 38.16968 34.27129 58.81642 48.13764 29.41660 22.48329 32.72390 38.07028 24.31087 45.14286 
27.18894 23.18475 30.12303 x 62.00411 35.05885 34.94048 24.06647 60.86096 41.63530 35.24879 65.45522 58.20941 41.47372 28.56789 22.54043 29.80117 34.97267 69.03587 36.19569 42.26839 49.91981 30.14610 49.10939 54.91308 41.66042 52.89944 40.71952 52.43820 32.50752 41.97028 18.34413 14.63654 49.28157 46.54890 35.22658 27.61175 41.00188 43.62024 44.29650 29.65090 52.62896 41.71995 31.10357 4.96258 18.99122 37.92271 57.95694 20.08166 19.33102 49.99150 56.87495 35.96392 25.11536 31.58177 44.97010 53.38911 10.82407 14.92488 39.19147 24.20929 48.12745 38.51352 62.09643 28.45092 30.51310 47.29168 38.78618 41.78669 40.54506 34.76634 28.35884 43.24536 44.31598 29.95992 39.71644 36.65062 27.55995 30.38311 39.48143 24.71796 36.06394 65.45494 55.66391 45.18034 52.59696 46.06115 50.03263 46.60419 63.68606 44.38940 20.62992 86.66215 62.02202 36.50801 31.14875 39.52653 42.93312 38.81348 47.05203 
66.74383 38.81936 53.33865 62.00411 x 49.09701 53.31864 62.14423 25.03231 52.15210 48.49494 79.68549 73.84402 58.42809 62.58762 70.44207 53.01679 43.24275 7.03176 79.17506 57.90300 52.74601 54.00976 27.43585 63.21404 46.26520 78.41948 47.16987 65.86085 50.31044 60.23365 70.42308 61.90870 87.47670 60.58706 50.86119 75.51339 49.30284 45.17480 52.56658 45.28551 72.20031 66.18960 45.44167 57.04153 59.22420 53.55732 69.48731 60.43763 61.13368 65.62611 72.50956 51.59853 40.74997 47.21638 83.51834 92.91741 51.18004 55.28085 54.82608 59.94657 73.74658 56.31644 77.73104 44.08553 57.37629 62.92629 53.12428 55.82485 42.09962 67.43759 51.40937 81.81151 59.95059 59.71781 79.86797 77.13083 43.19456 62.59939 69.23932 58.73769 46.58074 73.75590 82.52710 68.39596 82.35485 60.39925 65.66724 79.27544 1.68195 84.74537 60.78145 101.71838 70.29210 66.64897 46.78336 57.02397 72.69101 49.07591 69.11894 
36.72936 12.66611 23.32418 35.05885 49.09701 x 38.00749 27.24058 49.63615 8.08763 0.60207 40.22187 47.69077 16.24037 36.43437 27.88250 23.00232 48.08338 56.12877 49.16059 23.16831 29.81886 4.91275 54.89516 29.67973 38.31719 44.88517 12.06764 17.96798 20.29597 12.34078 43.74135 20.42231 40.66477 11.49005 21.63076 32.95382 15.76853 10.07257 45.94375 15.27104 31.46401 36.95917 36.88934 30.88828 33.19394 18.65367 38.85686 34.28438 31.11921 30.89142 46.35631 25.44528 10.73550 12.38606 36.35330 46.10548 25.02679 29.12760 25.59565 10.84956 40.21227 24.56584 48.50061 14.07106 22.27406 33.69586 32.57825 6.72784 6.99739 19.54472 21.39490 34.62856 29.93612 33.56456 44.37653 28.03382 8.29091 27.49716 43.08607 32.58444 2.51627 40.22159 47.42487 38.38149 56.20160 31.85383 39.51399 31.38257 47.41506 39.75605 32.41811 53.82551 51.94644 21.28639 20.63011 30.87072 46.53776 13.97368 21.81868 
52.20426 36.47709 37.18915 34.94048 53.31864 38.00749 x 59.00695 65.95168 41.06258 37.40542 76.89397 64.61681 54.24786 41.86023 56.49416 36.86729 10.07589 46.28688 69.41687 55.56073 67.82635 42.92024 77.54435 64.84837 54.95276 73.43012 36.08035 49.23373 39.57364 49.14413 43.35945 49.57702 75.95878 49.49754 41.63398 51.42284 50.93717 27.93492 19.39972 42.94324 59.79359 56.96239 59.53853 29.97790 26.05734 51.21505 71.24928 33.37400 39.01330 63.28384 70.16729 42.37132 38.40770 44.87411 68.19783 81.39949 24.11641 20.01560 45.59887 48.85705 65.61990 40.77763 68.50383 41.74326 37.57922 53.69908 51.85592 44.73533 31.01010 56.34807 41.65118 69.92257 51.18538 50.49060 59.39872 66.04131 40.85229 51.50987 60.01211 38.01030 35.49122 75.39023 62.73003 52.24646 73.12764 55.28718 63.32497 68.18592 55.00059 57.68174 40.31220 77.27363 37.12524 56.89078 37.55615 44.61725 63.46380 37.98639 59.82617 
47.38812 23.32487 33.98294 24.06647 62.14423 27.24058 59.00695 x 76.87673 34.12407 26.63851 67.46245 58.34953 43.48095 47.09313 46.60690 33.66108 59.03914 69.17599 59.81935 38.54729 57.05944 32.15333 68.92544 56.92031 64.35363 67.16284 38.10408 44.00442 30.95473 38.37722 42.41060 38.70301 67.03440 38.73063 35.36670 51.67822 43.00911 36.10901 58.33864 25.92980 56.70582 45.92220 50.91962 29.02905 43.05769 29.31243 54.23584 44.14813 41.77797 46.27040 57.01507 36.10404 21.39426 31.72189 59.27345 72.47511 34.89054 38.99135 39.33159 38.09014 67.45285 36.96073 62.23655 24.72982 48.31050 47.43180 43.23701 33.96842 33.03383 41.42118 32.05366 60.99819 40.59488 44.22332 62.16339 55.27440 18.94967 53.53360 53.74483 43.24320 28.55271 67.46217 67.23427 49.04025 66.86036 37.13373 50.17275 29.58333 63.82618 61.63251 43.07687 79.86195 62.60520 43.16285 31.28887 41.52948 52.61855 40.01012 49.05926 
69.70514 62.30226 69.33585 60.86096 25.03231 49.63615 65.95168 76.87673 x 57.72378 50.23822 54.65318 89.63551 33.39578 67.78071 67.69315 69.01399 68.27506 32.06407 91.95468 72.80446 46.97427 44.72340 49.10426 69.49038 71.29751 84.69582 61.70379 67.60413 68.63563 61.97693 69.27993 60.23296 74.25342 61.12620 58.49702 72.76447 55.57918 59.70872 77.59889 63.61070 81.10016 73.82543 67.11008 55.89838 58.20404 68.28982 88.49301 59.29448 80.19198 67.88447 95.99246 67.39002 60.37165 62.02221 82.01437 79.69413 50.03689 45.93608 54.53213 50.66021 80.02292 64.37649 85.36687 63.70721 69.72592 70.56212 74.79269 56.36399 56.63354 69.18087 67.57166 80.28963 48.94562 75.50930 94.01268 77.66997 57.92706 75.53583 85.03081 63.93078 52.15242 80.03224 94.87673 84.39316 98.14634 81.20766 89.15014 81.01872 23.35036 83.60222 79.20285 103.46166 95.32441 70.76369 62.57485 70.53773 88.48250 63.60983 61.62933 
42.51380 18.45055 29.10862 41.63530 52.15210 8.08763 41.06258 34.12407 57.72378 x 7.48556 48.30950 53.47521 24.32800 42.21881 35.97013 28.78676 51.13847 59.18386 54.94503 31.25594 37.90649 13.00038 62.98279 37.76736 45.20068 52.97280 15.12273 24.85147 26.08041 19.22427 46.79644 28.50994 48.75240 19.57768 24.68585 41.04145 23.85616 13.12766 53.46432 21.05548 38.34750 40.01426 44.97697 36.67272 36.85103 25.53716 46.94449 40.06882 36.90365 38.97905 52.14075 31.22972 16.51994 20.47369 44.44093 54.19311 30.81123 34.91204 28.65074 18.93719 44.66228 32.08641 51.55570 19.85550 25.32915 36.75095 38.36269 14.81547 10.05248 26.42821 27.17934 42.71619 34.23725 39.34900 51.26002 36.12145 15.17440 30.55225 48.87051 38.36888 5.57136 48.30922 50.47996 44.16593 61.98604 34.90892 45.29843 38.26606 50.47015 46.63954 38.20255 60.70900 58.82993 28.16988 26.41455 36.65516 50.39374 17.02877 29.90631 
36.12729 12.06404 22.72211 35.24879 48.49494 0.60207 37.40542 26.63851 50.23822 7.48556 x 40.82394 47.08870 16.84244 35.83230 28.48457 22.40025 47.48131 55.52670 48.55852 23.77038 30.42093 5.51482 55.49723 30.28180 37.71512 45.48724 11.46557 17.36591 19.69390 11.73871 43.13928 21.02438 41.26684 12.09212 21.02869 33.55589 16.37060 9.47050 46.54582 14.66897 30.86194 36.35710 37.49141 30.28621 32.59187 18.05160 39.45893 33.68231 30.51714 31.49349 45.75424 24.84321 10.13343 12.98813 36.95537 46.70755 24.42472 28.52553 24.99358 11.45163 40.81434 25.16791 47.89854 13.46899 21.67199 33.09379 31.97618 7.32991 6.39532 18.94265 20.79283 35.23063 29.33405 32.96249 43.77446 28.63589 7.68884 26.89509 42.48400 31.98237 1.91420 40.82366 46.82280 37.77942 55.59953 31.25176 38.91192 30.78050 46.81299 39.15398 31.81604 53.22344 51.34437 20.68432 20.02804 30.26865 45.93569 13.37161 22.42075 
69.44897 52.88798 63.54605 65.45522 79.68549 40.22187 76.89397 67.46245 54.65318 48.30950 40.82394 x 87.91264 33.13961 76.65624 58.27887 63.22419 78.52337 86.71725 82.28493 63.39018 46.71810 35.30912 72.02826 60.07610 78.53906 73.68354 40.81362 58.18985 60.51784 52.56265 78.29378 50.81868 73.99725 51.71192 61.85263 63.35019 46.16490 48.95905 76.34012 55.49291 49.16488 77.18104 67.28571 70.41780 62.54192 58.87554 79.07873 74.50625 71.34108 67.62830 86.57818 65.66715 50.95737 52.60793 76.57517 79.43796 65.24866 69.34947 65.81752 41.24593 70.35317 54.96221 83.58002 54.29293 51.02004 73.91773 72.80012 46.94971 45.88387 59.76659 61.61677 74.85043 70.15799 69.78704 62.07740 68.25569 48.51278 56.24314 60.26553 72.80631 42.73814 70.61796 76.17085 78.60336 73.38106 70.74031 79.73586 71.60444 78.00354 79.97792 72.63998 94.04738 92.16831 61.50826 60.85198 64.34122 56.81384 42.71966 52.21505 
60.45571 35.02466 45.44353 58.20941 73.84402 47.69077 64.61681 58.34953 89.63551 53.47521 47.08870 87.91264 x 63.93114 42.86492 46.76618 45.12167 71.53394 80.87578 71.79690 54.10830 77.50963 52.60352 79.66229 76.59248 78.22169 62.93463 54.35302 64.45461 46.51574 58.82741 51.61090 68.11308 70.49512 59.18082 31.13849 51.83750 62.68128 55.46015 73.89965 41.49081 66.89256 46.46690 61.65647 53.24683 55.55249 49.76262 69.79685 56.64293 57.33898 61.83141 68.71486 31.87583 36.95527 43.42168 66.18365 75.93583 47.38534 44.60121 35.10338 58.54033 70.62981 52.52174 58.00834 40.29083 60.74736 43.20359 58.79802 54.41861 52.38497 61.34937 47.61467 64.45891 40.68989 39.99511 76.07327 71.05365 39.39986 38.92350 49.51662 39.01499 47.90385 87.13434 66.73478 60.50084 62.63215 63.89920 61.87254 49.51152 75.52597 80.95067 56.98675 100.31214 83.05539 62.85427 27.06066 53.22927 52.96831 52.44698 64.23883 
36.30936 28.90648 39.56455 41.47372 58.42809 16.24037 54.24786 43.48095 33.39578 24.32800 16.84244 33.13961 63.93114 x 52.67474 34.29737 39.24269 61.68245 65.45985 58.55890 39.40868 13.57849 11.32762 38.88865 36.09460 54.55756 51.30004 28.30801 34.20835 36.53634 28.58115 45.15417 26.83718 40.85764 27.73042 37.87113 39.36869 22.18340 26.31294 52.35862 31.51141 47.70438 53.19954 43.30421 46.43630 49.43431 34.89404 55.09723 50.52475 47.10597 34.48869 62.59668 41.68565 26.97587 28.62643 48.61859 46.29835 41.26716 45.36797 41.83602 17.26443 46.62714 30.98071 64.74098 30.31143 38.51443 49.93623 48.81862 22.96821 23.23776 35.78509 37.63527 46.89385 46.17649 49.80493 60.61690 44.27419 24.53128 42.14005 59.32644 48.82481 18.75664 46.63646 63.66524 54.62186 72.44197 48.09420 55.75436 47.62294 56.74614 55.99642 45.80707 70.06588 68.18681 37.36791 36.87048 47.11109 62.77813 30.21405 28.23355 
45.83167 23.76826 37.04278 28.56789 62.58762 36.43437 41.86023 47.09313 67.78071 42.21881 35.83230 76.65624 42.86492 52.67474 x 51.10832 36.72092 41.89242 69.61938 63.04428 42.85190 66.25323 41.34712 68.40589 65.33608 48.58017 51.67823 46.19882 53.19821 35.25934 47.57101 36.98686 43.20443 59.23872 47.92442 19.88209 51.27647 51.42488 44.20375 51.21625 30.23441 55.63616 35.21050 50.40007 23.60531 25.91097 38.50622 58.54045 27.00141 46.08258 50.57501 57.45846 20.61943 25.69887 32.16528 54.92725 64.67943 17.74382 21.84463 23.84698 47.28393 59.37341 41.26534 46.75194 29.03443 37.43285 31.94719 47.54162 43.16221 41.12857 52.25986 35.27859 53.20251 29.43349 28.73871 64.25800 59.79725 28.14346 58.95100 38.26022 3.84993 36.64745 75.87794 39.79051 21.59649 51.37575 52.64280 50.61614 51.54937 64.26957 44.06514 45.73035 89.05574 68.94177 50.51819 15.80426 41.97287 41.71191 45.73323 58.25305 
49.72937 40.54861 41.56863 22.54043 70.44207 27.88250 56.49416 46.60690 67.69315 35.97013 28.48457 58.27887 46.76618 34.29737 51.10832 x 41.24677 46.41827 77.47383 25.03072 51.05081 47.87586 22.96975 61.07854 47.49502 64.20085 62.94217 23.27220 45.85048 42.64882 40.22328 40.88456 26.60569 47.66485 39.37255 49.51326 5.07132 33.82553 31.41763 55.74210 43.15354 52.43232 53.68910 43.07272 27.50301 30.43682 46.53617 66.73936 42.62209 21.73218 58.77392 74.23881 53.32778 38.61800 40.26856 48.31891 42.22414 33.36450 37.46531 53.47815 17.03294 36.96248 36.64282 62.22652 38.78033 29.66654 56.23358 50.75533 34.61034 28.34245 47.42722 49.27740 50.04365 57.81862 52.50035 39.51980 55.91632 36.17341 7.84268 58.07567 47.25839 30.39877 58.03688 54.81735 56.62594 71.19120 53.19889 67.39649 59.26507 68.76012 66.92983 20.43328 75.49718 73.46762 49.16889 48.51261 58.75322 54.62398 21.36616 33.15801 
29.18960 14.19743 0.32186 29.80117 53.01679 23.00232 36.86729 33.66108 69.01399 28.78676 22.40025 63.22419 45.12167 39.24269 36.72092 41.24677 x 26.79140 60.04855 41.62083 29.41985 51.92047 27.91507 40.67706 32.78309 42.98624 47.98853 25.89505 22.63703 2.70635 23.69798 38.03441 39.13827 59.36457 34.49237 26.23926 36.17545 18.87189 30.77170 30.09026 7.73128 42.82121 41.56767 22.67124 24.83859 10.80995 25.07417 45.10840 28.23469 32.65053 37.14296 47.88763 26.97660 12.26682 22.59445 55.03519 58.81425 18.97710 23.07791 27.98287 33.85188 43.31563 8.71235 53.10911 15.60238 22.33183 38.30436 14.98863 29.73016 27.69652 30.83641 13.85514 53.32836 22.39636 35.09588 53.03595 51.03614 14.71141 33.45722 41.20011 32.87099 23.21540 43.32495 33.57319 15.37917 54.31564 22.26360 41.04531 42.67426 54.69874 37.84782 33.94943 58.49456 47.81578 29.09474 22.16143 32.40204 37.74842 23.98901 44.82100 
52.23645 36.50928 27.11326 34.97267 43.24275 48.08338 10.07589 59.03914 68.27506 51.13847 47.48131 78.52337 71.53394 61.68245 41.89242 46.41827 26.79140 x 36.21099 65.64837 55.59292 62.46489 50.35483 67.46846 54.77248 54.98495 69.53488 37.70975 39.15784 29.49775 50.48938 43.39164 49.60921 65.88289 56.95135 48.55111 41.34695 40.86128 38.01081 9.32383 34.52268 62.23535 63.87952 49.46264 30.01009 15.98145 43.28593 66.62383 33.40619 28.93741 63.31603 70.19948 49.28845 38.43989 44.90630 58.12194 71.32360 24.14860 28.24941 52.51600 56.29164 65.30502 30.70174 60.06331 41.77545 27.50333 60.61621 41.78003 54.81122 41.08599 54.86395 37.88268 59.84668 49.18776 49.42513 49.32283 66.44142 40.88448 49.32719 58.94664 38.04249 45.56711 65.31434 52.65414 42.17057 70.45230 49.05500 63.35716 66.70180 44.92470 57.71393 30.23631 67.19774 27.04935 53.12228 44.47328 52.85106 62.39833 35.80371 67.26076 
73.77559 45.85112 60.37041 69.03587 7.03176 56.12877 46.28688 69.17599 32.06407 59.18386 55.52670 86.71725 80.87578 65.45985 69.61938 77.47383 60.04855 36.21099 x 86.20682 64.93476 59.77777 61.04152 34.46761 70.24580 53.29696 85.45124 54.20163 72.89261 57.34220 67.26541 77.45484 68.94046 94.50846 67.61882 57.89295 77.55794 56.33460 52.20656 45.53482 52.31727 79.23207 73.22136 52.47343 64.07329 52.19244 60.58908 76.51907 67.46939 65.14840 72.65787 79.54132 58.63029 47.78173 54.24814 90.55010 99.94917 58.21180 62.31261 61.85784 66.97833 80.77834 63.34820 84.76280 51.11729 63.71432 69.95805 60.15604 62.85661 49.13138 74.46935 58.44113 88.84327 66.98235 66.74957 85.53382 84.16259 50.22632 69.63115 76.27108 65.76945 53.61250 80.78766 88.86513 75.42772 89.38661 67.43101 72.69900 86.30720 8.71371 91.77713 66.44730 103.40873 63.26034 73.68073 53.81512 64.05573 72.87523 56.10767 76.15070 
43.10015 40.35570 41.94269 36.19569 79.17506 49.16059 69.41687 59.81935 91.95468 54.94503 48.55852 82.28493 71.79690 58.55890 63.04428 25.03072 41.62083 65.64837 86.20682 x 52.57885 65.76594 47.23128 72.45059 22.46430 76.13681 46.46296 41.47131 58.84516 38.91448 51.95090 51.94496 50.83223 22.63413 60.65064 52.39753 30.10204 36.37550 49.61674 66.29839 33.88955 70.75789 51.16801 54.44477 41.15827 49.66692 51.23244 68.26740 54.55805 46.76290 44.85574 74.04590 50.68574 38.42509 48.75272 30.39508 17.19342 45.30046 49.40127 54.14114 42.06366 11.93176 44.92048 62.50499 41.76065 51.67773 64.46263 51.19676 55.88843 46.54156 44.74696 27.76569 28.67034 48.55463 42.56646 64.55052 35.26508 40.86968 32.87340 33.04495 59.19435 49.37367 33.00616 50.26311 57.00000 46.16048 45.07808 67.20358 56.58481 80.85701 64.95829 45.46400 50.46646 84.02391 43.00529 48.31970 55.58155 29.59326 43.37735 58.18873 
43.14689 19.08364 29.74171 42.26839 57.90300 23.16831 55.56073 38.54729 72.80446 31.25594 23.77038 63.39018 54.10830 39.40868 42.85190 51.05081 29.41985 55.59292 64.93476 52.57885 x 28.63331 28.08106 46.20486 52.84804 61.48550 60.36019 35.23595 41.13629 26.71350 35.50909 49.03646 43.59062 29.94472 21.20268 31.12547 56.12213 38.93684 33.24088 54.09741 21.68857 52.46459 46.45388 46.67839 37.30581 39.61147 29.96038 15.68855 40.70191 37.53674 7.72311 52.77384 31.86281 17.15303 27.48066 25.63325 35.38543 31.44432 35.54513 35.09036 34.01787 63.38058 32.71950 57.99532 20.48859 45.44237 43.19057 38.99578 16.44047 30.16570 41.41818 27.81243 23.90851 36.35365 37.42067 47.38826 30.50325 19.59762 50.66547 46.94218 39.00197 25.68458 63.38990 62.99304 44.79902 60.05771 46.27075 45.93152 53.25603 59.58495 61.62951 38.83564 68.65847 63.25315 39.67651 27.04764 37.28825 50.39387 37.14199 44.98699 
22.73087 42.48497 52.24233 49.91981 52.74601 29.81886 67.82635 57.05944 46.97427 37.90649 30.42093 46.71810 77.50963 13.57849 66.25323 47.87586 51.92047 62.46489 59.77777 65.76594 28.63331 x 24.90611 25.31016 49.67309 68.13605 64.87853 41.88650 47.78684 49.21412 32.73503 31.57568 40.41567 43.13181 29.99910 51.44962 52.94718 35.76189 39.89143 65.93711 44.18919 51.85826 53.70781 43.31598 44.95723 58.98587 48.47253 44.32186 60.07631 33.52748 20.91020 76.17517 51.31075 40.55436 42.20492 38.82034 48.57252 50.81872 54.91953 55.41451 30.84292 60.20563 44.55920 78.31947 43.88992 52.09292 63.51472 50.99859 25.23689 36.81625 25.53109 38.06533 37.09560 58.85427 43.19147 51.31510 43.69034 38.10977 55.71854 52.71298 62.40330 32.33513 60.21495 69.93114 67.29964 65.82851 58.27356 69.33285 37.36894 51.06406 45.74242 32.22858 81.84556 81.76530 23.78942 50.44897 60.68958 56.16467 43.79254 41.81204 
41.64211 17.57886 28.23693 30.14610 54.00976 4.91275 42.92024 32.15333 44.72340 13.00038 5.51482 35.30912 52.60352 11.32762 41.34712 22.96975 27.91507 50.35483 61.04152 47.23128 28.08106 24.90611 x 49.98241 24.76698 43.22994 39.97242 16.98039 22.88073 25.20872 17.25353 48.49023 15.50956 45.57752 16.40280 26.54351 28.04107 10.85578 14.98532 41.03100 20.18379 36.37676 41.87192 31.97659 35.10868 38.10669 23.56642 43.76961 39.19713 36.03196 35.80417 51.26906 30.35803 15.64825 17.29881 41.26605 51.01823 29.93954 34.04035 30.50840 5.93681 35.29952 19.65309 53.41336 18.98381 27.18681 38.60861 37.49100 11.64059 11.91014 24.45747 26.30765 39.54131 34.84887 38.47731 49.28928 32.94657 13.20366 30.81243 47.99882 37.49719 7.42902 35.30884 52.33762 43.29424 61.11435 36.76658 44.42674 36.29532 52.32781 44.66880 37.33086 58.73826 56.85919 26.19914 25.54286 35.78347 51.45051 18.88643 16.90593 
48.04103 49.46179 40.99892 49.10939 27.43585 54.89516 77.54435 68.92544 49.10426 62.98279 55.49723 72.02826 79.66229 38.88865 68.40589 61.07854 40.67706 67.46846 34.46761 72.45059 46.20486 25.31016 49.98241 x 49.98629 73.70105 62.60670 61.15941 57.90139 37.97071 58.04519 51.28297 34.47285 60.70336 55.30926 56.67946 66.14986 54.13625 60.89502 65.35462 42.99564 58.80967 61.55626 18.00582 54.07197 51.48701 60.33853 61.89341 59.35108 58.83764 38.48175 81.74527 47.78646 47.53118 57.85881 56.39189 66.14407 59.65416 63.75497 60.64435 44.04560 60.51883 43.97671 83.54931 50.86674 63.00889 68.74456 25.68843 50.54705 57.81984 50.84125 49.11950 54.66715 57.66072 39.66718 71.72219 61.26189 49.97577 68.92122 49.18869 64.55596 57.41143 60.52815 66.40685 56.05623 62.30422 32.96340 74.90295 62.67910 25.75390 71.05258 57.53874 93.75892 83.08014 49.09958 52.60163 43.63333 48.44822 59.25337 66.88834 
56.55999 41.56782 33.10495 54.91308 63.21404 29.67973 64.84837 56.92031 69.49038 37.76736 30.28180 60.07610 76.59248 36.09460 65.33608 47.49502 32.78309 54.77248 70.24580 22.46430 52.84804 49.67309 24.76698 49.98629 x 58.34463 43.02784 40.07209 37.99542 30.07674 42.02051 52.78303 40.27654 45.09843 41.16978 51.31049 52.56634 13.91120 39.75230 45.44865 35.10167 61.14374 49.76879 31.98047 57.62168 43.59304 48.33340 68.53659 61.01778 60.02092 60.57115 75.25802 49.28652 39.63721 42.06579 52.85938 39.65772 51.76019 55.86100 48.77884 30.70379 10.53254 24.07074 78.18034 42.97277 47.64778 63.37559 39.66308 36.40757 36.67712 49.22445 41.22553 51.13464 49.76675 41.16724 73.33138 57.71355 37.97064 52.87088 31.64573 61.48615 32.19600 10.54186 48.86389 48.16226 44.76126 35.83345 68.41570 61.06230 64.89599 69.43578 61.31982 72.93076 63.17417 50.96612 49.53182 46.50338 28.19404 39.34740 41.67291 
58.92420 43.19703 43.30810 41.66042 46.26520 38.31719 54.95276 64.35363 71.29751 45.20068 37.71512 78.53906 78.22169 54.55756 48.58017 64.20085 42.98624 54.98495 53.29696 76.13681 61.48550 68.13605 43.22994 73.70105 58.34463 x 69.22436 49.18069 20.34921 40.27989 49.45383 50.07939 56.29696 78.98196 49.80724 55.23886 64.36900 44.43343 47.18562 55.65180 45.30482 68.57706 70.56727 60.24478 36.69784 39.00350 55.76672 65.45080 21.57876 60.99144 69.20861 76.88723 55.97620 45.12764 50.70325 74.67049 84.42267 30.83635 34.93716 59.20375 49.16675 68.87717 34.27389 82.10871 48.46320 50.52538 67.30396 52.56217 45.04503 44.11044 56.65777 48.37112 72.94575 59.96990 61.69518 81.37686 66.35101 45.40396 63.07403 55.80635 44.73024 39.62932 68.88649 73.02451 58.36541 68.92188 59.83714 70.04491 68.49562 47.94715 63.15521 62.29034 56.20674 73.37732 58.39944 51.16103 59.53881 59.25804 49.55055 60.13587 
43.40012 43.83797 48.31039 52.89944 78.41948 44.88517 73.43012 67.16284 84.69582 52.97280 45.48724 73.68354 62.93463 51.30004 51.67823 62.94217 47.98853 69.53488 85.45124 46.46296 60.36019 64.87853 39.97242 62.60670 43.02784 69.22436 x 49.46049 53.20086 45.28218 57.22595 34.55531 55.48198 69.09709 56.37522 39.95180 68.01349 29.11664 47.46542 60.21105 50.30412 58.20079 38.44445 44.60088 47.93686 58.79848 58.57593 76.04874 47.64560 66.15229 52.63708 77.52817 31.05880 45.76858 52.23499 65.36662 63.65638 53.79835 53.41452 43.91669 45.90923 34.53120 39.27618 66.82165 49.10414 55.78698 52.01690 39.62949 51.61301 44.39024 64.42989 56.42798 63.64188 49.50320 22.93952 55.10366 63.83667 48.21317 64.89001 13.41801 47.82830 47.40144 53.56970 30.63617 48.83019 26.53354 32.35452 70.68585 54.78332 80.10143 71.29884 65.80006 62.70648 42.48553 66.17156 35.87397 43.02445 16.86970 51.36653 56.87835 
46.49381 22.43056 26.21691 40.71952 47.16987 12.06764 36.08035 38.10408 61.70379 15.12273 11.46557 40.81362 54.35302 28.30801 46.19882 23.27220 25.89505 37.70975 54.20163 41.47131 35.23595 41.88650 16.98039 61.15941 40.07209 49.18069 49.46049 x 28.83148 23.18870 23.20428 49.13849 32.48995 40.30683 23.55769 28.66586 28.34352 27.34224 8.14543 38.56061 25.03549 42.32751 43.99427 43.15359 35.75694 21.72830 29.51717 50.92450 39.15304 40.88366 42.95906 56.12076 35.20973 20.49995 24.45370 48.06778 45.74754 29.89545 33.99626 32.63075 22.91720 29.53955 17.18270 42.76640 23.83551 10.20642 40.73096 35.47098 18.79548 5.07025 30.40822 31.15935 46.34304 38.21726 43.32901 55.24003 40.10146 19.15441 15.42952 48.86320 42.34889 9.55137 50.61395 35.35723 41.27422 61.97873 29.92669 49.27844 42.24607 45.48792 50.61955 42.18256 64.68901 56.28613 32.14989 30.39456 40.59662 45.41151 1.90604 33.88632 
46.41393 29.42995 22.95889 52.43820 65.86085 17.96798 49.23373 44.00442 67.60413 24.85147 17.36591 58.18985 64.45461 34.20835 53.19821 45.85048 22.63703 39.15784 72.89261 58.84516 41.13629 47.78684 22.88073 57.90139 37.99542 20.34921 53.20086 28.83148 x 19.93068 29.10462 55.25874 38.39029 58.63275 29.45803 38.39460 50.92180 24.08422 26.83641 35.30259 24.95561 48.22785 53.72301 39.89557 47.47562 33.44698 35.41751 56.82484 41.92797 47.88305 48.85940 63.12015 42.20912 27.49934 30.35404 54.32128 64.07346 41.61413 45.71494 42.35949 28.81754 48.52796 13.92468 65.26445 30.83490 37.50172 50.45970 32.21296 24.69582 23.76123 36.30856 31.07947 52.59654 39.62069 50.32840 61.14037 46.00180 25.05475 42.72482 58.42444 49.34828 19.28011 48.53728 56.21022 38.01620 71.53997 39.48793 56.27783 48.14641 64.17890 56.51989 49.18195 35.85753 53.02811 38.05023 37.39395 47.63456 54.97275 29.20134 39.78666 
26.48325 11.49108 3.02821 32.50752 50.31044 20.29597 39.57364 30.95473 68.63563 26.08041 19.69390 60.51784 46.51574 36.53634 35.25934 42.64882 2.70635 29.49775 57.34220 38.91448 26.71350 49.21412 25.20872 37.97071 30.07674 40.27989 45.28218 23.18870 19.93068 x 20.99163 35.32806 36.43192 56.65822 31.78602 23.53291 38.88180 16.16554 28.06535 27.38391 5.02493 40.11486 38.86132 19.96489 27.54494 13.51630 22.36782 42.40205 30.94104 29.94418 34.43661 45.18128 24.27025 9.56047 19.88810 52.32884 56.10790 21.68345 25.78426 25.27652 31.14553 40.60928 6.00600 50.40276 12.89603 25.03818 35.59801 12.28228 27.02381 24.99017 28.13006 11.14879 50.62201 19.69001 32.38953 50.32960 48.32979 12.00506 34.80614 38.49376 31.40941 20.50905 40.61860 36.27954 18.08552 51.60929 19.55725 38.33896 39.96791 51.99239 40.55417 31.24308 55.78821 45.10943 26.38839 19.45508 29.69569 35.04207 21.28266 42.11465 
39.51967 23.80275 24.01984 41.97028 60.23365 12.34078 49.14413 38.37722 61.97693 19.22427 11.73871 52.56265 58.82741 28.58115 47.57101 40.22328 23.69798 50.48938 67.26541 51.95090 35.50909 32.73503 17.25353 58.04519 42.02051 49.45383 57.22595 23.20428 29.10462 20.99163 x 48.36448 32.76309 48.84762 23.83083 32.76740 45.29460 28.10931 21.20921 48.37554 26.01656 19.12323 35.38066 40.95652 37.00770 34.50793 29.79031 51.19764 45.42102 42.25585 43.23220 57.49295 36.58192 21.87214 24.72684 41.08667 54.28833 36.16343 40.26424 36.73229 23.19034 52.55305 26.99763 59.63725 25.20770 33.41070 44.83250 33.27391 19.06862 18.13403 7.20394 24.18521 42.81141 40.68164 44.70120 32.03575 40.37460 19.42755 38.63380 54.22271 43.72108 13.65291 52.56237 56.50324 39.07715 67.33824 40.54888 50.65063 19.04179 58.55170 27.41527 43.55475 64.96215 63.08308 8.94561 31.76675 34.29957 56.03370 25.11032 34.15946 
8.84481 31.60372 38.35627 18.34413 70.42308 43.74135 43.35945 42.41060 69.27993 46.79644 43.13928 78.29378 51.61090 45.15417 36.98686 40.88456 38.03441 43.39164 77.45484 51.94496 49.03646 31.57568 48.49023 51.28297 52.78303 50.07939 34.55531 49.13849 55.25874 35.32806 48.36448 x 32.98067 58.35436 55.23140 28.62807 45.95588 51.49360 48.78138 52.71547 30.30313 63.12184 43.95648 33.27715 13.38155 27.41019 46.34168 64.72501 28.50063 37.67515 41.31335 65.29392 19.73507 33.53433 40.00074 54.04289 63.79507 19.24304 23.34385 32.59296 42.55342 42.25049 41.33406 55.49792 36.86989 38.93207 40.69317 40.95976 50.46919 45.70620 41.16054 24.17927 52.31815 38.17947 11.61579 58.06057 52.51294 35.97892 48.72724 21.13730 33.13693 41.22508 63.32489 38.35546 53.41358 34.25283 40.07381 58.45160 52.99839 72.10503 52.80837 38.97405 91.11627 70.44099 39.41887 24.55024 47.94550 24.58899 47.23245 65.39616 
41.82548 33.08842 39.46013 14.63654 61.90870 20.42231 49.57702 38.70301 60.23296 28.50994 21.02438 50.81868 68.11308 26.83718 43.20443 26.60569 39.13827 49.60921 68.94046 50.83223 43.59062 40.41567 15.50956 34.47285 40.27654 56.29696 55.48198 32.48995 38.39029 36.43192 32.76309 32.98067 x 61.08708 31.91236 42.05307 31.67701 26.36534 30.49488 56.54056 35.69335 51.88632 27.08341 16.46703 19.59912 33.62776 39.07598 59.27917 34.71820 33.96756 51.31373 66.77862 45.86759 31.15781 32.80837 56.77561 66.52779 25.46061 29.56142 46.01796 9.57275 50.80908 35.16265 68.92292 34.49337 42.69637 54.11817 24.14964 27.15015 27.41970 39.96703 41.81721 55.05087 50.35843 38.12839 54.35298 48.45613 28.71322 34.44837 47.64990 39.35450 22.93858 50.81840 64.86806 54.51744 60.76543 31.42461 59.93630 43.42228 60.22675 59.02594 35.26646 74.24782 72.36875 41.70870 41.05242 42.09454 46.90943 34.39599 32.41549 
65.73428 49.02836 59.68643 49.28157 87.47670 40.66477 75.95878 67.03440 74.25342 48.75240 41.26684 73.99725 70.49512 40.85764 59.23872 47.66485 59.36457 65.88289 94.50846 22.63413 29.94472 43.13181 45.57752 60.70336 45.09843 78.98196 69.09709 40.30683 58.63275 56.65822 48.84762 58.35436 61.08708 x 51.14740 47.51229 52.73617 52.86451 48.45226 71.68407 51.63329 48.12376 62.84070 58.57493 54.24415 58.22305 37.72197 45.63327 69.36323 36.94548 22.22161 71.05936 38.61929 47.09775 53.05083 7.76095 5.44071 60.10564 57.54907 51.47718 51.51433 34.56589 53.67745 50.75228 50.43331 46.70117 59.57739 50.89232 46.38519 45.37708 41.64368 50.39982 6.03621 57.06369 46.73857 54.73310 12.63095 48.08473 51.92427 55.67908 55.38879 43.18104 55.64029 71.85198 74.74374 68.79461 43.61735 64.21704 53.48153 85.79475 61.85501 35.64658 38.71375 71.56417 39.90201 43.43446 32.94742 52.22739 38.40079 62.48345 
48.21941 24.15616 34.81423 46.54890 60.58706 11.49005 49.49754 38.73063 61.12620 19.57768 12.09212 51.71192 59.18082 27.73042 47.92442 39.37255 34.49237 56.95135 67.61882 60.65064 21.20268 29.99910 16.40280 55.30926 41.16978 49.80724 56.37522 23.55769 29.45803 31.78602 23.83083 55.23140 31.91236 51.14740 x 33.12081 44.44387 27.25858 21.56262 57.43380 26.76109 42.95406 48.39222 48.37939 42.37833 44.68399 30.14372 36.89123 45.77443 28.01394 28.92579 57.84636 36.93533 22.22555 23.87611 46.83593 56.58811 36.51684 40.61765 37.08570 22.33961 51.70232 36.05589 59.99066 25.56111 33.76411 45.18591 44.06830 4.76221 18.48744 20.21550 32.88495 45.11119 41.42617 45.05461 45.80156 39.52387 19.78096 38.98721 54.57612 44.07449 14.00632 51.71164 58.91492 49.87154 67.69165 43.34388 51.00404 32.05335 58.90511 40.42683 26.71504 65.31556 63.43649 18.47383 32.12016 42.36077 58.02781 25.46373 33.30873 
37.47288 12.04183 26.56112 35.22658 50.86119 21.63076 41.63398 35.36670 58.49702 24.68585 21.02869 61.85263 31.13849 37.87113 19.88209 49.51326 26.23926 48.55111 57.89295 52.39753 31.12547 51.44962 26.54351 56.67946 51.31049 55.23886 39.95180 28.66586 38.39460 23.53291 32.76740 28.62807 42.05307 47.51229 33.12081 x 54.58458 37.39929 26.67079 50.91682 18.50798 43.90973 15.32841 38.67364 30.26400 32.56966 26.77979 46.81402 33.66010 34.35615 38.84858 45.73203 8.89300 13.97244 20.43885 43.20082 52.95300 24.40251 21.61838 3.96489 32.48032 47.64698 29.53891 26.86985 17.30800 38.87228 12.06510 35.81519 28.35860 23.59561 39.97134 24.63184 41.47608 9.55140 17.01228 53.09044 48.07082 16.41703 44.09538 26.53379 16.03216 19.11449 61.85235 43.75195 41.47858 39.64932 40.91637 38.88971 31.66728 52.54314 57.96784 34.00392 74.25213 60.07256 39.87144 4.07783 30.24644 29.98548 30.57190 43.44944 
54.80069 45.61993 36.49731 27.61175 75.51339 32.95382 51.42284 51.67822 72.76447 41.04145 33.55589 63.35019 51.83750 39.36869 51.27647 5.07132 36.17545 41.34695 77.55794 30.10204 56.12213 52.94718 28.04107 66.14986 52.56634 64.36900 68.01349 28.34352 50.92180 38.88180 45.29460 45.95588 31.67701 52.73617 44.44387 54.58458 x 38.89685 36.48895 50.67078 43.90673 57.50364 58.76042 48.14404 32.57433 25.36550 51.60749 71.81068 42.79024 26.80350 63.84524 79.31013 58.39910 43.68932 45.33988 53.39023 47.29546 33.53265 37.63346 58.54947 22.10426 42.03380 41.71414 67.29784 43.85165 34.73786 61.30490 51.16408 39.68166 33.41377 52.49854 47.26673 55.11497 58.57181 57.57167 44.59112 60.98764 41.24473 12.91400 63.14699 47.42654 35.47009 63.10820 59.88867 51.55462 76.26252 58.27021 72.46781 64.33639 73.83144 67.09798 25.50460 80.56850 68.39630 54.24021 53.58393 62.23511 59.69530 26.43748 38.22933 
42.64879 27.65662 19.19375 41.00188 49.30284 15.76853 50.93717 43.00911 55.57918 23.85616 16.37060 46.16490 62.68128 22.18340 51.42488 33.82553 18.87189 40.86128 56.33460 36.37550 38.93684 35.76189 10.85578 54.13625 13.91120 44.43343 29.11664 27.34224 24.08422 16.16554 28.10931 51.49360 26.36534 52.86451 27.25858 37.39929 38.89685 x 25.84110 31.53745 21.19047 47.23254 52.72770 36.13043 43.71048 29.68184 34.42220 54.62539 47.10658 46.10972 46.65995 61.34682 40.43579 25.72601 28.15459 52.12183 47.42380 37.84899 41.94980 41.36418 16.79259 24.44374 10.15954 64.26914 29.06157 33.73658 49.46439 28.44782 22.49637 22.76592 35.31325 27.31433 50.39709 35.85555 48.55507 60.14506 43.80235 24.05944 38.95968 42.53465 47.57495 18.28480 24.45306 52.44508 34.25106 55.65018 35.72279 54.50450 47.15110 50.98479 55.52458 47.40862 59.94175 49.26297 37.05492 35.62062 45.86123 42.10524 25.43620 27.76171 
44.49874 20.43549 31.09356 43.62024 45.17480 10.07257 27.93492 36.10901 59.70872 13.12766 9.47050 48.95905 55.46015 26.31294 44.20375 31.41763 30.77170 38.01081 52.20656 49.61674 33.24088 39.89143 14.98532 60.89502 39.75230 47.18562 47.46542 8.14543 26.83641 28.06535 21.20921 48.78138 30.49488 48.45226 21.56262 26.67079 36.48895 25.84110 x 46.70604 23.04042 40.33244 41.99920 42.88920 38.65766 29.87373 27.52210 48.92943 42.05376 38.88859 40.96399 54.12569 33.21466 18.50488 22.45863 46.42587 53.89297 32.79617 36.89698 30.63568 20.92213 37.68498 25.32813 50.91183 21.84044 18.35185 38.73589 35.20659 16.80041 3.07518 28.41315 29.16428 44.70113 36.22219 41.33394 53.24496 38.10639 17.15934 23.57495 46.86813 40.35382 7.55630 50.29416 43.50266 46.15087 59.98366 27.93162 47.28337 40.25100 43.49285 48.62448 40.18749 62.69394 60.81487 30.15482 28.39949 38.60155 43.41644 10.05147 31.89125 
53.86716 38.87499 30.41212 44.29650 52.56658 45.94375 19.39972 58.33864 77.59889 53.46432 46.54582 76.34012 73.89965 52.35862 51.21625 55.74210 30.09026 9.32383 45.53482 66.29839 54.09741 65.93711 41.03100 65.35462 45.44865 55.65180 60.21105 38.56061 35.30259 27.38391 48.37554 52.71547 56.54056 71.68407 57.43380 50.91682 50.67078 31.53745 46.70604 x 32.40884 67.49877 66.24523 47.34880 39.33392 25.30528 33.96210 57.30000 42.73002 38.26124 61.82052 72.56519 51.65416 36.94438 47.27201 63.92312 77.12478 33.47243 37.57324 52.66043 46.96781 55.98119 21.37791 69.38714 40.27994 36.82716 61.96852 39.66619 52.67159 43.63086 55.51397 38.53270 65.64786 47.07392 58.74896 58.64666 72.24260 39.38897 50.17805 65.87767 47.36632 47.89296 55.99051 61.97797 45.46943 61.12847 46.94116 65.72287 67.35182 54.24853 67.03776 39.56014 71.16012 17.72552 53.77230 46.83899 57.07960 62.42598 36.65457 57.93693 
21.45832 6.46615 8.05314 29.65090 45.28551 15.27104 42.94324 25.92980 63.61070 21.05548 14.66897 55.49291 41.49081 31.51141 30.23441 43.15354 7.73128 34.52268 52.31727 33.88955 21.68857 44.18919 20.18379 42.99564 35.10167 45.30482 50.30412 25.03549 24.95561 5.02493 26.01656 30.30313 35.69335 51.63329 26.76109 18.50798 43.90673 21.19047 23.04042 32.40884 x 39.84710 33.83639 24.98982 24.68832 18.54123 17.34289 37.37712 28.08442 24.91925 29.41168 40.15635 19.24532 4.53554 14.86317 47.30391 51.08297 18.82683 22.92764 20.25159 26.12060 45.63421 11.03093 45.37783 7.87110 30.06311 30.57308 17.30721 21.99888 19.96524 23.10513 6.12386 45.59708 14.66508 27.36460 45.30467 43.30486 6.98013 39.83107 36.88611 26.38448 15.48412 45.64353 41.30447 23.11045 50.00164 24.58218 33.31403 34.94298 46.96746 43.31646 26.21815 60.81314 50.13436 21.36346 14.43015 24.67076 40.06700 26.30759 37.08972 
58.64290 33.38095 43.14307 52.62896 72.20031 31.46401 59.79359 56.70582 81.10016 38.34750 30.86194 49.16488 66.89256 47.70438 55.63616 52.43232 42.82121 62.23535 79.23207 70.75789 52.46459 51.85826 36.37676 58.80967 61.14374 68.57706 58.20079 42.32751 48.22785 40.11486 19.12323 63.12184 51.88632 48.12376 42.95406 43.90973 57.50364 47.23254 40.33244 67.49877 39.84710 x 54.50389 40.80385 49.74029 52.04595 48.11891 44.61223 53.13639 33.29794 60.18770 53.28828 44.64707 35.31156 41.77797 55.88471 53.56447 43.87880 39.77799 47.87462 42.31357 58.99259 46.12086 70.77958 37.67667 52.53393 55.97483 33.12124 38.19185 37.25726 26.32717 43.30844 54.15997 53.46113 52.76635 12.91252 59.49783 37.75615 57.75703 44.78278 51.78623 32.77614 71.68560 37.38001 55.57403 57.89831 25.84627 46.44596 38.16502 73.88226 46.53850 31.99904 84.08538 55.89267 28.06884 39.83190 15.17634 41.33109 44.23355 53.28269 
52.80129 27.37024 41.88953 41.71995 66.18960 36.95917 56.96239 45.92220 73.82543 40.01426 36.35710 77.18104 46.46690 53.19954 35.21050 53.68910 41.56767 63.87952 73.22136 51.16801 46.45388 53.70781 41.87192 61.55626 49.76879 70.56727 38.44445 43.99427 53.72301 38.86132 35.38066 43.95648 27.08341 62.84070 48.39222 15.32841 58.76042 52.72770 41.99920 66.24523 33.83639 54.50389 x 43.55044 45.59241 47.89807 42.10820 57.46716 48.98851 39.11595 54.17699 61.06044 24.22141 29.30085 35.76726 58.52923 68.28141 39.73092 36.94679 19.29330 36.65616 39.23625 44.86732 42.19826 32.63641 54.20069 27.39351 44.33454 43.68701 38.92402 28.17672 39.96025 56.80449 24.87981 32.34069 59.50137 63.39923 31.74544 59.42379 25.02644 31.36057 34.44290 60.31065 42.24460 56.80699 38.14197 37.05957 54.21812 16.33887 67.87155 48.38805 40.41485 89.58054 75.40097 29.91839 19.40624 45.57485 21.57475 45.90031 58.77785 
42.12196 31.45597 22.99310 31.10357 45.44167 36.88934 59.53853 50.91962 67.11008 44.97697 37.49141 67.28571 61.65647 43.30421 50.40007 43.07272 22.67124 49.46264 52.47343 54.44477 46.67839 43.31598 31.97659 18.00582 31.98047 60.24478 44.60088 43.15359 39.89557 19.96489 40.95652 33.27715 16.46703 58.57493 48.37939 38.67364 48.14404 36.13043 42.88920 47.34880 24.98982 40.80385 43.55044 x 36.06615 33.48119 42.33271 62.36694 50.90593 49.90907 51.35892 63.73945 29.78064 29.52536 39.85299 64.08846 64.01564 41.64834 45.74915 42.63853 26.03978 42.51301 25.97089 65.54349 32.86092 45.00307 50.73874 7.68261 43.61718 39.81402 48.09495 31.11368 62.36372 39.65490 21.66136 53.71637 62.55851 31.96995 50.91540 31.18287 46.55014 39.40561 42.52233 48.40103 38.05041 44.29840 14.95758 56.89713 59.88931 43.75972 60.51906 51.20797 75.75310 65.07432 46.35328 34.59581 25.62751 30.44240 41.24755 48.88252 
22.22636 18.22217 25.16045 4.96258 57.04153 30.88828 29.97790 29.02905 55.89838 36.67272 30.28621 70.41780 53.24683 46.43630 23.60531 27.50301 24.83859 30.01009 64.07329 41.15827 37.30581 44.95723 35.10868 54.07197 57.62168 36.69784 47.93686 35.75694 47.47562 27.54494 37.00770 13.38155 19.59912 54.24415 42.37833 30.26400 32.57433 43.71048 38.65766 39.33392 24.68832 49.74029 45.59241 36.06615 x 14.02864 32.96013 52.99436 15.11908 24.29360 45.02892 51.91237 31.00134 20.15278 26.61919 49.93268 58.35169 5.86149 9.96230 34.22889 29.17187 53.09003 33.55094 57.13385 23.48834 25.55052 42.32910 39.82722 37.61612 35.58248 29.80376 23.39626 48.20794 39.35340 24.99734 44.67902 41.61320 22.59737 35.34569 34.51885 19.75538 31.10136 68.16354 50.70133 40.21776 47.63438 45.23388 45.07005 41.64161 58.72348 39.42682 25.59250 83.33315 57.05944 31.54543 26.18617 34.56395 37.97054 33.85090 52.01461 
36.25500 20.52783 11.13181 18.99122 59.22420 33.19394 26.05734 43.05769 58.20404 36.85103 32.59187 62.54192 55.55249 49.43431 25.91097 30.43682 10.80995 15.98145 52.19244 49.66692 39.61147 58.98587 38.10669 51.48701 43.59304 39.00350 58.79848 21.72830 33.44698 13.51630 34.50793 27.41019 33.62776 58.22305 44.68399 32.56966 25.36550 29.68184 29.87373 25.30528 18.54123 52.04595 47.89807 33.48119 14.02864 x 35.26579 55.30002 17.42474 38.32224 47.33458 54.21803 33.30700 22.45844 28.92485 63.96132 63.66376 8.16715 12.26796 36.53455 43.20051 51.26785 19.52230 44.08186 25.79400 11.52188 44.63476 25.79858 39.92178 26.79855 38.88250 21.90123 62.23658 33.20631 39.02598 58.70766 55.64184 24.90303 33.34574 48.54749 22.06104 31.27967 54.13490 36.67269 26.18912 61.66302 33.07355 47.37571 50.72035 60.90615 41.73248 39.62114 69.30451 43.03080 37.14083 28.49183 36.86961 48.55837 19.82226 55.01262 
38.80121 14.73796 25.39603 37.92271 53.55732 18.65367 51.21505 29.31243 68.28982 25.53716 18.05160 58.87554 49.76262 34.89404 38.50622 46.53617 25.07417 43.28593 60.58908 51.23244 29.96038 48.47253 23.56642 60.33853 48.33340 55.76672 58.57593 29.51717 35.41751 22.36782 29.79031 46.34168 39.07598 37.72197 30.14372 26.77979 51.60749 34.42220 27.52210 33.96210 17.34289 48.11891 42.10820 42.33271 32.96013 35.26579 x 45.64893 36.35623 33.19106 37.68349 48.42816 27.51713 12.80735 23.13498 29.96102 43.16268 27.09864 31.19945 30.74468 29.50323 58.86594 28.37382 42.81117 16.14291 39.72359 28.00642 34.65010 25.38151 24.44692 36.99425 23.46675 31.68576 32.00797 35.63641 53.57648 38.28050 10.36276 44.94669 45.15792 34.65629 19.96580 58.87526 58.64736 40.45334 58.27345 41.92507 41.58584 48.83210 55.23927 57.20558 34.48996 71.27504 51.68762 38.70635 22.70196 32.94257 48.60961 31.42321 40.47235 
58.83544 34.77219 45.43026 57.95694 69.48731 38.85686 71.24928 54.23584 88.49301 46.94449 39.45893 79.07873 69.79685 55.09723 58.54045 66.73936 45.10840 66.62383 76.51907 68.26740 15.68855 44.32186 43.76961 61.89341 68.53659 65.45080 76.04874 50.92450 56.82484 42.40205 51.19764 64.72501 59.27917 45.63327 36.89123 46.81402 71.81068 54.62539 48.92943 57.30000 37.37712 44.61223 57.46716 62.36694 52.99436 55.30002 45.64893 x 43.87204 47.26186 23.41166 68.46239 47.55136 32.84158 43.16921 41.32180 51.07398 47.13287 51.23368 50.77891 49.70642 79.06913 48.40805 73.68387 36.17714 61.13092 58.87912 54.68433 32.12902 45.85425 52.96614 43.50098 39.59706 52.04220 53.10922 31.69971 46.19180 35.28617 66.35402 62.63073 54.69052 41.37313 79.07845 56.16720 60.48757 75.74626 61.95930 61.62007 41.12829 71.16926 73.17747 48.56076 84.34702 75.02552 54.70781 42.73619 52.97680 66.08242 52.83054 60.67554 
37.34544 21.61827 28.55655 20.08166 60.43763 34.28438 33.37400 44.14813 59.29448 40.06882 33.68231 74.50625 56.64293 50.52475 27.00141 42.62209 28.23469 33.40619 67.46939 54.55805 40.70191 60.07631 39.19713 59.35108 61.01778 21.57876 47.64560 39.15304 41.92797 30.94104 45.42102 28.50063 34.71820 69.36323 45.77443 33.66010 42.79024 47.10658 42.05376 42.73002 28.08442 53.13639 48.98851 50.90593 15.11908 17.42474 36.35623 43.87204 x 39.41268 48.42502 55.30847 34.39744 23.54888 30.01529 65.05176 71.75147 9.25759 13.35840 37.62499 44.29095 55.34078 36.94704 60.52995 26.88444 28.94662 45.72520 43.22332 41.01222 38.97858 43.77363 26.79236 63.32702 42.74950 40.11642 59.79810 56.73228 25.99347 50.46477 34.22759 23.15148 34.49746 71.55964 51.44575 43.61386 47.34312 48.62998 48.46615 55.61148 62.11958 41.57645 40.71158 77.78550 60.45554 42.03196 29.58227 37.96005 37.67928 37.24700 56.10306 
46.37757 22.31432 32.97239 19.33102 61.13368 31.11921 39.01330 41.77797 80.19198 36.90365 30.51714 71.34108 57.33898 47.10597 46.08258 21.73218 32.65053 28.93741 65.14840 46.76290 37.53674 33.52748 36.03196 58.83764 60.02092 60.99144 66.15229 40.88366 47.88305 29.94418 42.25585 37.67515 33.96756 36.94548 28.01394 34.35615 26.80350 46.10972 38.88859 38.26124 24.91925 33.29794 39.11595 49.90907 24.29360 38.32224 33.19106 47.26186 39.41268 x 45.25985 56.00452 35.09349 20.38371 30.71134 29.18453 42.38619 30.15509 34.25590 38.32104 38.76512 58.69466 35.95018 61.22600 17.04815 49.84412 46.42125 42.22646 32.77615 35.81341 48.02438 31.04311 30.90927 39.58433 43.21277 20.38542 37.50401 22.82830 29.57486 52.73428 42.23265 31.33229 70.56278 44.85291 48.02970 65.84981 49.50143 49.16220 55.45482 62.81563 63.72042 1.29890 75.65923 55.98676 46.28271 30.27832 39.54848 56.18597 42.78970 52.93789 
43.64107 26.80675 37.46482 49.99150 65.62611 30.89142 63.28384 46.27040 67.88447 38.97905 31.49349 67.62830 61.83141 34.48869 50.57501 58.77392 37.14296 63.31603 72.65787 44.85574 7.72311 20.91020 35.80417 38.48175 60.57115 69.20861 52.63708 42.95906 48.85940 34.43661 43.23220 41.31335 51.31373 22.22161 28.92579 38.84858 63.84524 46.65995 40.96399 61.82052 29.41168 60.18770 54.17699 51.35892 45.02892 47.33458 37.68349 23.41166 48.42502 45.25985 x 60.49695 37.81684 24.87614 35.20377 17.91014 27.66232 39.16743 43.26824 42.81347 41.74098 56.78750 40.44261 65.71843 28.21170 53.16548 50.91368 46.71889 24.16358 37.88881 46.44129 35.53554 16.18540 44.07676 29.69756 55.11137 22.78014 27.32073 58.38858 39.21907 46.72508 33.40769 71.11301 56.43723 52.52213 52.33460 53.99386 53.65463 58.27914 64.23565 66.65262 45.79577 60.93536 70.97626 44.69962 34.77075 45.01136 42.67076 44.86510 52.49945 
61.61467 33.69020 48.20949 56.87495 72.50956 46.35631 70.16729 57.01507 95.99246 52.14075 45.75424 86.57818 68.71486 62.59668 57.45846 74.23881 47.88763 70.19948 79.54132 74.04590 52.77384 76.17517 51.26906 81.74527 75.25802 76.88723 77.52817 56.12076 63.12015 45.18128 57.49295 65.29392 66.77862 71.05936 57.84636 45.73203 79.31013 61.34682 54.12569 72.56519 40.15635 53.28828 61.06044 63.73945 51.91237 54.21803 48.42816 68.46239 55.30847 56.00452 60.49695 x 46.46937 35.62081 42.08722 78.38918 76.50007 46.05088 50.15169 49.69692 57.20587 81.92819 51.18728 72.60188 38.95637 65.73991 57.79713 56.05684 53.08415 51.05051 63.26148 46.28021 76.68235 54.82143 54.58865 66.20080 74.39013 38.06540 71.55028 64.11016 53.60853 46.56939 85.79988 81.32832 63.26680 77.22569 48.78187 6.84232 75.09933 74.19151 79.61621 55.65229 98.97768 81.72093 61.51981 41.65420 38.11194 64.26669 58.02680 68.17499 
28.57988 12.77917 27.29846 35.96392 51.59853 25.44528 42.37132 36.10404 67.39002 31.22972 24.84321 65.66715 31.87583 41.68565 20.61943 53.32778 26.97660 49.28845 58.63029 50.68574 31.86281 51.31075 30.35803 47.78646 49.28652 55.97620 31.05880 35.20973 42.20912 24.27025 36.58192 19.73507 45.86759 38.61929 36.93533 8.89300 58.39910 40.43579 33.21466 51.65416 19.24532 44.64707 24.22141 29.78064 31.00134 33.30700 27.51713 47.55136 34.39744 35.09349 37.81684 46.46937 x 14.70978 21.17619 34.30782 44.06000 25.13985 22.35572 12.85789 36.29484 38.75398 30.27625 35.76285 18.04534 44.82888 20.95810 36.55253 32.17312 30.13948 42.35045 25.36918 32.58308 18.44440 8.11928 53.82778 39.17782 17.15437 50.63925 17.64079 16.76950 25.65836 59.82838 34.85895 42.21592 30.75632 36.57730 39.62705 40.56028 53.28048 58.70518 34.74126 77.33304 60.80990 40.60878 4.81517 30.98378 21.09248 37.11577 47.26396 
25.99386 1.93061 12.58868 25.11536 40.74997 10.73550 38.40770 21.39426 60.37165 16.51994 10.13343 50.95737 36.95527 26.97587 25.69887 38.61800 12.26682 38.43989 47.78173 38.42509 17.15303 40.55436 15.64825 47.53118 39.63721 45.12764 45.76858 20.49995 27.49934 9.56047 21.87214 33.53433 31.15781 47.09775 22.22555 13.97244 43.68932 25.72601 18.50488 36.94438 4.53554 35.31156 29.30085 29.52536 20.15278 22.45844 12.80735 32.84158 23.54888 20.38371 24.87614 35.62081 14.70978 x 10.32763 42.76837 52.53846 14.29129 18.39210 17.93733 21.58506 50.03950 15.56647 40.84229 3.33556 30.70637 26.03754 21.84275 17.46334 15.42970 27.64067 10.65940 41.06154 19.20062 22.82906 40.76913 38.76932 2.44459 35.92947 32.35057 21.84894 10.94858 50.17907 45.84001 27.64599 45.46610 29.11772 28.77849 39.47852 42.43192 47.85200 21.68261 63.35687 46.10012 25.89900 9.89461 20.13522 35.80226 22.40599 32.55418 
36.32149 8.39702 22.91631 31.58177 47.21638 12.38606 44.87411 31.72189 62.02221 20.47369 12.98813 52.60793 43.42168 28.62643 32.16528 40.26856 22.59445 44.90630 54.24814 48.75272 27.48066 42.20492 17.29881 57.85881 42.06579 50.70325 52.23499 24.45370 30.35404 19.88810 24.72684 40.00074 32.80837 53.05083 23.87611 20.43885 45.33988 28.15459 22.45863 47.27201 14.86317 41.77797 35.76726 39.85299 26.61919 28.92485 23.13498 43.16921 30.01529 30.71134 35.20377 42.08722 21.17619 10.32763 x 48.73936 58.49154 20.75770 24.85851 24.40374 23.23562 52.59833 25.89410 47.30870 13.66319 34.66012 32.50395 32.17038 19.11390 19.38345 31.93078 20.98703 47.01462 29.52825 29.29547 49.44563 40.41988 12.77222 39.88322 38.81698 28.31535 14.90233 52.60765 56.03514 37.97362 51.93251 37.27156 35.24490 43.76863 48.89833 52.14211 30.35911 66.21157 56.42775 33.67245 16.36102 26.60163 42.26867 26.35974 34.20474 
61.55121 44.69898 55.35705 44.97010 83.51834 36.35330 68.19783 59.27345 82.01437 44.44093 36.95537 76.57517 66.18365 48.61859 54.92725 48.31891 55.03519 58.12194 90.55010 30.39508 25.63325 38.82034 41.26605 56.39189 52.85938 74.67049 65.36662 48.06778 54.32128 52.32884 41.08667 54.04289 56.77561 7.76095 46.83593 43.20082 53.39023 52.12183 46.42587 63.92312 47.30391 55.88471 58.52923 64.08846 49.93268 63.96132 29.96102 41.32180 65.05176 29.18453 17.91014 78.38918 34.30782 42.76837 48.73936 x 13.20166 55.79417 56.66354 47.16571 47.20286 42.32684 58.33484 58.51323 46.10393 54.46212 55.26592 58.65327 42.07372 43.35069 33.88273 47.38066 1.72474 52.75222 42.42710 46.97215 8.31948 40.32378 56.16159 51.94861 51.07732 38.86957 63.40124 69.16677 70.41436 65.06414 51.37830 71.54686 45.72058 82.14579 54.09406 27.88563 46.47470 67.25270 32.14106 39.12299 40.70837 55.40030 46.16174 58.17198 
60.29357 54.46907 59.13611 53.38911 92.91741 46.10548 81.39949 72.47511 79.69413 54.19311 46.70755 79.43796 75.93583 46.29835 64.67943 42.22414 58.81425 71.32360 99.94917 17.19342 35.38543 48.57252 51.01823 66.14407 39.65772 84.42267 63.65638 45.74754 64.07346 56.10790 54.28833 63.79507 66.52779 5.44071 56.58811 52.95300 47.29546 47.42380 53.89297 77.12478 51.08297 53.56447 68.28141 64.01564 58.35169 63.66376 43.16268 51.07398 71.75147 42.38619 27.66232 76.50007 44.06000 52.53846 58.49154 13.20166 x 62.49388 62.98978 56.91789 56.95504 29.12518 57.58334 45.31157 55.87402 52.14188 60.11632 56.33303 51.82590 50.81779 47.08439 44.95911 11.47692 62.50440 52.17928 60.17381 18.07166 53.52544 50.06682 50.23837 60.82950 48.62175 50.19958 67.45653 74.19342 63.35390 49.05806 69.65775 58.92224 91.23546 67.29572 41.08729 33.27304 77.00488 45.34272 48.87517 38.38813 46.78668 43.84150 67.92416 
28.08785 12.36068 19.29896 10.82407 51.18004 25.02679 24.11641 34.89054 50.03689 30.81123 24.42472 65.24866 47.38534 41.26716 17.74382 33.36450 18.97710 24.14860 58.21180 45.30046 31.44432 50.81872 29.93954 59.65416 51.76019 30.83635 53.79835 29.89545 41.61413 21.68345 36.16343 19.24304 25.46061 60.10564 36.51684 24.40251 33.53265 37.84899 32.79617 33.47243 18.82683 43.87880 39.73092 41.64834 5.86149 8.16715 27.09864 47.13287 9.25759 30.15509 39.16743 46.05088 25.13985 14.29129 20.75770 55.79417 62.49388 x 4.10081 28.36740 35.03336 57.23222 27.68945 51.27236 17.62685 19.68903 36.46761 33.96573 31.75463 29.72099 34.51604 17.53477 54.06943 33.49191 30.85883 50.54051 47.47469 16.73588 41.20718 40.38034 13.89389 25.23987 62.30205 44.83984 34.35627 53.49587 39.37239 39.20856 46.35389 52.86199 33.56533 31.45399 77.47166 51.19795 32.77437 20.32468 28.70246 43.83203 27.98941 46.84547 
32.18866 16.46149 23.39977 14.92488 55.28085 29.12760 20.01560 38.99135 45.93608 34.91204 28.52553 69.34947 44.60121 45.36797 21.84463 37.46531 23.07791 28.24941 62.31261 49.40127 35.54513 54.91953 34.04035 63.75497 55.86100 34.93716 53.41452 33.99626 45.71494 25.78426 40.26424 23.34385 29.56142 57.54907 40.61765 21.61838 37.63346 41.94980 36.89698 37.57324 22.92764 39.77799 36.94679 45.74915 9.96230 12.26796 31.19945 51.23368 13.35840 34.25590 43.26824 50.15169 22.35572 18.39210 24.85851 56.66354 62.98978 4.10081 x 25.58327 39.13417 61.10970 31.79026 48.48823 21.72766 23.78984 33.68348 38.06654 35.85544 33.82180 38.61685 21.63558 54.93880 31.16978 30.47500 52.69051 51.57550 20.83669 45.30799 39.99651 17.99470 29.34068 66.40286 48.94065 38.45708 53.11204 35.27158 43.30937 50.45470 56.96280 37.66614 35.55480 81.57247 55.29876 36.87518 17.54055 24.60165 43.44820 32.09022 50.94628 
41.43777 16.00672 28.30473 39.19147 54.82608 25.59565 45.59887 39.33159 54.53213 28.65074 24.99358 65.81752 35.10338 41.83602 23.84698 53.47815 27.98287 52.51600 61.85784 54.14114 35.09036 55.41451 30.50840 60.64435 48.77884 59.20375 43.91669 32.63075 42.35949 25.27652 36.73229 32.59296 46.01796 51.47718 37.08570 3.96489 58.54947 41.36418 30.63568 52.66043 20.25159 47.87462 19.29330 42.63853 34.22889 36.53455 30.74468 50.77891 37.62499 38.32104 42.81347 49.69692 12.85789 17.93733 24.40374 47.16571 56.91789 28.36740 25.58327 x 36.44521 51.61187 31.28252 30.83474 21.27289 42.83717 16.02999 37.55880 32.32349 27.56050 43.35672 26.37545 45.44097 5.58651 20.97717 57.05533 52.03571 20.38192 48.06027 30.49868 19.99705 23.07938 59.32070 47.71684 43.07485 43.61421 44.83377 42.85460 35.63217 56.50803 61.93273 37.96881 78.21702 64.03745 41.61505 8.04272 34.21133 33.95037 34.53679 47.41433 
47.57892 23.51567 34.17374 24.20929 59.94657 10.84956 48.85705 38.09014 50.66021 18.93719 11.45163 41.24593 58.54033 17.26443 47.28393 17.03294 33.85188 56.29164 66.97833 42.06366 34.01787 30.84292 5.93681 44.04560 30.70379 49.16675 45.90923 22.91720 28.81754 31.14553 23.19034 42.55342 9.57275 51.51433 22.33961 32.48032 22.10426 16.79259 20.92213 46.96781 26.12060 42.31357 36.65616 26.03978 29.17187 43.20051 29.50323 49.70642 44.29095 38.76512 41.74098 57.20587 36.29484 21.58506 23.23562 47.20286 56.95504 35.03336 39.13417 36.44521 x 41.23633 25.58990 59.35017 24.92062 33.12362 44.54542 33.72239 17.57740 17.84695 30.39428 32.24446 45.47812 40.78568 44.41412 55.22609 38.88338 19.14047 24.87562 53.93563 43.43400 13.36583 41.24565 58.27443 49.23105 67.05116 40.99736 50.36355 42.23213 58.26462 50.60561 37.46622 64.67507 62.79600 32.13595 31.47967 41.72028 56.48218 24.82324 22.84274 
51.09530 51.53315 43.63749 48.12745 73.74658 40.21227 65.61990 67.45285 80.02292 44.66228 40.81434 70.35317 70.62981 46.62714 59.37341 36.96248 43.31563 65.30502 80.77834 11.93176 63.38058 60.20563 35.29952 60.51883 10.53254 68.87717 34.53120 29.53955 48.52796 40.60928 52.55305 42.25049 50.80908 34.56589 51.70232 47.64698 42.03380 24.44374 37.68498 55.98119 45.63421 58.99259 39.23625 42.51301 53.09003 51.26785 58.86594 79.06913 55.34078 58.69466 56.78750 81.92819 38.75398 50.03950 52.59833 42.32684 29.12518 57.23222 61.10970 51.61187 41.23633 x 34.60328 72.30595 53.37506 39.74597 59.71208 40.42129 46.94011 34.60980 56.67872 39.69745 40.60210 57.19838 30.63470 62.79884 47.19684 48.50318 44.80516 21.11319 55.52348 39.09092 21.07440 38.33135 56.52537 34.22872 33.14632 75.08587 55.57512 75.02747 76.89005 57.39576 62.39822 73.70671 54.93705 43.56915 43.81625 17.66150 31.44559 52.20545 
32.48925 17.49708 9.03421 38.51352 56.31644 24.56584 40.77763 36.96073 64.37649 32.08641 25.16791 54.96221 52.52174 30.98071 41.26534 36.64282 8.71235 30.70174 63.34820 44.92048 32.71950 44.55920 19.65309 43.97671 24.07074 34.27389 39.27618 17.18270 13.92468 6.00600 26.99763 41.33406 35.16265 53.67745 36.05589 29.53891 41.71414 10.15954 25.32813 21.37791 11.03093 46.12086 44.86732 25.97089 33.55094 19.52230 28.37382 48.40805 36.94704 35.95018 40.44261 51.18728 30.27625 15.56647 25.89410 58.33484 57.58334 27.68945 31.79026 31.28252 25.58990 34.60328 x 56.13702 18.90203 23.57704 41.60401 18.28828 31.29368 22.25295 34.13606 17.15479 56.62801 25.69601 38.39553 56.33560 52.59966 18.01106 28.80014 44.49976 37.41541 26.51505 34.61260 42.28554 24.09152 57.61529 25.56325 44.34496 45.97391 57.99839 46.56017 37.24908 49.78221 39.10343 32.39439 25.46108 35.70169 41.04807 15.27666 36.55902 
64.34273 38.91168 53.43097 62.09643 77.73104 48.50061 68.50383 62.23655 85.36687 51.55570 47.89854 83.58002 58.00834 64.74098 46.75194 62.22652 53.10911 60.06331 84.76280 62.50499 57.99532 78.31947 53.41336 83.54931 78.18034 82.10871 66.82165 42.76640 65.26445 50.40276 59.63725 55.49792 68.92292 50.75228 59.99066 26.86985 67.29784 64.26914 50.91183 69.38714 45.37783 70.77958 42.19826 65.54349 57.13385 44.08186 42.81117 73.68387 60.52995 61.22600 65.71843 72.60188 35.76285 40.84229 47.30870 58.51323 45.31157 51.27236 48.48823 30.83474 59.35017 72.30595 56.13702 x 44.17785 32.55998 14.80475 62.68504 55.22845 47.83665 61.11259 51.50169 56.78849 36.42125 43.88213 79.96029 63.38323 43.28688 54.38384 53.40364 42.90201 45.98434 88.72220 57.71079 63.36991 66.51917 67.78622 65.75956 58.53713 79.41299 40.90126 60.87377 78.58461 86.94241 62.85426 30.94768 57.11629 56.85533 40.86036 70.31929 
29.32942 5.26617 15.92424 28.45092 44.08553 14.07106 41.74326 24.72982 63.70721 19.85550 13.46899 54.29293 40.29083 30.31143 29.03443 38.78033 15.60238 41.77545 51.11729 41.76065 20.48859 43.88992 18.98381 50.86674 42.97277 48.46320 49.10414 23.83551 30.83490 12.89603 25.20770 36.86989 34.49337 50.43331 25.56111 17.30800 43.85165 29.06157 21.84044 40.27994 7.87110 37.67667 32.63641 32.86092 23.48834 25.79400 16.14291 36.17714 26.88444 17.04815 28.21170 38.95637 18.04534 3.33556 13.66319 46.10393 55.87402 17.62685 21.72766 21.27289 24.92062 53.37506 18.90203 44.17785 x 34.04193 29.37310 25.17831 20.79890 18.76526 30.97623 13.99496 44.39710 22.53618 26.16462 37.43357 42.10488 5.78015 39.26503 35.68613 25.18450 14.28414 53.51463 49.17557 30.98155 48.80166 32.45328 32.11405 42.81408 45.76748 51.18756 18.34705 66.69243 49.43568 29.23456 13.23017 22.50033 39.13782 25.74155 35.88974 
47.77688 32.04971 22.65369 30.51310 57.37629 22.27406 37.57922 48.31050 69.72592 25.32915 21.67199 51.02004 60.74736 38.51443 37.43285 29.66654 22.33183 27.50333 63.71432 51.67773 45.44237 52.09292 27.18681 63.00889 47.64778 50.52538 55.78698 10.20642 37.50172 25.03818 33.41070 38.93207 42.69637 46.70117 33.76411 38.87228 34.73786 33.73658 18.35185 36.82716 30.06311 52.53393 54.20069 45.00307 25.55052 11.52188 39.72359 61.13092 28.94662 49.84412 53.16548 65.73991 44.82888 30.70637 34.66012 54.46212 52.14188 19.68903 23.78984 42.83717 33.12362 39.74597 23.57704 32.55998 34.04193 x 47.36473 37.32046 29.00190 15.27667 40.61464 33.42311 52.73738 44.72819 50.54786 49.61830 50.30788 29.36083 21.82386 42.36897 33.58292 19.75779 58.18964 25.15081 37.71100 55.48450 40.13311 58.89759 52.45249 55.69434 53.25436 50.09982 73.35925 54.55268 42.35631 40.01371 48.39149 45.82066 8.30038 44.09274 
49.53798 24.10693 38.62622 47.29168 62.92629 33.69586 53.69908 47.43180 70.56212 36.75095 33.09379 73.91773 43.20359 49.93623 31.94719 56.23358 38.30436 60.61621 69.95805 64.46263 43.19057 63.51472 38.60861 68.74456 63.37559 67.30396 52.01690 40.73096 50.45970 35.59801 44.83250 40.69317 54.11817 59.57739 45.18591 12.06510 61.30490 49.46439 38.73589 61.96852 30.57308 55.97483 27.39351 50.73874 42.32910 44.63476 28.00642 58.87912 45.72520 46.42125 50.91368 57.79713 20.95810 26.03754 32.50395 55.26592 60.11632 36.46761 33.68348 16.02999 44.54542 59.71208 41.60401 14.80475 29.37310 47.36473 x 47.88029 40.42370 35.66071 52.03644 36.69694 53.54118 21.61650 29.07738 65.15554 60.13592 28.48213 56.16048 38.59889 28.09726 31.17959 73.91745 55.81705 53.54368 51.71442 52.98147 50.95481 43.73238 64.60824 55.70601 46.06902 86.31723 72.13766 51.93654 16.14293 42.31154 42.05058 42.63700 55.51454 
38.76553 23.77336 15.31049 38.78618 53.12428 32.57825 51.85592 43.23701 74.79269 38.36269 31.97618 72.80012 58.79802 48.81862 47.54162 50.75533 14.98863 41.78003 60.15604 51.19676 38.99578 50.99859 37.49100 25.68843 39.66308 52.56217 39.62949 35.47098 32.21296 12.28228 33.27391 40.95976 24.14964 50.89232 44.06830 35.81519 51.16408 28.44782 35.20659 39.66619 17.30721 33.12124 44.33454 7.68261 39.82722 25.79858 34.65010 54.68433 43.22332 42.22646 46.71889 56.05684 36.55253 21.84275 32.17038 58.65327 56.33303 33.96573 38.06654 37.55880 33.72239 40.42129 18.28828 62.68504 25.17831 37.32046 47.88029 x 39.30609 32.13141 40.41234 23.43107 56.92853 31.97229 29.34397 46.03376 60.61207 24.28734 47.08842 26.21148 43.69169 32.79133 50.20494 43.42964 30.36780 39.32701 7.27497 49.21452 52.25019 51.44233 52.83645 43.52536 68.07049 57.39171 38.67067 31.73736 17.94490 22.75979 33.56494 54.39693 
43.45720 19.39395 30.05202 41.78669 55.82485 6.72784 44.73533 33.96842 56.36399 14.81547 7.32991 46.94971 54.41861 22.96821 43.16221 34.61034 29.73016 54.81122 62.85661 55.88843 16.44047 25.23689 11.64059 50.54705 36.40757 45.04503 51.61301 18.79548 24.69582 27.02381 19.06862 50.46919 27.15015 46.38519 4.76221 28.35860 39.68166 22.49637 16.80041 52.67159 21.99888 38.19185 43.68701 43.61718 37.61612 39.92178 25.38151 32.12902 41.01222 32.77615 24.16358 53.08415 32.17312 17.46334 19.11390 42.07372 51.82590 31.75463 35.85544 32.32349 17.57740 46.94011 31.29368 55.22845 20.79890 29.00190 40.42370 39.30609 x 13.72523 24.97771 28.12274 40.34898 36.66396 40.29240 50.56377 34.76166 15.01875 34.22500 49.81391 39.31228 9.24411 46.94943 54.15271 45.10933 62.92944 38.58167 46.24183 36.81556 54.14290 45.18904 31.47725 60.55335 58.67428 23.23604 27.35795 37.59856 53.26560 20.70152 28.54652 
41.42356 17.36031 28.01838 40.54506 42.09962 6.99739 31.01010 33.03383 56.63354 10.05248 6.39532 45.88387 52.38497 23.23776 41.12857 28.34245 27.69652 41.08599 49.13138 46.54156 30.16570 36.81625 11.91014 57.81984 36.67712 44.11044 44.39024 5.07025 23.76123 24.99017 18.13403 45.70620 27.41970 45.37708 18.48744 23.59561 33.41377 22.76592 3.07518 43.63086 19.96524 37.25726 38.92402 39.81402 35.58248 26.79855 24.44692 45.85425 38.97858 35.81341 37.88881 51.05051 30.13948 15.42970 19.38345 43.35069 50.81779 29.72099 33.82180 27.56050 17.84695 34.60980 22.25295 47.83665 18.76526 15.27667 35.66071 32.13141 13.72523 x 25.33797 26.08910 41.62595 33.14701 38.25876 50.16978 35.03121 14.08416 20.49977 43.79295 37.27864 4.48112 47.21898 40.42748 43.07569 56.90848 24.85644 44.20819 37.17582 40.41767 45.54930 37.11231 59.61876 57.73969 27.07964 25.32431 35.52637 40.34126 6.97629 28.81607 
32.31573 29.57128 31.15827 34.76634 67.43759 19.54472 56.34807 41.42118 69.18087 26.42821 18.94265 59.76659 61.34937 35.78509 52.25986 47.42722 30.83641 54.86395 74.46935 44.74696 41.41818 25.53109 24.45747 50.84125 49.22445 56.65777 64.42989 30.40822 36.30856 28.13006 7.20394 41.16054 39.96703 41.64368 20.21550 39.97134 52.49854 35.31325 28.41315 55.51397 23.10513 26.32717 28.17672 48.09495 29.80376 38.88250 36.99425 52.96614 43.77363 48.02438 46.44129 63.26148 42.35045 27.64067 31.93078 33.88273 47.08439 34.51604 38.61685 43.35672 30.39428 56.67872 34.13606 61.11259 30.97623 40.61464 52.03644 40.41234 24.97771 25.33797 x 16.98127 35.60747 37.77021 50.46973 39.23969 42.20221 26.63149 45.83774 53.20316 48.40993 20.85685 59.76631 60.87400 42.67998 66.31869 47.68731 56.41916 11.83785 65.75564 20.21133 46.93054 72.16609 70.28702 1.74167 37.53528 41.50351 49.75147 32.31426 41.36340 
15.33446 12.59001 14.17700 28.35884 51.40937 21.39490 41.65118 32.05366 67.57166 27.17934 20.79283 61.61677 47.61467 37.63527 35.27859 49.27740 13.85514 37.88268 58.44113 27.76569 27.81243 38.06533 26.30765 49.11950 41.22553 48.37112 56.42798 31.15935 31.07947 11.14879 24.18521 24.17927 41.81721 50.39982 32.88495 24.63184 47.26673 27.31433 29.16428 38.53270 6.12386 43.30844 39.96025 31.11368 23.39626 21.90123 23.46675 43.50098 26.79236 31.04311 35.53554 46.28021 25.36918 10.65940 20.98703 47.38066 44.95911 17.53477 21.63558 26.37545 32.24446 39.69745 17.15479 51.50169 13.99496 33.42311 36.69694 23.43107 28.12274 26.08910 16.98127 x 49.10540 20.78894 33.48846 51.42853 49.42872 13.10399 45.95493 43.00997 31.42866 21.60798 51.76739 47.42833 29.23431 56.12550 30.70604 39.43789 28.81912 53.09132 37.19260 32.34201 66.93700 56.25822 15.23960 20.55401 30.79462 46.19086 32.43145 43.21358 
59.82647 42.99215 53.65022 43.24536 81.81151 34.62856 69.92257 60.99819 80.28963 42.71619 35.23063 74.85043 64.45891 46.89385 53.20251 50.04365 53.32836 59.84668 88.84327 28.67034 23.90851 37.09560 39.54131 54.66715 51.13464 72.94575 63.64188 46.34304 52.59654 50.62201 42.81141 52.31815 55.05087 6.03621 45.11119 41.47608 55.11497 50.39709 44.70113 65.64786 45.59708 54.15997 56.80449 62.36372 48.20794 62.23658 31.68576 39.59706 63.32702 30.90927 16.18540 76.68235 32.58308 41.06154 47.01462 1.72474 11.47692 54.06943 54.93880 45.44097 45.47812 40.60210 56.62801 56.78849 44.39710 52.73738 53.54118 56.92853 40.34898 41.62595 35.60747 49.10540 x 51.02748 40.70236 48.69689 6.59474 42.04852 57.88633 50.22387 49.35258 37.14483 61.67650 67.44203 68.70753 63.33940 49.65356 69.84003 47.44532 80.42105 55.81880 29.61037 44.74996 65.52796 33.86580 37.39825 38.98363 53.67556 44.43700 56.44724 
36.12340 21.13123 22.71822 44.31598 59.95059 29.93612 51.18538 40.59488 48.94562 34.23725 29.33405 70.15799 40.68989 46.17649 29.43349 57.81862 22.39636 49.18776 66.98235 48.55463 36.35365 58.85427 34.84887 57.66072 49.76675 59.96990 49.50320 38.21726 39.62069 19.69001 40.68164 38.17947 50.35843 57.06369 41.42617 9.55140 58.57181 35.85555 36.22219 47.07392 14.66508 53.46113 24.87981 39.65490 39.35340 33.20631 32.00797 52.04220 42.74950 39.58433 44.07676 54.82143 18.44440 19.20062 29.52825 52.75222 62.50440 33.49191 31.16978 5.58651 40.78568 57.19838 25.69601 36.42125 22.53618 44.72819 21.61650 31.97229 36.66396 33.14701 37.77021 20.78894 51.02748 x 26.56368 59.96975 57.62222 21.64521 53.64678 36.08519 25.58356 28.66589 60.30861 53.30335 37.77553 49.20072 39.24726 47.97911 41.21868 61.63254 57.98154 40.88323 75.47822 64.79944 36.02854 13.62923 39.33584 39.53688 40.12330 51.75480 
20.46060 20.89845 35.41774 29.95992 59.71781 33.56456 50.49060 44.22332 75.50930 39.34900 32.96249 69.78704 39.99511 49.80493 28.73871 52.50035 35.09588 49.42513 66.74957 42.56646 37.42067 43.19147 38.47731 39.66718 41.16724 61.69518 22.93952 43.32901 50.32840 32.38953 44.70120 11.61579 38.12839 46.73857 45.05461 17.01228 57.57167 48.55507 41.33394 58.74896 27.36460 52.76635 32.34069 21.66136 24.99734 39.02598 35.63641 53.10922 40.11642 43.21277 29.69756 54.58865 8.11928 22.82906 29.29547 42.42710 52.17928 30.85883 30.47500 20.97717 44.41412 30.63470 38.39553 43.88213 26.16462 50.54786 29.07738 29.34397 40.29240 38.25876 50.46973 33.48846 40.70236 26.56368 x 51.20716 40.89715 25.27365 58.75853 9.52151 24.88878 33.77764 51.70910 26.73967 44.93369 22.63704 28.45802 47.74633 48.67956 61.39976 64.42416 42.86054 85.45232 65.42505 48.72806 12.93445 39.10306 12.97320 45.23505 55.38324 
66.76299 41.04861 53.35781 39.71644 79.86797 44.37653 59.39872 62.16339 94.01268 51.26002 43.77446 62.07740 76.07327 60.61690 64.25800 39.51980 53.03595 49.32283 85.53382 64.55052 47.38826 51.31510 49.28928 71.72219 73.33138 81.37686 55.10366 55.24003 61.14037 50.32960 32.03575 58.06057 54.35298 54.73310 45.80156 53.09044 44.59112 60.14506 53.24496 58.64666 45.30467 12.91252 59.50137 53.71637 44.67902 58.70766 53.57648 31.69971 59.79810 20.38542 55.11137 66.20080 53.82778 40.76913 49.44563 46.97215 60.17381 50.54051 52.69051 57.05533 55.22609 62.79884 56.33560 79.96029 37.43357 49.61830 65.15554 46.03376 50.56377 50.16978 39.23969 51.42853 48.69689 59.96975 51.20716 x 55.29163 43.21372 47.36248 41.68565 60.96694 45.68866 83.87324 24.46749 42.66151 54.80118 38.75879 59.35848 51.07754 81.54992 59.45102 19.08652 93.44685 68.80519 40.98136 49.01261 28.08886 45.13734 57.14607 66.19521 
61.35775 40.69993 51.35800 36.65062 77.13083 28.03382 66.04131 55.27440 77.66997 36.12145 28.63589 68.25569 71.05365 44.27419 59.79725 55.91632 51.03614 66.44142 84.16259 35.26508 30.50325 43.69034 32.94657 61.26189 57.71355 66.35101 63.83667 40.10146 46.00180 48.32979 40.37460 52.51294 48.45613 12.63095 39.52387 48.07082 60.98764 43.80235 38.10639 72.24260 43.30486 59.49783 63.39923 62.55851 41.61320 55.64184 38.28050 46.19180 56.73228 37.50401 22.78014 74.39013 39.17782 38.76932 40.41988 8.31948 18.07166 47.47469 51.57550 52.03571 38.88338 47.19684 52.59966 63.38323 42.10488 50.30788 60.13592 60.61207 34.76166 35.03121 42.20221 49.42872 6.59474 57.62222 40.89715 55.29163 x 36.32473 55.53098 50.41866 55.94732 30.55009 68.25541 67.63682 66.41531 63.53419 56.24830 67.54781 54.04006 75.44888 62.41354 36.20511 51.34470 72.12270 40.46054 43.99299 45.57837 53.87035 42.00750 49.85250 
28.43845 4.37520 15.03327 27.55995 43.19456 8.29091 40.85229 18.94967 57.92706 15.17440 7.68884 48.51278 39.39986 24.53128 28.14346 36.17341 14.71141 40.88448 50.22632 40.86968 19.59762 38.10977 13.20366 49.97577 37.97064 45.40396 48.21317 19.15441 25.05475 12.00506 19.42755 35.97892 28.71322 48.08473 19.78096 16.41703 41.24473 24.05944 17.15934 39.38897 6.98013 37.75615 31.74544 31.96995 22.59737 24.90303 10.36276 35.28617 25.99347 22.82830 27.32073 38.06540 17.15437 2.44459 12.77222 40.32378 53.52544 16.73588 20.83669 20.38192 19.14047 48.50318 18.01106 43.28688 5.78015 29.36083 28.48213 24.28734 15.01875 14.08416 26.63149 13.10399 42.04852 21.64521 25.27365 43.21372 36.32473 x 34.58393 34.79516 24.29353 9.60304 48.51250 48.28460 30.09058 47.91069 31.56231 31.22308 38.46934 44.87651 46.84282 24.12720 60.91228 43.65553 28.34359 12.33920 22.57981 38.24685 21.06045 30.10959 
57.57205 37.86008 33.77908 30.38311 62.59939 27.49716 51.50987 53.53360 75.53583 30.55225 26.89509 56.24314 38.92350 42.14005 58.95100 7.84268 33.45722 49.32719 69.63115 32.87340 50.66547 55.71854 30.81243 68.92122 52.87088 63.07403 64.89001 15.42952 42.72482 34.80614 38.63380 48.72724 34.44837 51.92427 38.98721 44.09538 12.91400 38.95968 23.57495 50.17805 39.83107 57.75703 59.42379 50.91540 35.34569 33.34574 44.94669 66.35402 50.46477 29.57486 58.38858 71.55028 50.63925 35.92947 39.88322 56.16159 50.06682 41.20718 45.30799 48.06027 24.87562 44.80516 28.80014 54.38384 39.26503 21.82386 56.16048 47.08842 34.22500 20.49977 45.83774 45.95493 57.88633 53.64678 58.75853 47.36248 55.53098 34.58393 x 64.19283 55.10107 24.98089 63.41274 46.97467 48.83639 77.30836 45.35621 64.70796 57.67559 60.91744 66.04907 28.27596 78.58235 67.90357 47.57941 45.82408 56.02614 60.84103 13.52348 25.31533 
29.98211 30.41996 41.52197 39.48143 69.23932 43.08607 60.01211 53.74483 85.03081 48.87051 42.48400 60.26553 49.51662 59.32644 38.26022 58.07567 41.20011 58.94664 76.27108 33.04495 46.94218 52.71298 47.99882 49.18869 31.64573 55.80635 13.41801 48.86320 58.42444 38.49376 54.22271 21.13730 47.64990 55.67908 54.57612 26.53379 63.14699 42.53465 46.86813 65.87767 36.88611 44.78278 25.02644 31.18287 34.51885 48.54749 45.15792 62.63073 34.22759 52.73428 39.21907 64.11016 17.64079 32.35057 38.81698 51.94861 50.23837 40.38034 39.99651 30.49868 53.93563 21.11319 44.49976 53.40364 35.68613 42.36897 38.59889 26.21148 49.81391 43.79295 53.20316 43.00997 50.22387 36.08519 9.52151 41.68565 50.41866 34.79516 64.19283 x 34.41029 43.29915 42.18759 17.21816 35.41218 13.11553 18.93651 57.26784 41.36531 70.92127 57.88083 52.38205 76.12449 55.90354 54.94483 22.45596 29.60644 3.45169 50.66935 64.90475 
41.98174 19.91833 33.19285 24.71796 58.73769 32.58444 38.01030 43.24320 63.93078 38.36888 31.98237 72.80631 39.01499 48.82481 3.84993 47.25839 32.87099 38.04249 65.76945 59.19435 39.00197 62.40330 37.49719 64.55596 61.48615 44.73024 47.82830 42.34889 49.34828 31.40941 43.72108 33.13693 39.35450 55.38879 44.07449 16.03216 47.42654 47.57495 40.35382 47.36632 26.38448 51.78623 31.36057 46.55014 19.75538 22.06104 34.65629 54.69052 23.15148 42.23265 46.72508 53.60853 16.76950 21.84894 28.31535 51.07732 60.82950 13.89389 17.99470 19.99705 43.43400 55.52348 37.41541 42.90201 25.18450 33.58292 28.09726 43.69169 39.31228 37.27864 48.40993 31.42866 49.35258 25.58356 24.88878 60.96694 55.94732 24.29353 55.10107 34.41029 x 32.79752 72.02801 43.64044 25.44642 47.52582 48.79287 46.76621 47.69944 60.41964 47.45922 41.88042 85.20581 65.09184 46.66826 11.95433 38.12294 37.86198 41.88330 54.40312 
36.94244 12.87919 23.53726 36.06394 46.58074 2.51627 35.49122 28.55271 52.15242 5.57136 1.91420 42.73814 47.90385 18.75664 36.64745 30.39877 23.21540 45.56711 53.61250 49.37367 25.68458 32.33513 7.42902 57.41143 32.19600 39.62932 47.40144 9.55137 19.28011 20.50905 13.65291 41.22508 22.93858 43.18104 14.00632 19.11449 35.47009 18.28480 7.55630 47.89296 15.48412 32.77614 34.44290 39.40561 31.10136 31.27967 19.96580 41.37313 34.49746 31.33229 33.40769 46.56939 25.65836 10.94858 14.90233 38.86957 48.62175 25.23987 29.34068 23.07938 13.36583 39.09092 26.51505 45.98434 14.28414 19.75779 31.17959 32.79133 9.24411 4.48112 20.85685 21.60798 37.14483 28.66589 33.77764 45.68866 30.55009 9.60304 24.98089 43.29915 32.79752 x 42.73786 44.90860 38.59457 56.41468 29.33756 39.72707 32.69470 44.89879 41.06818 32.63119 55.13764 53.25857 22.59852 20.84319 31.08380 44.82238 11.45741 24.33495 
67.10185 52.10968 43.64681 65.45494 73.75590 40.22159 75.39023 67.46217 80.03224 48.30922 40.82366 70.61796 87.13434 46.63646 75.87794 58.03688 43.32495 65.31434 80.78766 33.00616 63.38990 60.21495 35.30884 60.52815 10.54186 68.88649 53.56970 50.61395 48.53728 40.61860 52.56237 63.32489 50.81840 55.64029 51.71164 61.85235 63.10820 24.45306 50.29416 55.99051 45.64353 71.68560 60.31065 42.52233 68.16354 54.13490 58.87526 79.07845 71.55964 70.56278 71.11301 85.79988 59.82838 50.17907 52.60765 63.40124 50.19958 62.30205 66.40286 59.32070 41.24565 21.07440 34.61260 88.72220 53.51463 58.18964 73.91745 50.20494 46.94943 47.21898 59.76631 51.76739 61.67650 60.30861 51.70910 83.87324 68.25541 48.51250 63.41274 42.18759 72.02801 42.73786 x 59.40575 58.70412 55.30312 46.37531 78.95756 71.60416 75.43785 79.97764 71.86168 83.47262 73.71603 61.50798 60.07368 57.04524 38.73590 49.88926 52.21477 
47.20027 47.63812 33.89505 55.66391 82.52710 47.42487 62.73003 67.23427 94.87673 50.47996 46.82280 76.17085 66.73478 63.66524 39.79051 54.81735 33.57319 52.65414 88.86513 50.26311 62.99304 69.93114 52.33762 66.40685 48.86389 73.02451 30.63617 35.35723 56.21022 36.27954 56.50324 38.35546 64.86806 71.85198 58.91492 43.75195 59.88867 52.44508 43.50266 61.97797 41.30447 37.38001 42.24460 48.40103 50.70133 36.67269 58.64736 56.16720 51.44575 44.85291 56.43723 81.32832 34.85895 45.84001 56.03514 69.16677 67.45653 44.83984 48.94065 47.71684 58.27443 38.33135 42.28554 57.71079 49.17557 25.15081 55.81705 43.42964 54.15271 40.42748 60.87400 47.42833 67.44203 53.30335 26.73967 24.46749 67.63682 48.28460 46.97467 17.21816 43.64044 44.90860 59.40575 x 18.19402 30.33369 36.15467 74.48600 58.58347 80.84515 40.66267 43.55401 92.06775 73.12170 62.61567 39.67412 46.82460 20.66985 33.45119 69.24355 
44.56877 29.57660 15.70103 45.18034 68.39596 38.38149 52.24646 49.04025 84.39316 44.16593 37.77942 78.60336 60.50084 54.62186 21.59649 56.62594 15.37917 42.17057 75.42772 57.00000 44.79902 67.29964 43.29424 56.05623 48.16226 58.36541 48.83019 41.27422 38.01620 18.08552 39.07715 53.41358 54.51744 74.74374 49.87154 41.47858 51.55462 34.25106 46.15087 45.46943 23.11045 55.57403 56.80699 38.05041 40.21776 26.18912 40.45334 60.48757 43.61386 48.02970 52.52213 63.26680 42.21592 27.64599 37.97362 70.41436 74.19342 34.35627 38.45708 43.07485 49.23105 56.52537 24.09152 63.36991 30.98155 37.71100 53.54368 30.36780 45.10933 43.07569 42.67998 29.23431 68.70753 37.77553 44.93369 42.66151 66.41531 30.09058 48.83639 35.41218 25.44642 38.59457 58.70412 18.19402 x 48.52771 37.64277 56.42448 54.51783 70.07791 22.46865 49.32860 73.87373 63.19495 44.42165 37.40075 47.78121 38.86387 39.36818 60.20017 
43.09764 43.53549 54.63750 52.59696 82.35485 56.20160 73.12764 66.86036 98.14634 61.98604 55.59953 73.38106 62.63215 72.44197 51.37575 71.19120 54.31564 70.45230 89.38661 46.16048 60.05771 65.82851 61.11435 62.30422 44.76126 68.92188 26.53354 61.97873 71.53997 51.60929 67.33824 34.25283 60.76543 68.79461 67.69165 39.64932 76.26252 55.65018 59.98366 61.12847 50.00164 57.89831 38.14197 44.29840 47.63438 61.66302 58.27345 75.74626 47.34312 65.84981 52.33460 77.22569 30.75632 45.46610 51.93251 65.06414 63.35390 53.49587 53.11204 43.61421 67.05116 34.22872 57.61529 66.51917 48.80166 55.48450 51.71442 39.32701 62.92944 56.90848 66.31869 56.12550 63.33940 49.20072 22.63704 54.80118 63.53419 47.91069 77.30836 13.11553 47.52582 56.41468 55.30312 30.33369 48.52771 x 32.05204 70.38337 54.48084 84.03680 70.99636 65.49758 89.24002 69.01907 68.06036 35.57149 42.72197 16.56722 63.78488 78.02028 
46.04050 28.87454 22.58546 46.06115 60.39925 31.85383 55.28718 37.13373 81.20766 34.90892 31.25176 70.74031 63.89920 48.09420 52.64280 53.19889 22.26360 49.05500 67.43101 45.07808 46.27075 58.27356 36.76658 32.96340 35.83345 59.83714 32.35452 29.92669 39.48793 19.55725 40.54888 40.07381 31.42461 43.61735 43.34388 40.91637 58.27021 35.72279 27.93162 46.94116 24.58218 25.84627 37.05957 14.95758 45.23388 33.07355 41.92507 61.95930 48.62998 49.50143 53.99386 48.78187 36.57730 29.11772 37.27156 51.37830 49.05806 39.37239 35.27158 44.83377 40.99736 33.14632 25.56325 67.78622 32.45328 40.13311 52.98147 7.27497 38.58167 24.85644 47.68731 30.70604 49.65356 39.24726 28.45802 38.75879 56.24830 31.56231 45.35621 18.93651 48.79287 29.33756 46.37531 36.15467 37.64277 32.05204 x 41.93955 53.39844 58.71730 60.11142 50.80033 75.34546 64.66668 45.94564 36.83854 10.66993 15.48482 31.83273 53.67251 
54.77235 26.84788 41.36717 50.03263 65.66724 39.51399 63.32497 50.17275 89.15014 45.29843 38.91192 79.73586 61.87254 55.75436 50.61614 67.39649 41.04531 63.35716 72.69900 67.20358 45.93152 69.33285 44.42674 74.90295 68.41570 70.04491 70.68585 49.27844 56.27783 38.33896 50.65063 58.45160 59.93630 64.21704 51.00404 38.88971 72.46781 54.50450 47.28337 65.72287 33.31403 46.44596 54.21812 56.89713 45.07005 47.37571 41.58584 61.62007 48.46615 49.16220 53.65463 6.84232 39.62705 28.77849 35.24490 71.54686 69.65775 39.20856 43.30937 42.85460 50.36355 75.08587 44.34496 65.75956 32.11405 58.89759 50.95481 49.21452 46.24183 44.20819 56.41916 39.43789 69.84003 47.97911 47.74633 59.35848 67.54781 31.22308 64.70796 57.26784 46.76621 39.72707 78.95756 74.48600 56.42448 70.38337 41.93955 x 68.25701 67.34919 72.77389 48.80997 92.13536 74.87861 54.67749 34.81188 31.26962 57.42437 51.18448 61.33267 
44.15358 41.40913 42.99612 46.60419 79.27544 31.38257 68.18592 29.58333 81.01872 38.26606 30.78050 71.60444 49.51152 47.62294 51.54937 59.26507 42.67426 66.70180 86.30720 56.58481 53.25603 37.36894 36.29532 62.67910 61.06230 68.49562 54.78332 42.24607 48.14641 39.96791 19.04179 52.99839 43.42228 53.48153 32.05335 31.66728 64.33639 47.15110 40.25100 67.35182 34.94298 38.16502 16.33887 59.88931 41.64161 50.72035 48.83210 41.12829 55.61148 55.45482 58.27914 75.09933 40.56028 39.47852 43.76863 45.72058 58.92224 46.35389 50.45470 35.63217 42.23213 55.57512 45.97391 58.53713 42.81408 52.45249 43.73238 52.25019 36.81556 37.17582 11.83785 28.81912 47.44532 41.21868 48.67956 51.07754 54.04006 38.46934 57.67559 41.36531 47.69944 32.69470 71.60416 58.58347 54.51783 54.48084 53.39844 68.25701 x 77.59349 32.04918 56.75372 84.00394 82.12487 13.57952 35.74511 53.34136 37.91362 44.15211 53.20125 
68.42578 40.50131 55.02060 63.68606 1.68195 47.41506 55.00059 63.82618 23.35036 50.47015 46.81299 78.00354 75.52597 56.74614 64.26957 68.76012 54.69874 44.92470 8.71371 80.85701 59.58495 51.06406 52.32781 25.75390 64.89599 47.94715 80.10143 45.48792 64.17890 51.99239 58.55170 72.10503 60.22675 85.79475 58.90511 52.54314 73.83144 50.98479 43.49285 54.24853 46.96746 73.88226 67.87155 43.75972 58.72348 60.90615 55.23927 71.16926 62.11958 62.81563 64.23565 74.19151 53.28048 42.43192 48.89833 82.14579 91.23546 52.86199 56.96280 56.50803 58.26462 75.02747 57.99839 79.41299 45.76748 55.69434 64.60824 51.44233 54.14290 40.41767 65.75564 53.09132 80.42105 61.63254 61.39976 81.54992 75.44888 44.87651 60.91744 70.92127 60.41964 44.89879 75.43785 80.84515 70.07791 84.03680 58.71730 67.34919 77.59349 x 85.96697 62.46340 100.03643 71.97405 67.49731 48.46531 58.70592 74.20212 47.39396 67.43699 
52.52706 45.92601 38.16968 44.38940 84.74537 39.75605 57.68174 61.63251 83.60222 46.63954 39.15398 79.97792 80.95067 55.99642 44.06514 66.92983 37.84782 57.71393 91.77713 64.95829 61.62951 45.74242 44.66880 71.05258 69.43578 63.15521 71.29884 50.61955 56.51989 40.55417 27.41527 52.80837 59.02594 61.85501 40.42683 57.96784 67.09798 55.52458 48.62448 67.03776 43.31646 46.53850 48.38805 60.51906 39.42682 41.73248 57.20558 73.17747 41.57645 63.72042 66.65262 79.61621 58.70518 47.85200 52.14211 54.09406 67.29572 33.56533 37.66614 61.93273 50.60561 76.89005 46.56017 40.90126 51.18756 53.25436 55.70601 52.83645 45.18904 45.54930 20.21133 37.19260 55.81880 57.98154 64.42416 59.45102 62.41354 46.84282 66.04907 57.88083 47.45922 41.06818 79.97764 40.66267 22.46865 70.99636 60.11142 72.77389 32.04918 85.96697 x 65.01932 65.51271 84.76328 21.95300 53.89001 61.71484 61.33252 52.52559 61.57473 
47.67647 21.96209 34.27129 20.62992 60.78145 32.41811 40.31220 43.07687 79.20285 38.20255 31.81604 72.63998 56.98675 45.80707 45.73035 20.43328 33.94943 30.23631 66.44730 45.46400 38.83564 32.22858 37.33086 57.53874 61.31982 62.29034 65.80006 42.18256 49.18195 31.24308 43.55475 38.97405 35.26646 35.64658 26.71504 34.00392 25.50460 47.40862 40.18749 39.56014 26.21815 31.99904 40.41485 51.20797 25.59250 39.62114 34.48996 48.56076 40.71158 1.29890 45.79577 55.65229 34.74126 21.68261 30.35911 27.88563 41.08729 31.45399 35.55480 37.96881 37.46622 57.39576 37.24908 60.87377 18.34705 50.09982 46.06902 43.52536 31.47725 37.11231 46.93054 32.34201 29.61037 40.88323 42.86054 19.08652 36.20511 24.12720 28.27596 52.38205 41.88042 32.63119 71.86168 43.55401 49.32860 65.49758 50.80033 48.80997 56.75372 62.46340 65.01932 x 74.36033 57.28566 45.18887 29.92609 40.16670 55.83374 41.79944 53.59129 
82.27146 65.28748 58.81642 86.66215 101.71838 53.82551 77.27363 79.86195 103.46166 60.70900 53.22344 94.04738 100.31214 70.06588 89.05574 75.49718 58.49456 67.19774 103.40873 50.46646 68.65847 81.84556 58.73826 93.75892 72.93076 56.20674 62.70648 64.68901 35.85753 55.78821 64.96215 91.11627 74.24782 38.71375 65.31556 74.25213 80.56850 59.94175 62.69394 71.16012 60.81314 84.08538 89.58054 75.75310 83.33315 69.30451 71.27504 84.34702 77.78550 75.65923 60.93536 98.97768 77.33304 63.35687 66.21157 46.47470 33.27304 77.47166 81.57247 78.21702 64.67507 62.39822 49.78221 78.58461 66.69243 73.35925 86.31723 68.07049 60.55335 59.61876 72.16609 66.93700 44.74996 75.47822 85.45232 93.44685 51.34470 60.91228 78.58235 76.12449 85.20581 55.13764 83.47262 92.06775 73.87373 89.24002 75.34546 92.13536 84.00394 100.03643 65.51271 74.36033 x 88.88564 73.90776 73.25148 71.66117 79.57618 65.05887 75.64419 
71.59268 48.03073 48.13764 62.02202 70.29210 51.94644 37.12524 62.60520 95.32441 58.82993 51.34437 92.16831 83.05539 68.18681 68.94177 73.46762 47.81578 27.04935 63.26034 84.02391 63.25315 81.76530 56.85919 83.08014 63.17417 73.37732 42.48553 56.28613 53.02811 45.10943 63.08308 70.44099 72.36875 71.56417 63.43649 60.07256 68.39630 49.26297 60.81487 17.72552 50.13436 55.89267 75.40097 65.07432 57.05944 43.03080 51.68762 75.02552 60.45554 55.98676 70.97626 81.72093 60.80990 46.10012 56.42775 67.25270 77.00488 51.19795 55.29876 64.03745 62.79600 73.70671 39.10343 86.94241 49.43568 54.55268 72.13766 57.39171 58.67428 57.73969 70.28702 56.25822 65.52796 64.79944 65.42505 68.80519 72.12270 43.65553 67.90357 55.90354 65.09184 53.25857 73.71603 73.12170 63.19495 69.01907 64.66668 74.87861 82.12487 71.97405 84.76328 57.28566 88.88564 x 71.49782 55.99473 66.23534 59.35523 54.38009 56.40191 
30.57406 27.82961 29.41660 36.50801 66.64897 21.28639 56.89078 43.16285 70.76369 28.16988 20.68432 61.50826 62.85427 37.36791 50.51819 49.16889 29.09474 53.12228 73.68073 43.00529 39.67651 23.78942 26.19914 49.09958 50.96612 58.39944 66.17156 32.14989 38.05023 26.38839 8.94561 39.41887 41.70870 39.90201 18.47383 39.87144 54.24021 37.05492 30.15482 53.77230 21.36346 28.06884 29.91839 46.35328 31.54543 37.14083 38.70635 54.70781 42.03196 46.28271 44.69962 61.51981 40.60878 25.89900 33.67245 32.14106 45.34272 32.77437 36.87518 41.61505 32.13595 54.93705 32.39439 62.85426 29.23456 42.35631 51.93654 38.67067 23.23604 27.07964 1.74167 15.23960 33.86580 36.02854 48.72806 40.98136 40.46054 28.34359 47.57941 54.94483 46.66826 22.59852 61.50798 62.61567 44.42165 68.06036 45.94564 54.67749 13.57952 67.49731 21.95300 45.18887 73.90776 71.49782 x 35.79361 43.24518 51.49314 34.05593 43.10507 
33.39505 7.96400 22.48329 31.14875 46.78336 20.63011 37.55615 31.28887 62.57485 26.41455 20.02804 60.85198 27.06066 36.87048 15.80426 48.51261 22.16143 44.47328 53.81512 48.31970 27.04764 50.44897 25.54286 52.60163 49.53182 51.16103 35.87397 30.39456 37.39395 19.45508 31.76675 24.55024 41.05242 43.43446 32.12016 4.07783 53.58393 35.62062 28.39949 46.83899 14.43015 39.83190 19.40624 34.59581 26.18617 28.49183 22.70196 42.73619 29.58227 30.27832 34.77075 41.65420 4.81517 9.89461 16.36102 39.12299 48.87517 20.32468 17.54055 8.04272 31.47967 43.56915 25.46108 30.94768 13.23017 40.01371 16.14293 31.73736 27.35795 25.32431 37.53528 20.55401 37.39825 13.62923 12.93445 49.01261 43.99299 12.33920 45.82408 22.45596 11.95433 20.84319 60.07368 39.67412 37.40075 35.57149 36.83854 34.81188 35.74511 48.46531 53.89001 29.92609 73.25148 55.99473 35.79361 x 26.16861 25.90765 32.30060 42.44879 
46.12908 18.20461 32.72390 39.52653 57.02397 30.87072 44.61725 41.52948 70.53773 36.65516 30.26865 64.34122 53.22927 47.11109 41.97287 58.75322 32.40204 52.85106 64.05573 55.58155 37.28825 60.68958 35.78347 43.63333 46.50338 59.53881 43.02445 40.59662 47.63456 29.69569 34.29957 47.94550 42.09454 32.94742 42.36077 30.24644 62.23511 45.86123 38.60155 57.07960 24.67076 15.17634 45.57485 25.62751 34.56395 36.86961 32.94257 52.97680 37.96005 39.54848 45.01136 38.11194 30.98378 20.13522 26.60163 40.70837 38.38813 28.70246 24.60165 34.21133 41.72028 43.81625 35.70169 57.11629 22.50033 48.39149 42.31154 17.94490 37.59856 35.52637 41.50351 30.79462 38.98363 39.33584 39.10306 28.08886 45.57837 22.57981 56.02614 29.60644 38.12294 31.08380 57.04524 46.82460 47.78121 42.72197 10.66993 31.26962 53.34136 58.70592 61.71484 40.16670 71.66117 66.23534 43.24518 26.16861 x 26.15475 42.50266 52.68940 
33.43380 33.87165 38.07028 42.93312 72.69101 46.53776 63.46380 52.61855 88.48250 50.39374 45.93569 56.81384 52.96831 62.77813 41.71191 54.62398 37.74842 62.39833 72.87523 29.59326 50.39387 56.16467 51.45051 48.44822 28.19404 59.25804 16.86970 45.41151 54.97275 35.04207 56.03370 24.58899 46.90943 52.22739 58.02781 29.98548 59.69530 42.10524 43.41644 62.42598 40.06700 41.33109 21.57475 30.44240 37.97054 48.55837 48.60961 66.08242 37.67928 56.18597 42.67076 64.26669 21.09248 35.80226 42.26867 55.40030 46.78668 43.83203 43.44820 33.95037 56.48218 17.66150 41.04807 56.85533 39.13782 45.82066 42.05058 22.75979 53.26560 40.34126 49.75147 46.19086 53.67556 39.53688 12.97320 45.13734 53.87035 38.24685 60.84103 3.45169 37.86198 44.82238 38.73590 20.66985 38.86387 16.56722 15.48482 57.42437 37.91362 74.20212 61.33252 55.83374 79.57618 59.35523 51.49314 25.90765 26.15475 x 47.31755 68.35644 
47.76591 24.33660 24.31087 38.81348 49.07591 13.97368 37.98639 40.01012 63.60983 17.02877 13.37161 42.71966 52.44698 30.21405 45.73323 21.36616 23.98901 35.80371 56.10767 43.37735 37.14199 43.79254 18.88643 59.25337 39.34740 49.55055 51.36653 1.90604 29.20134 21.28266 25.11032 47.23245 34.39599 38.40079 25.46373 30.57190 26.43748 25.43620 10.05147 36.65457 26.30759 44.23355 45.90031 41.24755 33.85090 19.82226 31.42321 52.83054 37.24700 42.78970 44.86510 58.02680 37.11577 22.40599 26.35974 46.16174 43.84150 27.98941 32.09022 34.53679 24.82324 31.44559 15.27666 40.86036 25.74155 8.30038 42.63700 33.56494 20.70152 6.97629 32.31426 32.43145 44.43700 40.12330 45.23505 57.14607 42.00750 21.06045 13.52348 50.66935 41.88330 11.45741 49.88926 33.45119 39.36818 63.78488 31.83273 51.18448 44.15211 47.39396 52.52559 41.79944 65.05887 54.38009 34.05593 32.30060 42.50266 47.31755 x 35.79236 
58.54804 34.48479 45.14286 47.05203 69.11894 21.81868 59.82617 49.05926 61.62933 29.90631 22.42075 52.21505 64.23883 28.23355 58.25305 33.15801 44.82100 67.26076 76.15070 58.18873 44.98699 41.81204 16.90593 66.88834 41.67291 60.13587 56.87835 33.88632 39.78666 42.11465 34.15946 65.39616 32.41549 62.48345 33.30873 43.44944 38.22933 27.76171 31.89125 57.93693 37.08972 53.28269 58.77785 48.88252 52.01461 55.01262 40.47235 60.67554 56.10306 52.93789 52.49945 68.17499 47.26396 32.55418 34.20474 58.17198 67.92416 46.84547 50.94628 47.41433 22.84274 52.20545 36.55902 70.31929 35.88974 44.09274 55.51454 54.39693 28.54652 28.81607 41.36340 43.21358 56.44724 51.75480 55.38324 66.19521 49.85250 30.10959 25.31533 64.90475 54.40312 24.33495 52.21477 69.24355 60.20017 78.02028 53.67251 61.33267 53.20125 67.43699 61.57473 53.59129 75.64419 56.40191 43.10507 42.44879 52.68940 68.35644 35.79236 x 
