50
25
0 1 2 3 4 5 6 7 8 9 10 11 12 13 14 15 16 17 18 19 20 21 22 23 24 25 26 27 28 29 30 31 32 33 34 35 36 37 38 39 40 41 42 43 44 45 46 47 48 49 
39 45 12 43 21 23 2 10 48 17 34 18 35 27 41 15 7 31 46 4 22 8 36 28 16 
14
x 47.33388 125.78232 157.44994 59.45392 125.28337 39.33669 71.47305 80.29317 62.12196 134.23428 95.77266 143.38737 71.63414 119.33557 79.15512 83.75337 98.29056 67.49840 116.94996 69.60813 42.51415 67.86918 111.39799 50.77127 80.95722 98.18973 53.53417 63.43737 48.02392 92.61706 103.21026 68.95429 66.60177 103.94815 35.79528 71.98740 57.47572 131.76493 12.22831 69.50694 54.87672 108.70571 96.44211 136.67129 100.78167 36.81504 39.60286 61.54545 59.62512 
47.33388 x 88.08790 133.19326 35.19724 99.95407 15.08001 77.56342 56.03649 86.43716 109.97760 71.51598 119.13069 83.10522 123.74895 106.18904 59.49669 74.03388 43.24172 92.69328 45.35145 4.81973 110.18735 87.14131 77.80519 98.03794 80.80543 6.20029 39.18069 75.05784 68.36038 78.95358 44.69761 42.34509 66.25373 11.53860 47.73072 68.94680 94.07051 46.44434 45.25026 66.34780 84.44903 72.18543 112.41461 76.52499 12.55836 15.34618 37.28877 35.36844 
125.78232 88.08790 x 187.14009 113.64568 162.49778 93.52845 142.87901 87.19414 72.45364 129.11279 114.53815 116.52232 68.95047 91.99673 118.65654 113.57663 104.74985 121.69016 80.12892 123.79989 83.26817 188.63579 165.58975 132.13944 53.61838 36.38587 94.28819 117.62913 129.39209 93.11918 59.90816 75.85526 96.51665 21.83417 89.98704 126.17916 83.10889 49.65095 122.34729 123.69870 85.70789 145.51582 103.34308 155.84441 130.69655 91.00680 93.79462 115.73721 113.81688 
157.44994 133.19326 187.14009 x 145.31330 203.52759 118.11325 120.93480 111.96841 114.81956 58.02730 85.71586 156.51849 171.14338 169.15368 113.43890 73.69657 143.42502 153.35778 120.12509 148.38469 128.37353 213.22059 197.25737 141.82275 133.65482 150.75422 139.39355 149.29675 144.38393 121.49739 188.26671 123.30729 152.46115 165.30592 121.65466 137.39186 171.98004 182.44449 149.47758 155.36632 169.38104 187.48227 95.81947 203.29644 186.64105 122.67442 117.84708 139.78967 138.40168 
59.45392 35.19724 113.64568 145.31330 x 113.14673 27.20005 45.27181 66.11701 108.45803 120.05812 83.63602 129.21121 95.22526 128.68294 99.85214 71.61673 39.04588 55.36176 104.81332 57.47149 30.37751 122.30739 51.94407 71.46829 111.48003 94.24752 41.39753 3.98345 68.72094 78.44090 83.88757 54.77813 52.42561 91.81151 23.65864 57.81124 81.06684 119.62829 58.56438 57.37030 78.46784 96.56907 82.26595 124.53465 86.60551 22.63888 27.46622 49.40881 47.48848 
125.28337 99.95407 162.49778 203.52759 113.14673 x 85.94668 155.51291 133.98598 90.11085 184.30724 130.83814 197.08018 93.54731 147.32446 184.13853 129.83102 100.48303 121.19121 165.24737 102.54402 96.20696 167.37992 165.09080 155.75468 108.94611 126.17862 93.75378 117.13018 153.00733 146.30987 145.32472 122.64710 120.29458 140.66361 89.48809 79.16214 107.70573 168.48039 117.31101 123.19975 110.30473 63.44644 150.13492 190.36410 154.47448 90.50785 85.68051 63.73792 106.23511 
39.33669 15.08001 93.52845 118.11325 27.20005 85.94668 x 69.56623 48.03930 81.25798 101.98041 56.43597 111.13350 68.02521 115.75176 98.19185 44.41668 58.95387 35.24453 84.69609 30.27144 10.26028 95.10734 79.14412 69.80800 90.33644 76.16981 21.28030 31.18350 67.06065 60.36319 70.95639 36.70042 34.34790 71.69428 3.54141 39.73353 53.86679 99.51106 31.36433 37.25307 51.26779 69.36902 64.18824 104.41742 68.52780 4.56117 0.26617 22.20876 20.28843 
71.47305 77.56342 142.87901 120.93480 45.27181 155.51291 69.56623 x 89.40746 70.42537 109.99193 59.25752 130.06015 102.08832 127.63898 54.58033 47.23823 84.31769 97.72794 93.66675 99.83767 72.74369 139.34223 89.24898 26.19648 89.26063 106.49314 83.76371 41.28836 23.44913 95.03905 129.15938 78.06858 96.83131 121.04484 66.02482 102.21694 87.92990 123.58592 59.24474 53.25671 90.52890 138.93525 73.33494 158.05773 131.01121 67.04458 69.83240 91.77499 89.85466 
80.29317 56.03649 87.19414 111.96841 66.11701 133.98598 48.03930 89.40746 x 86.87604 53.94111 48.10542 63.09420 112.47627 77.41186 109.35271 60.12471 82.68019 76.20101 82.51465 78.31074 51.21676 143.14664 118.06108 110.76448 68.04078 50.80827 62.23678 70.10046 108.01713 12.32389 109.87335 11.33888 73.26486 65.35997 44.49789 78.65049 101.90609 93.17675 79.40363 78.20955 99.30709 117.40832 16.14894 91.32803 107.44476 43.47813 48.30547 70.24806 68.32773 
62.12196 86.43716 72.45364 114.81956 108.45803 90.11085 81.25798 70.42537 86.87604 x 94.19639 53.14228 123.94491 56.32382 57.21361 116.82046 41.12299 110.85144 116.50251 87.55151 100.65695 91.25689 129.99114 159.67435 88.43661 18.83526 36.06777 80.23687 111.71373 85.68926 88.92381 102.00898 75.53716 115.60588 50.61947 84.79939 104.81828 62.29358 78.43625 49.89365 115.49684 59.69458 119.50251 103.02498 155.52631 149.78578 85.81915 81.52415 86.96294 90.67394 
134.23428 109.97760 129.11279 58.02730 120.05812 184.30724 101.98041 109.99193 53.94111 94.19639 x 102.04653 117.03531 150.52021 131.35297 55.41160 114.06582 136.62130 130.14212 136.45576 132.25185 105.15787 197.08775 172.00219 83.79545 109.95943 92.72692 116.17789 124.04157 86.54280 66.26500 163.81446 65.27999 127.20597 107.27862 98.43900 132.59160 151.02357 124.41719 122.33841 116.35038 150.81875 171.34943 37.79217 145.26914 161.38587 97.41924 102.24658 124.18917 122.26884 
95.77266 71.51598 114.53815 85.71586 83.63602 130.83814 56.43597 59.25752 48.10542 53.14228 102.04653 x 70.80263 109.46610 107.47640 106.66444 12.01929 81.74774 82.57413 34.40923 86.70741 66.69625 151.54331 135.58009 78.28059 71.97754 89.21005 77.71627 87.61947 81.02794 35.78153 126.58943 59.44430 90.78387 103.76175 59.97738 51.67600 110.30276 131.57853 87.80030 81.85225 107.70376 125.80499 64.25436 139.43345 124.96377 60.99714 56.16980 78.11239 76.72440 
143.38737 119.13069 116.52232 156.51849 129.21121 197.08018 111.13350 130.06015 63.09420 123.94491 117.03531 70.80263 x 175.57047 140.50606 144.77520 82.82192 145.77439 139.29521 36.39340 141.40494 114.31096 206.24084 181.15528 116.39135 131.13498 113.90247 125.33098 133.19466 113.64400 75.41809 172.96755 74.43308 136.35906 128.45417 107.59209 122.47863 165.00029 156.27095 142.49783 83.83642 162.40129 180.50252 79.24314 154.42223 170.53896 106.57233 111.39967 133.34226 131.42193 
71.63414 83.10522 68.95047 171.14338 95.22526 93.54731 68.02521 102.08832 112.47627 56.32382 150.52021 109.46610 175.57047 x 95.99509 109.77039 97.44681 126.97908 97.30622 143.87533 57.71979 78.28549 122.55569 147.16933 81.38654 57.61674 61.66800 89.30551 99.20871 78.63919 124.80016 128.85863 101.13739 102.37311 47.11630 71.56662 107.75874 14.15842 74.93308 59.40583 105.27828 16.75742 76.56535 128.62521 166.47911 136.55301 72.58638 68.29138 90.23397 47.73678 
119.33557 123.74895 91.99673 169.15368 128.68294 147.32446 115.75176 127.63898 77.41186 57.21361 131.35297 107.47640 140.50606 95.99509 x 145.28326 95.45711 89.63706 143.91347 141.88563 120.20004 118.92922 185.03594 180.62701 116.89941 38.37835 55.61086 129.94924 132.66639 114.15206 89.73575 44.79537 88.75074 81.40386 70.16256 112.21035 133.29269 81.83667 97.97934 107.10726 143.95964 79.23767 139.04560 93.56080 168.73989 115.58376 111.19059 116.01793 106.50603 110.21703 
79.15512 106.18904 118.65654 113.43890 99.85214 184.13853 98.19185 54.58033 109.35271 116.82046 55.41160 106.66444 144.77520 109.77039 145.28326 x 101.81856 126.08942 126.35356 108.38180 128.05059 101.36931 147.02430 143.82931 28.38385 106.90491 111.37407 112.38933 95.86869 31.13120 121.67660 161.46584 120.69159 125.45693 96.82237 94.65044 130.84256 95.61197 69.00559 66.92681 60.93878 98.21097 158.01890 93.20377 195.52645 159.63683 95.67020 98.45802 120.40061 118.48028 
83.75337 59.49669 113.57663 73.69657 71.61673 129.83102 44.41668 47.23823 60.12471 41.12299 114.06582 12.01929 82.82192 97.44681 95.45711 101.81856 x 69.72845 79.66121 46.42852 74.68812 54.67696 139.52402 123.56080 73.43471 59.95825 77.19076 65.69698 75.60018 70.68736 47.80082 114.57014 71.46359 78.76458 91.74246 47.95809 63.69529 98.28347 119.55924 75.78101 81.66975 95.68447 113.78570 76.27365 148.83410 112.94448 48.97785 44.15051 66.09310 64.70511 
98.29056 74.03388 104.74985 143.42502 39.04588 100.48303 58.95387 84.31769 82.68019 110.85144 136.62130 81.74774 145.77439 126.97908 89.63706 126.08942 69.72845 x 94.19840 116.15697 89.22531 69.21415 154.06121 90.98995 97.70557 104.87279 122.10530 80.23417 43.02933 100.45292 70.35630 44.84169 93.82401 81.45018 126.58402 62.49528 63.53177 112.82066 137.30194 90.31820 96.20694 110.22166 93.69604 98.82913 163.37129 115.63008 61.68476 58.68770 36.74511 79.24230 
67.49840 43.24172 121.69016 153.35778 55.36176 121.19121 35.24453 97.72794 76.20101 116.50251 130.14212 82.57413 139.29521 97.30622 143.91347 126.35356 79.66121 94.19840 x 112.85780 59.55245 38.42199 98.94360 107.30583 97.96971 121.40812 104.33152 49.44201 59.34521 95.22236 88.52490 99.11810 64.86213 62.50961 99.85599 31.70312 67.89524 83.14780 127.67277 66.60886 65.41478 80.54880 98.65003 92.34995 69.17289 96.68951 32.72288 35.51070 57.45329 49.56944 
116.94996 92.69328 80.12892 120.12509 104.81332 165.24737 84.69609 93.66675 82.51465 87.55151 136.45576 34.40923 36.39340 143.87533 141.88563 108.38180 46.42852 116.15697 112.85780 x 114.96753 87.87355 179.80343 156.75739 79.99795 106.38677 116.51479 98.89357 108.79677 77.25060 70.19076 140.03708 93.85353 111.96117 101.96309 81.15468 86.08523 138.56288 129.77987 113.04621 47.44302 135.96388 154.06511 98.66359 173.84268 146.14107 82.17444 84.96226 106.90485 104.98452 
69.60813 45.35145 123.79989 148.38469 57.47149 102.54402 30.27144 99.83767 78.31074 100.65695 132.25185 86.70741 141.40494 57.71979 120.20004 128.05059 74.68812 89.22531 59.55245 114.96753 x 40.53172 64.83590 109.41556 99.66674 81.82169 99.05420 51.55174 61.45494 97.33209 90.63463 101.22783 66.97186 64.61934 101.96572 33.81285 70.00497 43.56137 129.78250 61.63577 67.52451 40.96237 39.09758 94.45968 128.72534 98.79924 34.83261 30.53761 52.48020 9.98301 
42.51415 4.81973 83.26817 128.37353 30.37751 96.20696 10.26028 72.74369 51.21676 91.25689 105.15787 66.69625 114.31096 78.28549 118.92922 101.36931 54.67696 69.21415 38.42199 87.87355 40.53172 x 105.36762 82.32158 72.98546 93.21821 75.98570 11.02002 34.36096 70.23811 63.54065 74.13385 39.87788 37.52536 61.43400 6.71887 42.91099 64.12707 89.25078 41.62461 40.43053 61.52807 79.62930 67.36570 107.59488 71.70526 7.73863 10.52645 32.46904 30.54871 
67.86918 110.18735 188.63579 213.22059 122.30739 167.37992 95.10734 139.34223 143.14664 129.99114 197.08775 151.54331 206.24084 122.55569 185.03594 147.02430 139.52402 154.06121 98.94360 179.80343 64.83590 105.36762 x 174.25146 118.64045 146.65759 163.89010 116.38764 126.29084 115.89310 155.47053 166.06373 131.80776 129.45524 166.80162 98.64875 134.84087 108.39727 194.61840 80.09749 132.36041 105.79827 103.93348 159.29558 168.11649 163.63514 99.66851 95.37351 117.31610 74.81891 
111.39799 87.14131 165.58975 197.25737 51.94407 165.09080 79.14412 89.24898 118.06108 159.67435 172.00219 135.58009 181.15528 147.16933 180.62701 143.82931 123.56080 90.98995 107.30583 156.75739 109.41556 82.32158 174.25146 x 115.44546 163.42410 146.19159 93.34160 47.96062 112.69811 130.38497 135.83164 106.72220 104.36968 143.75558 75.60271 109.75531 133.01091 171.57236 110.50845 109.31437 130.41191 148.51314 134.21002 176.47872 138.54958 74.58295 79.41029 101.35288 99.43255 
50.77127 77.80519 132.13944 141.82275 71.46829 155.75468 69.80800 26.19648 110.76448 88.43661 83.79545 78.28059 116.39135 81.38654 116.89941 28.38385 73.43471 97.70557 97.96971 79.99795 99.66674 72.98546 118.64045 115.44546 x 78.52106 95.75357 84.00548 67.48484 2.74735 114.06212 133.68157 99.42560 97.07308 110.30527 66.26659 102.45871 67.22812 97.38944 38.54296 32.55493 69.82712 129.63505 99.53142 167.14260 131.25298 67.28635 70.07417 92.01676 90.09643 
80.95722 98.03794 53.61838 133.65482 111.48003 108.94611 90.33644 89.26063 68.04078 18.83526 109.95943 71.97754 131.13498 57.61674 38.37835 106.90491 59.95825 104.87279 121.40812 106.38677 81.82169 93.21821 146.65759 163.42410 78.52106 x 17.23251 99.07213 115.46348 75.77371 80.36467 83.17372 56.70190 118.62788 31.78421 89.86091 94.91434 43.45832 59.60099 68.72891 105.58129 40.85932 100.66725 84.18972 136.69105 152.80778 88.84115 90.07027 68.12768 71.83868 
98.18973 80.80543 36.38587 150.75422 94.24752 126.17862 76.16981 106.49314 50.80827 36.06777 92.72692 89.21005 113.90247 61.66800 55.61086 111.37407 77.19076 122.10530 104.33152 116.51479 99.05420 75.98570 163.89010 146.19159 95.75357 17.23251 x 87.00572 98.23097 93.00622 63.13216 96.29403 39.46939 101.39537 14.55170 72.62840 106.78100 60.69083 42.36848 85.96142 106.34006 58.09183 117.89976 66.95721 119.45854 135.57527 71.60864 76.43598 85.36019 89.07119 
53.53417 6.20029 94.28819 139.39355 41.39753 93.75378 21.28030 83.76371 62.23678 80.23687 116.17789 77.71627 125.33098 89.30551 129.94924 112.38933 65.69698 80.23417 49.44201 98.89357 51.55174 11.02002 116.38764 93.34160 84.00548 99.07213 87.00572 x 45.38098 81.25813 74.56067 85.15387 50.89790 48.54538 72.45402 17.73889 53.93101 75.14709 100.27080 52.64463 51.45055 72.54809 90.64932 78.38572 118.61490 82.72528 18.75865 21.54647 43.48906 41.56873 
63.43737 39.18069 117.62913 149.29675 3.98345 117.13018 31.18350 41.28836 70.10046 111.71373 124.04157 87.61947 133.19466 99.20871 132.66639 95.86869 75.60018 43.02933 59.34521 108.79677 61.45494 34.36096 126.29084 47.96062 67.48484 115.46348 98.23097 45.38098 x 64.73749 82.42435 87.87102 58.76158 56.40906 95.79496 27.64209 61.79469 85.05029 123.61174 62.54783 61.35375 82.45129 100.55252 86.24940 128.51810 90.58896 26.62233 31.44967 53.39226 51.47193 
48.02392 75.05784 129.39209 144.38393 68.72094 153.00733 67.06065 23.44913 108.01713 85.68926 86.54280 81.02794 113.64400 78.63919 114.15206 31.13120 70.68736 100.45292 95.22236 77.25060 97.33209 70.23811 115.89310 112.69811 2.74735 75.77371 93.00622 81.25813 64.73749 x 116.80947 130.93422 96.67825 94.32573 107.55792 63.51924 99.71136 64.48077 100.13679 35.79561 29.80758 67.07977 126.88770 96.78407 164.39525 128.50563 64.53900 67.32682 89.26941 87.34908 
92.61706 68.36038 93.11918 121.49739 78.44090 146.30987 60.36319 95.03905 12.32389 88.92381 66.26500 35.78153 75.41809 124.80016 89.73575 121.67660 47.80082 70.35630 88.52490 70.19076 90.63463 63.54065 155.47053 130.38497 114.06212 80.36467 63.13216 74.56067 82.42435 116.80947 x 115.19799 23.66277 85.58875 77.68386 56.82178 87.45753 114.22998 105.50064 91.72752 90.53344 111.63098 129.73221 28.47283 103.65192 119.76865 55.80202 60.62936 82.57195 80.65162 
103.21026 78.95358 59.90816 188.26671 83.88757 145.32472 70.95639 129.15938 109.87335 102.00898 163.81446 126.58943 172.96755 128.85863 44.79537 161.46584 114.57014 44.84169 99.11810 140.03708 101.22783 74.13385 166.06373 135.83164 133.68157 83.17372 96.29403 85.15387 87.87102 130.93422 115.19799 x 98.53447 36.60849 81.74233 67.41498 101.56758 124.82318 92.46025 102.32072 101.12664 122.22418 138.53773 126.02229 168.29099 70.78839 66.39522 71.22256 81.58680 91.24482 
68.95429 44.69761 75.85526 123.30729 54.77813 122.64710 36.70042 78.06858 11.33888 75.53716 65.27999 59.44430 74.43308 101.13739 88.75074 120.69159 71.46359 93.82401 64.86213 93.85353 66.97186 39.87788 131.80776 106.72220 99.42560 56.70190 39.46939 50.89790 58.76158 96.67825 23.66277 98.53447 x 61.92598 54.02109 33.15901 67.31161 90.56721 81.83787 68.06475 66.87067 87.96821 106.06944 27.48782 79.98915 96.10588 32.13925 36.96659 58.90918 56.98885 
66.60177 42.34509 96.51665 152.46115 52.42561 120.29458 34.34790 96.83131 73.26486 115.60588 127.20597 90.78387 136.35906 102.37311 81.40386 125.45693 78.76458 81.45018 62.50961 111.96117 64.61934 37.52536 129.45524 104.36968 97.07308 118.62788 101.39537 48.54538 56.40906 94.32573 85.58875 36.60849 61.92598 x 98.95936 30.80649 64.95909 88.21469 126.77614 65.71223 64.51815 85.61569 103.71692 89.41380 131.68250 34.17990 29.78673 34.61407 56.55666 54.63633 
103.94815 66.25373 21.83417 165.30592 91.81151 140.66361 71.69428 121.04484 65.35997 50.61947 107.27862 103.76175 128.45417 47.11630 70.16256 96.82237 91.74246 126.58402 99.85599 101.96309 101.96572 61.43400 166.80162 143.75558 110.30527 31.78421 14.55170 72.45402 95.79496 107.55792 77.68386 81.74233 54.02109 98.95936 x 68.15287 104.34499 61.27472 27.81678 100.51312 101.86453 63.87372 123.68165 81.50891 134.01024 133.13926 69.17263 71.96045 93.90304 91.98271 
35.79528 11.53860 89.98704 121.65466 23.65864 89.48809 3.54141 66.02482 44.49789 84.79939 98.43900 59.97738 107.59209 71.56662 112.21035 94.65044 47.95809 62.49528 31.70312 81.15468 33.81285 6.71887 98.64875 75.60271 66.26659 89.86091 72.62840 17.73889 27.64209 63.51924 56.82178 67.41498 33.15901 30.80649 68.15287 x 36.19212 57.40820 95.96965 34.90574 33.71166 54.80920 72.91043 60.64683 100.87601 64.98639 1.01976 3.80758 25.75017 23.82984 
71.98740 47.73072 126.17916 137.39186 57.81124 79.16214 39.73353 102.21694 78.65049 104.81828 132.59160 51.67600 122.47863 107.75874 133.29269 130.84256 63.69529 63.53177 67.89524 86.08523 70.00497 42.91099 134.84087 109.75531 102.45871 94.91434 106.78100 53.93101 61.79469 99.71136 87.45753 101.56758 67.31161 64.95909 104.34499 36.19212 x 93.60032 132.16177 71.09786 69.90378 91.00132 83.73759 94.79943 137.06813 99.13899 35.17236 39.99970 26.78666 60.02196 
57.47572 68.94680 83.10889 171.98004 81.06684 107.70573 53.86679 87.92990 101.90609 62.29358 151.02357 110.30276 165.00029 14.15842 81.83667 95.61197 98.28347 112.82066 83.14780 138.56288 43.56137 64.12707 108.39727 133.01091 67.22812 43.45832 60.69083 75.14709 85.05029 64.48077 114.22998 124.82318 90.56721 88.21469 61.27472 57.40820 93.60032 x 89.09150 45.24741 91.11986 2.59900 62.40693 118.05503 152.32069 122.39459 58.42796 54.13296 76.07555 33.57836 
131.76493 94.07051 49.65095 182.44449 119.62829 168.48039 99.51106 123.58592 93.17675 78.43625 124.41719 131.57853 156.27095 74.93308 97.97934 69.00559 119.55924 137.30194 127.67277 129.77987 129.78250 89.25078 194.61840 171.57236 97.38944 59.60099 42.36848 100.27080 123.61174 100.13679 105.50064 92.46025 81.83787 126.77614 27.81678 95.96965 132.16177 89.09150 x 128.32990 129.68131 91.69050 151.49843 109.32569 161.82702 160.95604 96.98941 99.77723 121.71982 119.79949 
12.22831 46.44434 122.34729 149.47758 58.56438 117.31101 31.36433 59.24474 79.40363 49.89365 122.33841 87.80030 142.49783 59.40583 107.10726 66.92681 75.78101 90.31820 66.60886 113.04621 61.63577 41.62461 80.09749 110.50845 38.54296 68.72891 85.96142 52.64463 62.54783 35.79561 91.72752 102.32072 68.06475 65.71223 100.51312 34.90574 71.09786 45.24741 128.32990 x 65.60319 42.64841 100.73335 95.55257 135.78175 99.89213 35.92550 31.63050 53.57309 51.65276 
69.50694 45.25026 123.69870 155.36632 57.37030 123.19975 37.25307 53.25671 78.20955 115.49684 116.35038 81.85225 83.83642 105.27828 143.95964 60.93878 81.66975 96.20694 65.41478 47.44302 67.52451 40.43053 132.36041 109.31437 32.55493 105.58129 106.34006 51.45055 61.35375 29.80758 90.53344 101.12664 66.87067 64.51815 101.86453 33.71166 69.90378 91.11986 129.68131 65.60319 x 88.52086 106.62209 94.35849 134.58767 98.69805 34.73142 37.51924 59.46183 57.54150 
54.87672 66.34780 85.70789 169.38104 78.46784 110.30473 51.26779 90.52890 99.30709 59.69458 150.81875 107.70376 162.40129 16.75742 79.23767 98.21097 95.68447 110.22166 80.54880 135.96388 40.96237 61.52807 105.79827 130.41191 69.82712 40.85932 58.09183 72.54809 82.45129 67.07977 111.63098 122.22418 87.96821 85.61569 63.87372 54.80920 91.00132 2.59900 91.69050 42.64841 88.52086 x 59.80793 115.45603 149.72169 119.79559 55.82896 51.53396 73.47655 30.97936 
108.70571 84.44903 145.51582 187.48227 96.56907 63.44644 69.36902 138.93525 117.40832 119.50251 171.34943 125.80499 180.50252 76.56535 139.04560 158.01890 113.78570 93.69604 98.65003 154.06511 39.09758 79.62930 103.93348 148.51314 129.63505 100.66725 117.89976 90.64932 100.55252 126.88770 129.73221 138.53773 106.06944 103.71692 123.68165 72.91043 83.73759 62.40693 151.49843 100.73335 106.62209 59.80793 x 133.55726 167.82292 137.89682 73.93019 69.63519 56.95093 49.08059 
96.44211 72.18543 103.34308 95.81947 82.26595 150.13492 64.18824 73.33494 16.14894 103.02498 37.79217 64.25436 79.24314 128.62521 93.56080 93.20377 76.27365 98.82913 92.34995 98.66359 94.45968 67.36570 159.29558 134.21002 99.53142 84.18972 66.95721 78.38572 86.24940 96.78407 28.47283 126.02229 27.48782 89.41380 81.50891 60.64683 94.79943 118.05503 109.32569 95.55257 94.35849 115.45603 133.55726 x 107.47697 123.59370 59.62707 64.45441 86.39700 84.47667 
136.67129 112.41461 155.84441 203.29644 124.53465 190.36410 104.41742 158.05773 91.32803 155.52631 145.26914 139.43345 154.42223 166.47911 168.73989 195.52645 148.83410 163.37129 69.17289 173.84268 128.72534 107.59488 168.11649 176.47872 167.14260 136.69105 119.45854 118.61490 128.51810 164.39525 103.65192 168.29099 79.98915 131.68250 134.01024 100.87601 137.06813 152.32069 161.82702 135.78175 134.58767 149.72169 167.82292 107.47697 x 165.86240 101.89577 104.68359 126.62618 118.74233 
100.78167 76.52499 130.69655 186.64105 86.60551 154.47448 68.52780 131.01121 107.44476 149.78578 161.38587 124.96377 170.53896 136.55301 115.58376 159.63683 112.94448 115.63008 96.68951 146.14107 98.79924 71.70526 163.63514 138.54958 131.25298 152.80778 135.57527 82.72528 90.58896 128.50563 119.76865 70.78839 96.10588 34.17990 133.13926 64.98639 99.13899 122.39459 160.95604 99.89213 98.69805 119.79559 137.89682 123.59370 165.86240 x 63.96663 68.79397 90.73656 88.81623 
36.81504 12.55836 91.00680 122.67442 22.63888 90.50785 4.56117 67.04458 43.47813 85.81915 97.41924 60.99714 106.57233 72.58638 111.19059 95.67020 48.97785 61.68476 32.72288 82.17444 34.83261 7.73863 99.66851 74.58295 67.28635 88.84115 71.60864 18.75865 26.62233 64.53900 55.80202 66.39522 32.13925 29.78673 69.17263 1.01976 35.17236 58.42796 96.98941 35.92550 34.73142 55.82896 73.93019 59.62707 101.89577 63.96663 x 4.82734 26.76993 24.84960 
39.60286 15.34618 93.79462 117.84708 27.46622 85.68051 0.26617 69.83240 48.30547 81.52415 102.24658 56.16980 111.39967 68.29138 116.01793 98.45802 44.15051 58.68770 35.51070 84.96226 30.53761 10.52645 95.37351 79.41029 70.07417 90.07027 76.43598 21.54647 31.44967 67.32682 60.62936 71.22256 36.96659 34.61407 71.96045 3.80758 39.99970 54.13296 99.77723 31.63050 37.51924 51.53396 69.63519 64.45441 104.68359 68.79397 4.82734 x 21.94259 20.55460 
61.54545 37.28877 115.73721 139.78967 49.40881 63.73792 22.20876 91.77499 70.24806 86.96294 124.18917 78.11239 133.34226 90.23397 106.50603 120.40061 66.09310 36.74511 57.45329 106.90485 52.48020 32.46904 117.31610 101.35288 92.01676 68.12768 85.36019 43.48906 53.39226 89.26941 82.57195 81.58680 58.90918 56.55666 93.90304 25.75017 26.78666 76.07555 121.71982 53.57309 59.46183 73.47655 56.95093 86.39700 126.62618 90.73656 26.76993 21.94259 x 42.49719 
59.62512 35.36844 113.81688 138.40168 47.48848 106.23511 20.28843 89.85466 68.32773 90.67394 122.26884 76.72440 131.42193 47.73678 110.21703 118.48028 64.70511 79.24230 49.56944 104.98452 9.98301 30.54871 74.81891 99.43255 90.09643 71.83868 89.07119 41.56873 51.47193 87.34908 80.65162 91.24482 56.98885 54.63633 91.98271 23.82984 60.02196 33.57836 119.79949 51.65276 57.54150 30.97936 49.08059 84.47667 118.74233 88.81623 24.84960 20.55460 42.49719 x 
