50
25
UOF89 F8JE7 KPNHM SZKKG S1W7I C821A PN6N5 O2XJ9 GMOBL 1HTOE TH1G8 HMYFI QQ4SP 8D0H4 IY314 NV2VY 2WIJP DYG9M SXCXT SKA5V GNMDA HYEF7 JXXUO T5W7D 45DYM 49CGM 0JUN2 RQZSX VMBKR BXL4N TC4MB Z6GW2 N6XF7 N33WE ZCU97 OLSL2 EI5ZM MV8NN MXST9 MXX55 1P1UA FOXDK YUMDY KKZKB MOOJF KU8EX PGY5W XOPIR DQTJ3 YGEXQ 
SZKKG KPNHM S1W7I 8D0H4 IY314 NV2VY DYG9M SXCXT SKA5V GNMDA JXXUO T5W7D 49CGM TC4MB Z6GW2 N6XF7 ZCU97 EI5ZM MXST9 MXX55 1P1UA FOXDK YGEXQ XOPIR 0JUN2 
O2XJ9
x 1.81 2.59 2.48 3.00 x 2.65 2.25 2.85 2.43 1.45 2.35 1.81 3.38 x 2.57 1.61 x x x x 2.27 2.55 2.27 2.03 2.64 2.25 x 2.08 1.94 x x 1.72 2.64 1.77 2.58 1.97 2.16 3.08 1.37 2.06 3.52 2.60 1.81 1.96 1.26 2.70 3.10 2.61 1.93 
1.81 x 2.54 2.32 2.46 1.53 1.84 2.76 2.69 2.43 1.67 1.54 1.96 2.99 x 1.76 1.75 x x x x x 2.32 2.37 2.03 2.20 2.71 1.44 2.66 1.13 1.93 x 1.65 x 1.90 x 1.80 2.33 1.93 2.34 x 2.84 1.84 1.56 2.59 2.07 1.89 1.81 1.93 1.12 
2.59 2.54 x 2.31 2.72 3.07 1.99 3.18 2.92 1.32 2.17 2.52 2.92 2.61 3.22 3.30 x x 2.99 x 1.62 2.55 x 2.13 2.63 2.08 3.46 2.98 2.21 2.88 2.16 1.25 x x x 2.65 3.08 x x 2.09 1.92 2.60 3.38 2.92 1.50 1.33 1.65 2.25 1.62 x 
2.48 2.32 2.31 x 2.58 2.22 1.43 1.44 3.18 1.99 2.03 1.33 x 2.84 2.15 2.71 1.57 2.91 x x x x 1.51 x 1.94 2.87 2.65 1.71 1.98 2.45 2.60 2.56 2.30 x x x x 3.56 2.20 2.59 1.99 1.48 2.38 1.61 1.82 1.92 x 1.06 2.72 2.44 
3.00 2.46 2.72 2.58 x 1.95 2.55 2.07 4.01 3.57 1.55 2.66 1.89 3.43 1.67 1.55 2.29 2.87 1.99 x 2.87 3.11 x 2.64 x 2.48 1.25 2.90 1.93 2.33 2.21 2.72 1.82 2.43 x x x x x 1.63 x 2.78 1.30 1.89 2.87 3.26 3.09 x 3.05 2.10 
x 1.53 3.07 2.22 1.95 x 2.37 2.66 2.49 2.96 2.06 1.83 2.42 2.85 2.18 1.89 2.28 2.49 x 1.80 2.52 x 2.17 2.13 x x 1.59 1.97 2.09 1.66 1.51 3.01 1.12 2.73 2.43 x x x 2.46 2.14 2.67 2.58 1.31 2.08 2.92 2.93 2.95 2.16 2.52 1.41 
2.65 1.84 1.99 1.43 2.55 2.37 x 1.87 2.71 2.01 2.46 2.22 2.35 2.10 2.26 2.60 2.00 1.93 1.80 1.63 2.29 2.04 1.94 x x x x 1.91 2.41 1.97 1.34 1.44 1.73 1.56 2.03 1.73 x x x x x 1.79 2.68 2.04 2.00 1.52 x 1.37 2.29 2.79 
2.25 2.76 3.18 1.44 2.07 2.66 1.87 x 3.58 2.43 1.80 1.77 2.86 1.52 1.68 2.62 x 1.96 1.08 2.43 1.96 x 1.95 x 2.55 x x 1.33 2.42 1.90 2.21 2.31 2.60 2.21 2.13 1.15 3.02 x x x x x x 2.05 2.26 2.36 2.97 2.50 2.96 2.19 
2.85 2.69 2.92 3.18 4.01 2.49 2.71 3.58 x 3.24 2.64 2.61 2.28 2.80 2.91 3.22 2.61 2.05 2.93 2.58 2.81 3.46 3.43 3.04 1.95 x 2.92 2.25 x 3.30 2.42 3.15 2.37 2.64 2.27 3.43 3.44 1.69 x x x 2.76 x 2.28 x 2.46 x 2.34 2.30 x 
2.43 2.43 1.32 1.99 3.57 2.96 2.01 2.43 3.24 x 2.49 2.20 2.85 3.83 2.61 3.19 2.56 2.86 2.51 2.77 2.40 2.44 2.49 2.02 2.95 3.12 x 2.65 2.73 x 2.48 1.57 3.08 3.50 3.11 2.96 3.23 3.59 2.83 x x x 3.27 2.60 1.87 1.65 1.54 1.93 1.58 2.55 
1.45 1.67 2.17 2.03 1.55 2.06 2.46 1.80 2.64 2.49 x 2.83 1.36 2.02 1.12 2.10 2.02 1.70 1.72 1.79 x x 1.79 2.09 1.51 x 1.80 1.68 1.38 1.79 x 2.42 1.27 2.71 1.48 1.65 1.52 1.95 2.60 1.08 x x x x x 1.71 x x 2.16 1.55 
2.35 1.54 2.52 1.33 2.66 1.83 2.22 1.77 2.61 2.20 2.83 x 2.50 2.29 2.45 2.06 1.90 1.58 2.19 1.67 2.85 2.23 1.84 2.31 2.26 x 2.41 2.48 2.31 1.67 x x 1.95 2.18 1.36 1.92 2.57 3.30 2.47 1.76 2.20 x 2.14 x x x 2.43 1.27 2.47 1.42 
1.81 1.96 2.92 x 1.89 2.42 2.35 2.86 2.28 2.85 1.36 2.50 x 2.38 2.18 2.44 2.38 2.06 2.08 x 2.37 2.32 2.15 2.45 1.33 3.07 1.64 1.63 1.95 1.43 1.80 x x 2.91 1.84 2.01 1.16 2.83 2.89 1.44 2.55 3.09 x 1.00 x 2.79 x 2.50 2.37 1.91 
3.38 2.99 2.61 2.84 3.43 2.85 2.10 1.52 2.80 3.83 2.02 2.29 2.38 x 1.90 3.12 2.63 x 1.44 2.73 2.32 1.68 2.47 2.94 2.53 3.40 3.49 1.55 2.38 x 2.44 2.36 x x 2.50 1.37 2.54 2.97 2.04 2.10 2.39 2.89 3.16 x x 2.28 x 2.47 x 2.11 
x x 3.22 2.15 1.67 2.18 2.26 1.68 2.91 2.61 1.12 2.45 2.18 1.90 x 2.22 1.97 1.82 x 1.75 2.92 1.84 1.91 2.19 1.61 x 1.92 1.71 1.48 1.91 2.04 2.16 2.31 x x 1.53 1.64 2.22 2.26 1.20 1.49 2.63 1.97 2.18 x x 3.09 2.21 x 1.67 
2.57 1.76 3.30 2.71 1.55 1.89 2.60 2.62 3.22 3.19 2.10 2.06 2.44 3.12 2.22 x 2.51 2.64 2.54 2.69 3.41 2.41 2.30 2.77 2.61 3.03 1.30 2.20 2.48 1.89 2.40 3.04 2.01 x x x 2.56 3.05 3.31 2.18 2.71 2.23 1.85 2.88 3.58 x x x x 1.64 
1.61 1.75 x 1.57 2.29 2.28 2.00 x 2.61 2.56 2.02 1.90 2.38 2.63 1.97 2.51 x 1.76 1.31 1.22 2.19 2.53 2.00 2.24 1.66 2.78 2.54 1.96 1.53 1.88 1.51 1.43 x x 1.53 1.38 x 2.77 2.68 1.98 2.46 2.22 1.99 1.99 2.39 1.35 x x x x 
x x x 2.91 2.87 2.49 1.93 1.96 2.05 2.86 1.70 1.58 2.06 x 1.82 2.64 1.76 x 1.88 1.53 2.76 2.66 3.00 2.08 2.12 3.09 2.50 2.22 3.05 2.22 1.82 2.29 x x 1.22 x 2.22 2.65 2.88 1.62 2.31 2.72 2.72 2.06 3.08 1.41 3.16 x x x 
x x 2.99 x 1.99 x 1.80 1.08 2.93 2.51 1.72 2.19 2.08 1.44 x 2.54 1.31 1.88 x 1.53 1.88 2.22 1.91 2.38 1.55 3.09 2.24 1.25 1.68 2.19 1.82 1.74 1.99 2.04 2.35 1.07 2.94 x x 1.80 2.77 2.53 2.29 2.08 2.34 1.66 2.86 2.17 x 2.27 
x x x x x 1.80 1.63 2.43 2.58 2.77 1.79 1.67 x 2.73 1.75 2.69 1.22 1.53 1.53 x 2.41 2.59 2.22 1.91 2.35 1.56 2.39 1.78 1.75 2.09 1.29 2.38 1.68 1.80 1.31 1.60 2.31 2.74 x x 2.24 2.42 2.11 2.28 1.95 1.57 2.39 1.94 3.24 x 
x x 1.62 x 2.87 2.52 2.29 1.96 2.81 2.40 x 2.85 2.37 2.32 2.92 3.41 2.19 2.76 1.88 2.41 x 1.94 1.99 1.52 2.36 2.70 3.01 x 2.23 x 2.14 1.87 x 2.36 2.72 1.95 2.53 x 2.47 2.58 x 2.99 2.83 2.37 2.12 1.95 1.04 3.24 1.00 2.61 
2.27 x 2.55 x 3.11 x 2.04 x 3.46 2.44 x 2.23 2.32 1.68 1.84 2.41 2.53 2.66 2.22 2.59 1.94 x 1.41 2.38 1.51 3.06 2.71 1.21 1.64 x x 2.48 2.65 2.37 2.41 1.31 2.48 x x x 2.33 x 2.81 2.32 2.74 2.53 1.90 2.41 2.66 2.51 
2.55 2.32 x 1.51 x 2.17 1.94 1.95 3.43 2.49 1.79 1.84 2.15 2.47 1.91 2.30 2.00 3.00 1.91 2.22 1.99 1.41 x 1.47 1.50 2.78 2.59 1.20 1.47 2.27 2.83 2.38 2.06 2.50 2.20 1.38 x 2.74 1.69 1.80 x x x 2.12 2.33 3.07 1.95 1.57 1.99 2.26 
2.27 2.37 2.13 x 2.64 2.13 x x 3.04 2.02 2.09 2.31 2.45 2.94 2.19 2.77 2.24 2.08 2.38 1.91 1.52 2.38 1.47 x 1.84 1.89 2.72 1.67 1.71 2.42 1.62 x 2.01 1.84 2.76 1.85 x 2.69 1.81 2.17 2.58 x x x 3.13 2.01 1.48 2.36 1.52 2.49 
2.03 2.03 2.63 1.94 x x x 2.55 1.95 2.95 1.51 2.26 1.33 2.53 1.61 2.61 1.66 2.12 1.55 2.35 2.36 1.51 1.50 1.84 x 1.74 1.97 1.30 1.13 1.77 1.47 2.09 x 1.69 1.90 1.48 1.49 2.46 1.79 1.66 x x 2.82 1.33 x 2.01 3.13 2.07 2.36 2.06 
2.64 2.20 2.08 2.87 2.48 x x x x 3.12 x x 3.07 3.40 x 3.03 2.78 3.09 3.09 1.56 2.70 3.06 2.78 1.89 1.74 x 2.71 2.85 1.87 2.07 1.27 2.33 2.35 1.49 1.87 2.16 2.23 x x 2.27 2.80 2.68 x x x x 3.31 2.50 3.23 2.80 
2.25 2.71 3.46 2.65 1.25 1.59 x x 2.92 x 1.80 2.41 1.64 3.49 1.92 1.30 2.54 2.50 2.24 2.39 3.01 2.71 2.59 2.72 1.97 2.71 x 2.27 2.10 2.07 2.10 2.97 2.05 2.32 2.28 2.31 1.80 2.73 2.76 1.88 x 2.53 x 1.64 x x x 2.63 2.96 1.94 
x 1.44 2.98 1.71 2.90 1.97 1.91 1.33 2.25 2.65 1.68 2.48 1.63 1.55 1.71 2.20 1.96 2.22 1.25 1.78 x 1.21 1.20 1.67 1.30 2.85 2.27 x 1.43 1.57 1.77 1.99 1.95 1.99 x 1.18 1.79 2.63 1.49 1.60 2.20 x 2.21 1.63 x 1.91 x x 2.19 1.56 
2.08 2.66 2.21 1.98 1.93 2.09 2.41 2.42 x 2.73 1.38 2.31 1.95 2.38 1.48 2.48 1.53 3.05 1.68 1.75 2.23 1.64 1.47 1.71 1.13 1.87 2.10 1.43 x 1.89 1.60 1.96 2.01 1.82 1.86 1.61 1.62 2.33 1.92 1.71 1.97 2.46 1.78 1.46 2.26 1.88 x x x 2.20 
1.94 1.13 2.88 2.45 2.33 1.66 1.97 1.90 3.30 x 1.79 1.67 1.43 x 1.91 1.89 1.88 2.22 2.19 2.09 x x 2.27 2.42 1.77 2.07 2.07 1.57 1.89 x 1.80 2.31 1.78 2.02 2.03 1.75 1.27 2.46 2.06 1.87 2.40 3.20 1.97 1.43 x 2.20 x x x x 
x 1.93 2.16 2.60 2.21 1.51 1.34 2.21 2.42 2.48 x x 1.80 2.44 2.04 2.40 1.51 1.82 1.82 1.29 2.14 x 2.83 1.62 1.47 1.27 2.10 1.77 1.60 1.80 x 1.78 1.39 1.22 1.60 1.89 1.96 2.07 2.26 x x 2.64 1.82 1.99 1.66 x 2.10 x x x 
x x 1.25 2.56 2.72 3.01 1.44 2.31 3.15 1.57 2.42 x x 2.36 2.16 3.04 1.43 2.29 1.74 2.38 1.87 2.48 2.38 x 2.09 2.33 2.97 1.99 1.96 2.31 1.78 x 2.17 2.96 1.96 2.40 2.58 2.85 2.26 2.34 1.67 2.23 2.42 2.42 1.75 1.08 x 1.81 2.50 x 
1.72 1.65 x 2.30 1.82 1.12 1.73 2.60 2.37 3.08 1.27 1.95 x x 2.31 2.01 x x 1.99 1.68 x 2.65 2.06 2.01 x 2.35 2.05 1.95 2.01 1.78 1.39 2.17 x 1.61 1.75 1.92 1.79 1.68 2.44 1.35 2.79 x 1.43 2.20 2.05 1.98 2.49 2.10 2.43 x 
2.64 x x x 2.43 2.73 1.56 2.21 2.64 3.50 2.71 2.18 2.91 x x x x x 2.04 1.80 2.36 2.37 2.50 1.84 1.69 1.49 2.32 1.99 1.82 2.02 1.22 2.96 1.61 x 1.82 2.06 2.18 2.29 2.48 2.85 2.79 2.19 2.04 2.02 1.88 2.08 3.11 1.93 x x 
1.77 1.90 x x x 2.43 2.03 2.13 2.27 3.11 1.48 1.36 1.84 2.50 x x 1.53 1.22 2.35 1.31 2.72 2.41 2.20 2.76 1.90 1.87 2.28 x 1.86 2.03 1.60 1.96 1.75 1.82 x 1.91 2.00 2.43 2.66 1.40 2.53 2.08 2.18 1.84 1.99 2.48 2.70 1.66 2.64 1.78 
2.58 x 2.65 x x x 1.73 1.15 3.43 2.96 1.65 1.92 2.01 1.37 1.53 x 1.38 x 1.07 1.60 1.95 1.31 1.38 1.85 1.48 2.16 2.31 1.18 1.61 1.75 1.89 2.40 1.92 2.06 1.91 x 1.97 2.60 1.67 1.73 2.02 2.52 2.35 1.81 x 1.73 x 1.95 1.95 1.74 
1.97 1.80 3.08 x x x x 3.02 3.44 3.23 1.52 2.57 1.16 2.54 1.64 2.56 x 2.22 2.94 2.31 2.53 2.48 x x 1.49 2.23 1.80 1.79 1.62 1.27 1.96 2.58 1.79 2.18 2.00 1.97 x 2.47 2.28 1.60 2.13 3.08 1.93 1.16 2.19 2.23 2.86 2.56 x 1.92 
2.16 2.33 x 3.56 x x x x 1.69 3.59 1.95 3.30 2.83 2.97 2.22 3.05 2.77 2.65 x 2.74 x x 2.74 2.69 2.46 x 2.73 2.63 2.33 2.46 2.07 2.85 1.68 2.29 2.43 2.60 2.47 x x 2.04 2.71 3.45 2.50 2.63 2.63 2.42 x 2.78 3.90 3.07 
3.08 1.93 x 2.20 x 2.46 x x x 2.83 2.60 2.47 2.89 2.04 2.26 3.31 2.68 2.88 x x 2.47 x 1.69 1.81 1.79 x 2.76 1.49 1.92 2.06 2.26 2.26 2.44 2.48 2.66 1.67 2.28 x x 2.09 1.77 2.68 2.70 2.12 2.68 2.34 2.29 2.26 2.33 2.05 
1.37 2.34 2.09 2.59 1.63 2.14 x x x x 1.08 1.76 1.44 2.10 1.20 2.18 1.98 1.62 1.80 x 2.58 x 1.80 2.17 1.66 2.27 1.88 1.60 1.71 1.87 x 2.34 1.35 2.85 1.40 1.73 1.60 2.04 2.09 x 1.69 2.48 1.78 1.44 1.59 1.63 2.62 2.73 2.24 x 
2.06 x 1.92 1.99 x 2.67 x x x x x 2.20 2.55 2.39 1.49 2.71 2.46 2.31 2.77 2.24 x 2.33 x 2.58 x 2.80 x 2.20 1.97 2.40 x 1.67 2.79 2.79 2.53 2.02 2.13 2.71 1.77 1.69 x 2.35 2.46 2.13 2.28 x 2.57 1.93 2.54 2.16 
3.52 2.84 2.60 1.48 2.78 2.58 1.79 x 2.76 x x x 3.09 2.89 2.63 2.23 2.22 2.72 2.53 2.42 2.99 x x x x 2.68 2.53 x 2.46 3.20 2.64 2.23 x 2.19 2.08 2.52 3.08 3.45 2.68 2.48 2.35 x 2.86 2.09 2.85 2.31 1.95 1.42 x 2.86 
2.60 1.84 3.38 2.38 1.30 1.31 2.68 x x 3.27 x 2.14 x 3.16 1.97 1.85 1.99 2.72 2.29 2.11 2.83 2.81 x x 2.82 x x 2.21 1.78 1.97 1.82 2.42 1.43 2.04 2.18 2.35 1.93 2.50 2.70 1.78 2.46 2.86 x 1.77 2.90 2.34 2.73 2.41 2.77 2.49 
1.81 1.56 2.92 1.61 1.89 2.08 2.04 2.05 2.28 2.60 x x 1.00 x 2.18 2.88 1.99 2.06 2.08 2.28 2.37 2.32 2.12 x 1.33 x 1.64 1.63 1.46 1.43 1.99 2.42 2.20 2.02 1.84 1.81 1.16 2.63 2.12 1.44 2.13 2.09 1.77 x 2.03 2.07 2.41 1.67 2.37 1.91 
1.96 2.59 1.50 1.82 2.87 2.92 2.00 2.26 x 1.87 x x x x x 3.58 2.39 3.08 2.34 1.95 2.12 2.74 2.33 3.13 x x x x 2.26 x 1.66 1.75 2.05 1.88 1.99 x 2.19 2.63 2.68 1.59 2.28 2.85 2.90 2.03 x 1.83 2.15 1.76 2.12 2.56 
1.26 2.07 1.33 1.92 3.26 2.93 1.52 2.36 2.46 1.65 1.71 x 2.79 2.28 x x 1.35 1.41 1.66 1.57 1.95 2.53 3.07 2.01 2.01 x x 1.91 1.88 2.20 x 1.08 1.98 2.08 2.48 1.73 2.23 2.42 2.34 1.63 x 2.31 2.34 2.07 1.83 x 1.98 1.89 2.51 2.19 
2.70 1.89 1.65 x 3.09 2.95 x 2.97 x 1.54 x 2.43 x x 3.09 x x 3.16 2.86 2.39 1.04 1.90 1.95 1.48 3.13 3.31 x x x x 2.10 x 2.49 3.11 2.70 x 2.86 x 2.29 2.62 2.57 1.95 2.73 2.41 2.15 1.98 x 2.37 1.04 2.01 
3.10 1.81 2.25 1.06 x 2.16 1.37 2.50 2.34 1.93 x 1.27 2.50 2.47 2.21 x x x 2.17 1.94 3.24 2.41 1.57 2.36 2.07 2.50 2.63 x x x x 1.81 2.10 1.93 1.66 1.95 2.56 2.78 2.26 2.73 1.93 1.42 2.41 1.67 1.76 1.89 2.37 x 2.77 1.69 
2.61 1.93 1.62 2.72 3.05 2.52 2.29 2.96 2.30 1.58 2.16 2.47 2.37 x x x x x x 3.24 1.00 2.66 1.99 1.52 2.36 3.23 2.96 2.19 x x x 2.50 2.43 x 2.64 1.95 x 3.90 2.33 2.24 2.54 x 2.77 2.37 2.12 2.51 1.04 2.77 x 2.61 
1.93 1.12 x 2.44 2.10 1.41 2.79 2.19 x 2.55 1.55 1.42 1.91 2.11 1.67 1.64 x x 2.27 x 2.61 2.51 2.26 2.49 2.06 2.80 1.94 1.56 2.20 x x x x x 1.78 1.74 1.92 3.07 2.05 x 2.16 2.86 2.49 1.91 2.56 2.19 2.01 1.69 2.61 x 
