200
100
Rhode Olympia Kentucky McEnerney Senior Cheyenne Campbell East University Haviland Dwinelle Arkansas Lawrence Valley Harrisburg Hellman Martin Nebraska Donner Life Koshland Campanile Michigan New Davis South Colorado Baton Kroeber Botanical Kleeberger Fox Silver Residence Wurster Moses California Natural Idaho Indianapolis Pitzer Sibley Grinnell Cory Greenhouse CNMAT Cleary Zellerbach Montpelier Warren Calvin Nevada Parking Frank Genetics Iowa Columbia Augusta BART Austin Evans Recreational Optometry Blackwell Bowles Tang Simpson Oregon Wyoming Virginia Morgan Krutch Gilman Alaska Florida Salem LeConte Simon Berkeley Brain Wickson McCone Albany Class Heating Anthony Annapolis Jefferson Utah Durham Energy UC Goldman Doe Witter Connecticut Martinez Pennsylvania Golden Maryland West Boston Giauque Hawaii Edwards Carson Santa Salt Eshleman Oklahoma Columbus Wisconsin Memorial Denver Raleigh Bechtel Birge Andersen Lewis Mathematical Wheeler Delaware Mississippi Gayley Lower Lansing Atlanta Clark Illinois Montgomery Mulford Maine Madison Etcheverry Northwest Old Richmond Alabama Tennessee Kansas Maxwell Providence Chvez Springfield Hazardous Springer Soda Jackson Observatory Banway Durant Little Unit Hesse Hertz Police Chou Bancroft Cyclotron Minnesota Hargrove Montana Eye Moffitt Jones Phoenix Hartford Trenton McLaughlin Lincoln Ida Concord Blum Des Massachusetts Sproul Boise Boalt Tan Stadium Insectary Giannini Frankfort Tallahassee Foothill Haste Faculty Bismarck Chan Jacobs Hearst Stern Morrison International Barrows Woo Dover Nashville Topeka Ishi
Krutch Energy Hearst Campanile Providence Utah Florida Jacobs Birge Clark Bancroft Harrisburg Hawaii CNMAT Rhode Blackwell Annapolis LeConte Cory Edwards Observatory Wisconsin McLaughlin Haste Illinois Moffitt Silver Insectary Chou Little Nashville Baton Bowles Montana Moses Jefferson East Hartford Donner Lansing Chvez Hellman BART Columbia Stadium Michigan Class International Hertz Pennsylvania McEnerney Kentucky Tang Life Jones Durham Columbus Salt Heating Berkeley Sproul Maryland West Olympia Tennessee Martin Durant Concord Simpson Madison Simon Morrison Oregon Police Brain Topeka Lower Boalt Richmond Nevada University Austin Mathematical Minnesota Valley Barrows Cheyenne Montgomery Hargrove Foothill Springer Santa Etcheverry Trenton Maxwell Mulford Grinnell Warren Mississippi Cleary
Rhode
x 49 48 49 48 49 48 49 48 50 49 49 49 48 48 48 48 49 48 47 49 48 49 48 49 49 48 48 48 48 47 49 49 49 49 49 48 49 49 49 48 49 49 49 49 49 47 48 49 48 48 48 49 48 49 49 48 48 49 49 48 49 49 49 49 48 49 48 48 49 48 49 48 49 48 49 48 49 48 48 48 49 49 48 49 49 49 48 48 48 48 49 48 48 49 48 50 49 48 49 49 49 48 48 48 48 48 48 48 47 49 49 48 48 49 48 49 49 48 48 49 49 49 48 49 48 49 49 48 49 49 48 49 49 48 49 48 48 49 48 48 49 48 49 49 48 48 48 48 48 48 48 49 48 49 49 48 48 49 49 48 48 48 48 49 49 49 48 48 48 48 49 49 49 49 48 48 48 48 49 48 48 48 48 49 48 49 49 48 49 49 49 49 48 48 49 49 48 49 49
49 x 13 13 13 14 18 13 13 14 14 14 14 14 13 14 13 14 14 13 13 13 13 14 13 13 14 13 14 13 13 14 13 14 14 14 14 14 13 14 13 14 14 14 14 14 13 18 14 13 13 14 14 13 13 14 13 14 14 14 14 13 14 13 14 13 14 14 14 13 14 14 14 14 14 14 13 14 13 13 14 14 14 14 14 14 14 14 13 13 13 13 13 14 13 13 13 14 14 14 14 13 14 14 13 13 14 13 14 14 13 14 14 14 14 14 13 13 14 14 14 14 14 13 14 13 14 14 13 14 14 13 14 13 14 14 13 13 14 14 13 14 14 14 14 13 14 14 13 14 14 13 14 14 13 13 14 13 13 14 13 13 13 14 14 14 14 14 14 14 13 14 13 14 14 14 13 14 14 14 14 14 13 13 13 13 14 14 13 14 14 14 14 14 13 13 14 14 14 14
48 13 x 18 12 7 23 13 7 9 7 8 8 9 7 9 10 9 12 10 7 7 7 8 8 7 8 7 8 8 7 7 7 7 7 8 8 8 7 8 7 8 7 8 8 8 9 11 8 7 8 8 7 7 7 7 7 9 7 7 7 9 8 7 7 8 8 7 7 7 7 7 7 9 7 8 7 7 8 7 7 8 7 7 8 7 6 7 7 7 8 11 7 7 7 8 7 7 7 7 7 8 7 8 7 7 8 7 8 8 7 8 7 8 7 10 8 7 9 7 7 7 7 7 8 8 7 8 7 7 7 7 8 7 8 8 7 7 7 7 7 7 8 8 7 7 8 8 7 10 8 7 7 10 7 8 8 7 8 8 11 7 8 7 9 8 8 7 8 7 8 7 10 7 10 8 8 7 8 8 7 7 7 8 7 8 8 7 8 8 7 8 7 7 7 7 8 12 7 8
49 13 18 x 23 23 23 23 23 23 24 23 24 24 23 24 23 25 23 23 23 23 22 23 24 23 25 23 24 23 23 24 23 24 23 23 24 24 23 24 23 24 23 24 23 25 24 24 23 23 24 24 23 23 23 24 24 24 24 23 23 23 24 23 25 23 24 24 23 22 24 24 24 25 24 23 23 25 23 23 24 24 23 24 23 24 22 23 24 24 24 23 24 24 24 24 23 24 24 23 24 23 23 24 23 23 23 23 24 22 23 24 23 23 23 23 23 23 24 23 24 23 24 23 23 24 25 23 24 23 24 24 23 23 24 24 23 24 24 23 23 24 23 23 23 23 24 24 24 24 24 23 23 24 23 23 24 23 25 24 23 24 23 23 24 23 23 24 23 23 24 23 23 23 25 24 23 24 24 23 24 24 24 25 24 24 23 24 23 23 23 23 24 24 24 23 23 24 24 24
48 13 12 23 x 17 16 15 15 18 16 18 17 17 17 17 17 17 16 16 16 16 17 17 18 17 17 17 16 17 16 17 16 18 16 16 17 17 17 17 16 16 17 17 18 16 19 17 17 18 15 17 17 18 17 16 16 17 17 16 17 16 17 16 17 16 17 17 16 17 18 17 16 17 17 19 17 16 16 16 17 17 17 17 17 17 16 16 16 17 17 15 17 17 16 17 18 17 18 17 17 19 16 16 17 17 17 18 17 18 15 17 17 16 16 17 16 17 17 17 17 16 17 16 17 17 17 17 17 17 16 17 18 17 17 17 16 16 17 17 16 17 16 17 17 16 17 17 19 17 17 17 16 17 17 17 17 17 16 17 17 16 17 17 17 17 17 17 17 17 17 17 17 16 17 17 16 17 17 17 17 17 17 17 17 17 17 17 17 16 17 17 17 17 17 17 17 18 17 16
49 14 7 23 17 x 19 11 12 12 11 12 12 12 11 12 12 12 12 12 14 12 12 12 12 12 13 14 13 12 12 12 12 12 11 12 12 12 12 12 12 12 13 13 12 12 12 15 12 13 11 12 12 13 12 12 13 12 12 13 13 11 14 12 11 12 12 13 12 12 12 13 12 13 12 12 12 12 12 13 11 12 11 12 13 14 12 11 13 12 12 12 11 12 11 13 13 12 12 11 12 12 13 12 12 11 12 14 12 12 11 12 13 12 13 12 12 11 12 13 11 12 12 13 12 12 12 14 13 13 13 13 12 12 13 13 13 12 12 12 12 14 12 12 12 13 12 12 11 13 12 12 12 12 12 12 15 11 12 13 12 13 13 12 12 12 12 12 12 13 13 12 12 12 12 13 12 12 12 12 13 13 12 12 12 13 13 12 13 13 12 13 12 12 12 11 12 15 12 13
48 18 23 23 16 19 x 25 26 24 25 25 26 26 25 25 25 26 27 24 25 25 23 25 23 24 26 26 25 26 23 25 26 26 25 24 26 25 27 25 26 25 26 28 26 28 24 30 26 26 27 25 25 26 26 26 25 28 27 25 27 26 25 27 26 28 26 25 26 25 29 26 24 26 25 27 24 25 26 27 26 27 26 27 25 26 29 24 25 26 27 24 25 25 27 26 27 25 30 27 27 28 25 26 29 26 27 26 25 24 25 26 26 26 26 25 26 26 26 27 28 26 27 26 26 27 25 27 25 26 26 26 28 25 26 28 25 27 26 27 25 27 26 26 26 25 27 26 26 27 27 26 27 26 27 27 27 26 26 27 25 26 26 26 28 26 26 26 24 30 25 26 26 26 30 27 26 28 25 26 26 26 25 26 26 25 26 26 25 26 26 25 25 25 28 26 25 27 26 27
49 13 13 23 15 11 25 x 16 16 16 16 16 17 16 17 19 17 17 16 17 16 17 16 19 17 18 18 16 20 15 16 17 17 16 18 19 17 17 17 16 17 17 16 17 16 16 16 17 17 16 17 18 15 18 16 16 16 17 17 16 17 16 18 16 16 17 17 18 18 16 18 17 17 16 16 17 16 18 18 17 16 15 17 18 16 17 17 17 18 18 16 17 16 17 17 17 17 18 16 16 17 17 17 18 17 16 17 16 15 17 17 18 16 17 17 16 17 17 19 18 17 17 17 17 17 17 17 17 18 16 17 17 17 17 17 16 17 18 17 17 17 16 17 17 17 17 18 18 17 17 18 18 18 19 18 17 17 16 18 16 18 17 17 17 17 17 18 17 16 17 17 19 16 17 17 17 16 17 17 18 17 16 18 18 17 18 17 18 16 18 17 17 17 17 17 16 18 18 16
48 13 7 23 15 12 26 16 x 10 9 9 10 9 10 11 9 10 10 9 9 10 9 10 9 11 10 10 10 10 9 10 9 9 9 10 10 9 10 10 9 11 10 10 12 10 9 10 10 10 10 11 10 9 9 10 11 9 10 10 10 9 11 10 10 10 10 11 10 10 11 11 10 11 10 9 11 11 11 10 10 9 10 10 10 10 9 10 10 10 9 9 10 10 10 10 10 9 10 10 11 10 10 10 9 11 10 10 10 9 12 10 10 10 10 10 10 9 10 13 9 11 11 11 10 10 10 11 9 10 10 10 10 10 10 10 11 10 10 9 10 10 9 13 10 10 11 10 10 9 10 9 10 10 9 11 10 11 10 10 10 11 11 11 10 10 10 11 11 10 11 9 10 9 10 11 11 11 10 9 10 10 10 10 10 11 10 10 10 11 10 11 10 11 9 10 10 11 10 9
50 14 9 23 18 12 24 16 10 x 12 13 12 12 11 12 12 12 13 11 12 12 12 12 12 13 12 12 12 12 13 12 13 12 11 13 13 13 13 13 14 13 12 13 13 12 12 12 14 13 12 16 12 12 12 13 13 13 12 12 13 13 14 13 13 12 13 13 12 12 12 13 13 11 12 13 12 12 15 14 12 12 14 13 13 12 11 13 12 12 13 12 13 12 15 12 12 12 13 13 13 14 12 12 13 12 13 13 13 12 12 13 13 13 12 12 13 14 12 13 13 13 13 13 12 12 13 12 13 13 14 12 12 13 13 13 12 13 13 13 13 14 13 13 13 13 13 13 13 12 12 13 12 13 13 13 13 12 13 13 12 12 13 13 12 12 14 13 13 12 12 13 12 13 12 13 12 13 13 13 12 13 12 12 13 12 12 12 12 13 13 12 12 13 13 12 13 12 13 14
49 14 7 24 16 11 25 16 9 12 x 10 11 11 11 12 9 11 11 11 11 11 11 12 10 11 12 13 11 12 12 11 11 12 13 11 12 11 11 11 10 12 11 11 12 13 11 11 12 11 11 12 12 10 11 11 11 11 12 12 12 10 13 10 13 11 12 12 11 11 12 12 12 13 12 11 11 11 11 10 11 11 11 11 11 12 12 11 12 11 11 11 13 11 11 12 11 11 11 11 11 11 11 12 12 12 11 11 11 10 11 12 12 12 11 11 11 10 12 11 11 12 11 11 12 12 11 12 11 11 12 12 11 11 12 12 13 12 11 11 12 11 11 13 12 12 13 11 11 12 12 11 12 12 12 11 11 12 11 12 9 12 12 11 11 12 12 11 12 11 13 11 11 11 12 13 11 11 11 11 12 12 11 12 11 11 11 11 11 13 12 13 11 13 12 11 12 10 12 11
49 14 8 23 18 12 25 16 9 13 10 x 12 12 11 13 9 11 11 11 12 11 10 11 11 11 13 11 11 12 12 12 12 10 9 13 12 10 11 12 11 12 11 11 12 10 12 12 12 12 12 11 13 11 12 11 11 12 11 12 12 11 13 10 11 11 12 12 12 11 12 12 11 11 11 10 12 11 11 11 11 11 12 12 12 11 12 12 11 13 12 11 12 12 11 11 11 11 12 11 11 12 10 12 11 11 12 12 12 10 12 12 13 12 11 11 11 11 11 12 11 12 13 12 12 12 13 11 12 12 13 11 12 11 13 11 11 11 12 11 11 11 11 11 12 13 13 12 11 12 11 11 13 13 11 12 11 12 11 12 10 12 12 12 10 13 11 11 11 11 12 11 12 12 11 12 11 12 11 11 12 12 11 11 11 11 12 11 12 12 12 11 12 12 13 12 11 11 12 12
49 14 8 24 17 12 26 16 10 12 11 12 x 8 9 9 8 10 10 9 9 9 9 8 8 11 10 8 9 9 9 9 8 8 7 9 8 8 8 8 9 9 10 10 9 8 9 9 9 9 9 9 10 8 9 9 9 9 9 9 10 8 10 9 8 8 9 8 8 8 10 9 8 8 9 9 8 8 9 9 8 9 9 9 9 9 7 8 9 9 9 9 9 9 9 8 8 9 9 9 9 10 8 9 9 10 9 9 8 8 9 8 9 9 9 10 9 9 9 9 8 9 9 8 8 9 9 9 9 9 9 9 9 9 9 9 9 8 8 9 10 10 11 9 9 9 10 8 8 9 9 8 9 9 9 9 8 8 8 9 10 8 8 9 9 9 9 10 9 10 9 8 8 9 10 8 10 8 9 9 9 9 9 10 8 9 9 9 9 9 9 9 9 9 9 9 9 8 9 9
48 14 9 24 17 12 26 17 9 12 11 12 8 x 12 15 13 12 14 12 13 12 12 12 13 12 14 13 13 13 14 12 12 13 12 15 13 12 14 15 14 13 13 15 14 12 13 14 13 13 12 13 14 12 14 14 13 13 14 13 13 13 13 14 13 13 13 13 13 13 13 14 14 12 13 12 11 12 14 12 13 13 13 12 14 13 12 13 13 13 13 12 13 14 12 14 12 12 14 14 14 13 14 14 12 13 13 13 14 13 15 13 13 13 13 13 13 13 13 13 15 13 14 14 14 16 12 13 13 14 14 13 14 13 14 13 13 14 14 13 12 12 12 13 14 14 13 13 12 13 15 13 14 13 13 13 13 14 13 13 13 14 13 13 13 13 13 13 15 13 14 13 13 13 12 12 13 13 14 15 13 13 13 14 14 13 13 12 13 13 13 13 12 14 14 13 13 13 13 13
48 13 7 23 17 11 25 16 10 11 11 11 9 12 x 10 8 10 10 9 9 9 9 9 8 9 10 10 9 10 9 9 8 8 8 9 10 8 9 9 7 10 10 9 10 8 9 9 9 9 9 10 10 8 8 9 9 9 9 10 9 9 10 8 9 9 9 11 9 10 9 9 9 9 11 7 8 10 9 9 9 9 9 10 10 8 8 8 9 8 9 8 9 9 9 9 10 9 9 10 9 9 9 9 9 9 9 9 9 8 9 9 9 9 10 9 8 9 10 10 8 9 9 9 9 10 9 7 9 9 9 8 10 9 9 10 10 9 9 9 9 9 8 10 9 9 10 9 11 9 9 10 9 9 8 9 10 11 9 9 8 9 9 8 10 9 8 8 11 9 9 8 9 9 9 10 8 11 9 9 9 10 10 9 8 9 9 9 8 9 9 9 9 11 10 10 9 7 10 10
48 14 9 24 17 12 25 17 11 12 12 13 9 15 10 x 12 13 16 13 15 16 15 14 14 14 14 15 15 15 15 14 14 14 12 15 14 13 14 14 13 16 14 13 14 13 14 16 14 14 14 15 14 15 14 15 14 13 13 14 14 13 14 14 15 14 15 14 15 14 14 15 14 13 14 16 13 14 14 14 13 14 14 14 15 14 13 15 15 14 14 14 15 13 13 15 13 14 14 14 14 15 14 14 14 14 14 14 14 13 14 14 15 15 14 13 14 14 14 14 14 14 14 16 14 14 14 14 14 15 14 15 14 15 15 15 14 14 14 14 16 16 15 14 15 14 14 13 14 15 14 14 14 15 13 15 14 14 14 15 13 13 15 14 15 14 14 14 14 14 14 14 14 14 13 13 14 14 14 14 15 14 14 14 14 14 15 14 16 14 14 14 15 15 14 14 15 14 14 14
48 13 10 23 17 12 25 19 9 12 9 9 8 13 8 12 x 14 15 14 14 15 15 16 14 14 15 14 14 15 14 14 14 15 12 16 15 14 15 15 14 16 15 14 16 14 15 14 15 15 15 15 15 13 14 15 15 15 15 15 14 15 15 14 14 15 15 15 14 15 15 15 14 14 14 15 14 14 14 15 15 14 14 15 15 14 13 15 15 14 15 14 15 15 15 16 15 14 15 15 15 15 16 15 15 14 15 15 15 15 15 14 16 15 15 16 15 14 15 15 15 16 15 14 15 16 15 14 15 15 16 14 17 15 15 15 16 15 15 15 15 15 15 14 14 14 15 15 14 15 15 14 16 14 15 15 14 14 15 15 13 15 14 14 14 14 15 15 14 15 15 15 15 15 14 14 14 15 14 15 15 15 14 16 16 15 15 15 14 15 16 15 15 15 15 14 15 14 16 14
49 14 9 25 17 12 26 17 10 12 11 11 10 12 10 13 14 x 14 14 14 15 14 15 14 14 15 13 14 15 15 14 14 14 12 15 14 15 15 14 14 14 15 14 15 15 15 15 14 14 14 14 15 13 14 14 14 15 15 14 14 16 15 14 15 14 14 14 14 13 15 15 14 14 14 14 13 15 15 14 15 14 15 15 14 14 12 14 14 14 15 13 15 14 15 15 15 15 15 16 15 16 14 15 15 15 15 15 15 13 15 14 15 15 14 14 14 14 15 15 14 14 15 14 16 14 16 14 15 15 15 14 15 14 15 14 14 14 14 15 15 15 15 14 15 14 15 15 14 15 14 15 15 16 14 15 14 15 16 15 14 14 14 14 14 15 14 14 14 14 16 14 14 15 14 14 15 16 14 15 15 15 14 16 14 14 15 14 15 15 14 15 15 15 15 14 15 14 16 15
48 14 12 23 16 12 27 17 10 13 11 11 10 14 10 16 15 14 x 15 14 16 15 17 15 15 16 15 16 15 16 16 15 15 14 16 16 16 16 16 14 16 17 14 15 14 15 16 15 17 16 16 16 15 14 16 15 16 16 17 16 15 19 15 16 15 15 16 17 17 19 17 15 16 16 16 17 15 15 15 15 15 15 16 15 16 16 16 16 15 15 16 16 16 16 16 16 15 15 16 15 15 15 16 17 16 16 16 16 15 15 16 16 16 16 15 16 16 16 16 15 16 17 14 16 16 16 16 17 16 16 15 16 16 17 16 16 15 16 15 15 16 16 15 16 18 17 18 16 15 16 16 17 16 16 16 18 16 16 16 13 16 17 15 16 15 16 15 16 17 16 16 16 16 16 15 16 15 16 16 16 16 16 16 15 15 17 16 16 18 16 18 16 15 15 16 16 14 17 15
47 13 10 23 16 12 24 16 9 11 11 11 9 12 9 13 14 14 15 x 17 14 14 13 14 14 13 15 14 15 14 15 14 14 12 14 14 14 16 15 14 15 13 13 14 13 14 15 16 15 14 14 14 13 14 14 15 14 14 14 14 14 15 14 13 13 15 13 15 15 14 14 13 13 13 15 13 14 14 14 13 14 15 14 14 15 14 14 14 14 14 17 14 15 14 14 14 15 14 15 15 14 15 15 16 15 14 15 16 14 14 14 15 14 15 17 14 14 15 14 16 15 15 13 13 15 14 14 15 15 15 14 15 14 15 15 14 15 15 15 14 14 16 14 15 14 14 14 15 14 14 14 14 14 15 15 14 14 15 15 14 16 13 14 14 14 14 14 15 17 15 14 14 15 14 15 14 14 15 14 14 15 14 15 15 14 14 15 14 15 14 14 15 14 15 14 16 13 14 15
49 13 7 23 16 14 25 17 9 12 11 12 9 13 9 15 14 14 14 17 x 12 11 12 12 11 15 12 12 13 12 12 12 12 11 13 13 12 13 12 12 12 13 13 13 11 12 13 12 12 12 11 13 11 12 12 13 14 12 12 13 14 12 12 14 12 13 11 13 11 12 13 13 12 12 11 11 12 13 12 12 12 12 12 13 12 11 11 12 11 12 11 12 12 12 13 12 13 12 14 12 12 13 13 13 14 13 13 11 12 12 12 12 13 13 12 12 11 13 13 12 12 13 13 12 13 12 12 13 12 14 12 12 13 14 12 12 12 12 13 14 12 12 12 12 13 12 12 14 12 12 13 12 13 13 12 13 13 13 13 11 12 12 12 11 13 13 14 12 13 14 12 11 12 12 13 12 11 12 13 13 13 13 12 13 12 12 12 13 13 13 13 13 13 13 14 13 12 12 13
48 13 7 23 16 12 25 16 10 12 11 11 9 12 9 16 15 15 16 14 12 x 7 7 8 6 10 6 9 10 6 6 7 8 7 7 7 8 7 7 6 7 10 8 7 7 8 10 6 7 7 6 7 6 5 7 8 8 8 7 7 8 7 7 6 7 7 6 6 7 6 7 9 6 7 6 6 6 8 6 7 7 6 9 6 7 8 7 8 7 7 10 7 7 9 7 8 9 7 6 6 8 7 8 7 7 7 6 7 8 7 7 7 8 7 7 6 9 8 7 8 8 7 7 7 8 7 7 8 7 8 7 8 7 7 7 8 7 7 7 7 7 6 8 7 7 7 7 8 6 7 7 7 9 7 7 6 7 8 7 7 8 8 8 6 8 7 8 7 7 11 7 7 7 7 9 8 7 9 9 7 7 7 7 8 7 8 7 7 7 7 7 7 7 7 7 8 9 7 7
49 13 7 22 17 12 23 17 9 12 11 10 9 12 9 15 15 14 15 14 11 7 x 12 11 10 12 11 11 14 11 10 11 12 9 13 12 11 13 11 11 10 11 14 12 11 12 12 12 13 11 12 11 10 11 11 12 11 13 11 13 11 11 11 10 11 11 11 11 12 11 11 12 10 11 11 11 12 12 11 11 12 11 11 11 11 11 12 13 13 12 12 12 11 11 13 11 11 13 11 12 13 13 12 12 11 12 11 12 10 11 11 13 12 11 11 11 11 12 13 11 13 11 12 11 13 10 12 12 12 13 12 11 11 12 12 12 13 12 11 12 11 11 11 13 11 13 13 13 12 12 11 12 11 12 13 11 13 13 12 10 14 13 12 11 12 11 11 14 11 13 12 12 14 12 13 13 11 12 12 13 13 11 12 12 12 12 12 11 12 12 12 12 12 12 11 11 11 12 12
48 14 8 23 17 12 25 16 10 12 12 11 8 12 9 14 16 15 17 13 12 7 12 x 11 11 11 12 11 10 12 12 12 11 8 13 11 10 12 12 10 11 11 11 13 10 13 11 13 11 13 10 12 11 9 13 11 11 11 11 12 12 12 14 10 12 12 10 11 10 11 11 13 13 12 10 10 12 15 11 12 12 11 12 12 13 9 12 13 12 14 11 11 11 12 14 10 12 13 13 11 14 12 12 12 11 12 12 11 10 12 12 13 12 13 11 13 11 12 11 11 12 12 14 11 11 12 11 12 13 13 13 12 13 12 12 11 11 13 12 11 12 12 11 13 12 12 12 13 12 12 13 12 12 12 13 13 13 13 12 14 12 11 12 12 13 14 11 11 12 11 12 11 12 11 12 11 13 12 13 13 13 12 11 12 11 11 11 11 13 11 12 13 13 12 14 12 11 12 14
49 13 8 24 18 12 23 19 9 12 10 11 8 13 8 14 14 14 15 14 12 8 11 11 x 6 9 6 7 8 6 8 7 8 8 7 6 9 7 7 7 7 7 7 8 6 8 11 7 9 7 7 7 6 7 7 8 8 7 10 7 6 8 6 6 7 7 7 7 6 8 10 6 7 7 7 7 7 6 7 6 6 9 7 7 8 9 7 7 6 7 10 7 8 7 7 7 7 7 8 8 6 7 8 9 7 7 8 9 7 7 7 7 7 7 6 7 7 8 7 7 7 7 8 7 8 6 7 7 7 8 7 8 7 7 7 8 7 7 8 8 7 8 9 8 7 7 7 7 7 7 8 7 9 7 9 7 7 8 8 7 8 7 7 7 8 7 7 8 7 10 7 6 8 8 10 7 7 8 8 8 7 8 7 7 7 8 7 7 7 7 10 7 8 7 7 7 8 9 7
49 13 7 23 17 12 24 17 11 13 11 11 11 12 9 14 14 14 15 14 11 6 10 11 6 x 9 8 9 8 8 9 10 8 7 9 9 7 9 10 8 8 7 9 9 8 9 8 9 9 10 8 10 7 8 11 9 8 11 10 9 10 9 8 8 8 10 8 9 8 9 9 9 8 9 8 8 9 10 9 8 9 9 10 8 9 8 8 9 8 9 9 9 9 9 11 8 9 9 10 9 9 9 9 9 9 10 10 9 8 8 10 9 9 9 8 9 9 11 10 8 10 11 9 9 9 9 9 9 9 9 9 9 9 10 8 11 10 9 9 11 9 9 9 9 10 9 9 8 9 9 8 9 10 8 9 8 9 8 9 8 10 9 9 8 9 10 10 10 9 9 10 9 9 8 8 11 9 9 10 10 9 9 9 10 9 10 9 11 9 10 9 11 10 9 9 10 8 9 10
48 14 8 25 17 13 26 18 10 12 12 13 10 14 10 14 15 15 16 13 15 10 12 11 9 9 x 11 12 11 12 11 11 11 9 11 11 11 12 12 10 12 10 14 11 12 13 11 11 11 13 10 12 11 10 10 12 10 11 11 11 11 13 10 11 13 11 11 12 12 12 11 11 11 12 11 11 12 13 12 11 11 12 13 12 14 10 14 12 13 12 11 12 11 12 11 14 11 11 12 12 12 12 11 13 11 12 12 12 12 11 12 11 11 11 10 11 11 12 11 11 13 13 14 11 13 11 12 14 14 13 13 15 11 14 12 13 14 13 12 11 12 14 13 12 12 12 11 11 11 11 11 13 12 12 12 12 13 10 12 11 11 14 14 12 11 13 14 11 12 12 12 11 11 11 12 12 11 12 11 12 11 12 11 11 11 11 12 13 13 12 12 12 11 12 11 13 11 13 12
48 13 7 23 17 14 26 18 10 12 13 11 8 13 10 15 14 13 15 15 12 6 11 12 6 8 11 x 8 8 8 10 8 7 7 7 8 8 8 8 7 8 7 7 8 7 8 10 8 8 7 7 8 8 7 7 8 8 7 7 10 8 8 7 7 8 7 9 8 10 9 8 7 8 10 6 7 8 8 7 6 8 8 8 8 8 6 8 7 7 8 9 8 8 8 7 9 9 8 9 8 8 9 9 8 8 8 7 8 7 8 8 8 8 8 7 8 7 9 8 7 7 8 8 9 10 8 7 9 8 8 8 7 8 10 8 9 10 9 8 8 8 8 7 10 8 9 8 7 8 8 8 9 9 8 8 8 8 7 8 7 8 8 8 8 8 8 8 8 8 9 8 8 8 9 8 8 8 8 9 8 8 8 8 8 7 8 9 7 7 10 8 8 8 9 7 10 8 10 9
48 14 8 24 16 13 25 16 10 12 11 11 9 13 9 15 14 14 16 14 12 9 11 11 7 9 12 8 x 6 6 6 7 8 8 8 6 9 8 6 6 6 7 6 7 6 8 10 7 7 8 7 7 6 7 7 8 9 7 6 7 7 8 7 6 7 7 6 8 6 7 8 7 8 7 8 7 8 6 7 7 7 7 7 7 7 8 7 9 8 6 9 8 7 8 8 7 7 8 8 8 7 8 9 8 6 8 8 7 7 8 7 7 7 9 7 8 8 9 7 7 7 7 7 10 7 9 7 8 6 8 8 8 7 7 7 7 7 7 7 8 7 8 7 9 7 7 7 7 7 7 7 7 8 7 7 7 9 8 8 7 7 7 6 6 8 7 7 8 7 10 7 6 8 8 7 7 7 8 9 8 8 7 8 7 7 8 7 7 7 7 8 8 7 7 7 8 6 7 8
48 13 8 23 17 12 26 20 10 12 12 12 9 13 10 15 15 15 15 15 13 10 14 10 8 8 11 8 6 x 9 7 7 8 7 10 9 9 9 8 7 7 8 10 9 7 8 10 10 10 8 9 9 6 7 10 9 7 8 9 7 7 9 6 10 7 7 9 11 8 9 12 9 8 10 8 8 10 8 10 8 8 7 10 9 7 8 7 11 9 10 9 10 9 9 8 7 10 9 9 9 10 9 9 8 9 9 9 8 9 8 9 9 9 10 6 9 8 11 10 7 10 9 9 10 9 8 8 10 9 9 9 8 8 10 9 10 12 9 8 9 8 9 9 9 8 11 7 8 9 8 11 12 9 8 9 7 9 10 9 8 9 9 9 8 9 8 8 9 10 9 9 8 10 9 12 8 8 8 9 9 9 11 8 9 8 8 8 9 8 9 9 10 11 9 8 9 7 9 9
47 13 7 23 16 12 23 15 9 13 12 12 9 14 9 15 14 15 16 14 12 6 11 12 6 8 12 8 6 9 x 8 9 7 7 11 10 10 7 7 6 7 8 7 7 9 9 10 9 7 8 6 8 6 9 8 7 8 7 8 8 8 9 7 7 9 8 7 7 9 8 9 7 7 7 7 7 8 7 7 7 10 9 7 8 7 7 7 9 8 7 11 9 8 8 7 8 9 8 8 8 7 8 8 7 9 8 8 8 8 8 10 9 7 7 9 7 9 10 9 10 7 7 10 7 7 8 7 8 8 8 8 8 8 8 8 9 7 10 8 7 8 7 7 8 8 7 9 7 7 8 9 8 9 8 7 7 8 8 9 7 8 8 8 7 8 8 7 8 8 9 8 7 7 7 8 7 9 8 9 8 7 9 8 7 8 8 7 8 8 8 8 8 8 8 8 8 7 9 8
49 14 7 24 17 12 25 16 10 12 11 12 9 12 9 14 14 14 16 15 12 6 10 12 8 9 11 10 6 7 8 x 8 10 8 9 9 8 10 9 9 8 11 9 9 9 9 9 9 10 10 9 10 9 9 9 10 9 8 10 8 9 9 9 8 8 10 9 11 8 9 9 10 9 10 9 9 9 10 10 9 9 10 9 11 10 8 8 9 10 10 9 10 9 9 11 11 9 11 9 9 12 10 10 11 9 10 10 10 8 10 9 9 10 9 8 9 9 9 10 11 9 9 12 10 10 9 9 10 9 10 10 9 11 11 9 8 9 10 10 10 9 10 9 10 12 10 9 12 8 8 9 9 11 9 10 9 10 9 10 9 11 9 9 10 9 9 9 10 11 9 9 8 9 11 9 10 11 9 11 10 9 9 9 10 9 10 10 10 10 9 10 11 10 10 9 10 9 9 10
49 13 7 23 16 12 26 17 9 13 11 12 8 12 8 14 14 14 15 14 12 7 11 12 7 10 11 8 7 7 9 8 x 9 8 9 10 9 12 12 9 8 10 11 9 8 11 10 10 9 9 8 11 11 10 9 9 10 9 9 10 10 9 10 8 10 8 9 10 10 10 11 10 9 9 11 10 9 13 11 10 10 9 10 9 8 9 10 10 9 9 9 9 11 10 10 9 10 10 10 12 10 11 9 11 9 11 11 9 9 11 11 8 9 10 9 9 9 11 10 9 10 10 12 10 11 11 9 10 10 10 10 10 10 11 10 10 10 10 10 10 12 11 10 11 10 10 9 10 9 9 10 12 10 11 9 9 11 9 12 8 9 11 9 10 10 10 13 10 9 9 9 8 11 10 10 12 9 11 9 12 9 9 10 10 9 10 10 10 11 9 10 9 10 10 10 9 11 10 10
49 14 7 24 18 12 26 17 9 12 12 10 8 13 8 14 15 14 15 14 12 8 12 11 8 8 11 7 8 8 7 10 9 x 9 11 11 11 11 11 12 10 10 10 12 11 11 11 11 11 12 12 11 11 13 11 11 11 10 12 11 13 12 12 11 11 11 12 12 10 12 12 12 10 12 11 10 11 11 10 10 13 11 11 11 13 9 11 12 11 12 11 11 14 11 13 13 12 12 11 12 12 11 12 11 12 13 12 12 11 11 12 11 12 11 10 12 12 14 11 12 14 13 12 13 12 11 11 13 13 12 11 11 12 12 12 12 11 12 12 10 13 11 12 14 11 12 12 12 11 11 12 12 12 12 12 12 11 12 11 14 11 12 11 11 13 12 11 14 14 12 12 10 12 11 12 11 12 12 12 14 13 10 12 11 12 14 12 14 12 14 13 12 12 13 10 13 11 12 14
49 14 7 23 16 11 25 16 9 11 13 9 7 12 8 12 12 12 14 12 11 7 9 8 8 7 9 7 8 7 7 8 8 9 x 10 11 9 13 10 13 10 10 9 12 10 10 11 12 11 10 11 12 11 10 11 11 10 10 12 9 11 13 10 10 12 10 10 12 10 11 11 10 11 12 10 11 11 12 10 11 11 12 13 11 11 10 11 12 12 11 10 11 11 10 11 11 11 11 11 10 11 11 10 10 11 12 12 11 10 11 10 10 11 12 10 10 13 12 11 11 11 11 12 11 11 11 11 11 12 12 12 12 12 11 11 12 14 11 11 12 11 12 11 11 11 14 10 12 11 11 13 11 11 12 11 11 11 12 11 8 12 11 11 11 12 11 13 13 12 10 11 10 13 11 14 10 10 11 10 11 13 9 11 13 12 12 11 11 11 11 12 10 14 11 11 12 10 11 11
49 14 8 23 16 12 24 18 10 13 11 13 9 15 9 15 16 15 16 14 13 7 13 13 7 9 11 7 8 10 11 9 9 11 10 x 8 10 7 7 9 7 9 6 8 7 7 12 7 7 9 9 8 7 8 8 7 10 6 7 6 7 8 7 6 7 7 8 8 7 7 7 7 9 9 6 7 7 7 7 7 8 7 8 7 7 7 7 9 8 8 9 8 7 7 9 8 7 8 7 9 7 10 10 6 9 8 9 7 7 8 7 7 8 7 10 7 8 9 7 9 8 8 8 8 8 8 7 8 7 8 8 9 9 8 8 7 7 9 8 10 8 8 8 8 8 7 8 7 9 7 10 8 8 8 8 9 7 8 8 7 8 7 7 7 8 9 7 9 7 10 8 7 9 10 8 8 8 8 10 7 9 6 8 7 7 8 8 7 9 8 8 7 11 8 9 8 7 8 9
48 14 8 24 17 12 26 19 10 13 12 12 8 13 10 14 15 14 16 14 13 7 12 11 6 9 11 8 6 9 10 9 10 11 11 8 x 9 6 9 6 7 7 7 7 6 8 11 7 8 7 8 7 6 7 6 6 9 7 7 8 6 7 7 5 6 7 6 7 5 7 8 6 7 6 6 7 7 9 7 7 6 7 7 6 6 10 7 8 8 6 11 7 7 8 7 8 8 7 7 7 6 7 8 7 6 8 7 6 7 6 8 7 7 7 6 6 8 7 6 7 7 7 7 7 7 6 6 7 7 9 7 8 7 7 7 8 7 8 6 8 6 7 7 8 9 6 8 6 7 7 7 7 8 9 7 8 7 7 7 6 6 10 7 7 8 7 6 8 7 10 6 6 7 7 8 7 6 7 8 9 8 7 8 7 6 6 8 6 8 8 8 8 7 9 8 8 9 7 7
49 14 8 24 17 12 25 17 9 13 11 10 8 12 8 13 14 15 16 14 12 8 11 10 9 7 11 8 9 9 10 8 9 11 9 10 9 x 11 12 13 13 12 11 13 11 16 12 13 12 12 12 12 13 12 13 12 12 13 12 11 11 12 12 11 11 12 12 13 11 14 12 12 13 13 12 13 13 14 11 14 13 14 12 14 12 12 12 12 12 12 12 13 12 12 13 12 11 13 12 14 13 12 13 12 12 12 13 12 13 13 13 13 12 12 12 13 11 12 14 12 14 13 12 14 12 14 12 14 12 14 13 12 13 14 14 13 13 14 13 12 12 13 12 13 12 12 14 12 12 13 14 14 14 14 13 12 13 13 12 10 13 12 13 13 11 13 14 12 13 13 12 11 13 12 14 12 13 15 12 13 12 12 14 13 13 12 14 12 15 13 13 12 12 14 13 14 13 13 13
49 13 7 23 17 12 27 17 10 13 11 11 8 14 9 14 15 15 16 16 13 7 13 12 7 9 12 8 8 9 7 10 12 11 13 7 6 11 x 7 7 6 8 8 7 8 7 10 7 6 8 6 7 7 7 7 8 8 7 7 7 7 6 8 7 7 8 7 7 7 7 9 10 7 8 8 6 9 7 9 6 7 6 8 10 7 7 7 8 9 7 12 8 7 7 8 7 6 10 8 9 7 8 7 7 7 8 9 7 6 9 7 9 7 8 9 8 7 7 9 8 8 8 9 8 7 8 7 8 7 8 8 7 9 8 8 7 7 9 7 8 8 8 8 9 7 7 8 8 8 8 8 7 8 7 8 9 8 6 7 7 7 8 9 9 8 8 7 7 7 10 7 6 8 8 7 9 8 7 9 6 8 7 8 8 8 7 10 8 9 8 7 7 10 8 7 8 7 9 7
49 14 8 24 17 12 25 17 10 13 11 12 8 15 9 14 15 14 16 15 12 7 11 12 7 10 12 8 6 8 7 9 12 11 10 7 9 12 7 x 7 7 9 8 9 7 8 9 8 10 8 7 9 8 8 9 8 7 7 8 9 8 8 8 7 8 9 7 8 6 8 8 8 7 8 9 7 8 10 8 8 9 7 8 10 9 6 8 9 8 8 9 9 8 8 8 9 8 9 7 8 8 10 9 9 9 9 11 8 7 7 8 11 10 8 8 10 8 9 8 9 8 7 9 8 7 8 7 8 9 9 8 8 9 8 9 8 8 9 9 9 11 9 8 9 8 9 9 9 8 8 9 8 9 10 8 8 9 8 8 7 10 9 8 9 9 9 7 9 8 8 8 6 9 8 8 8 9 9 10 9 8 8 9 8 8 8 8 9 9 10 8 9 10 9 11 9 10 9 10
48 13 7 23 16 12 26 16 9 14 10 11 9 14 7 13 14 14 14 14 12 6 11 10 7 8 10 7 6 7 6 9 9 12 13 9 6 13 7 7 x 6 7 8 10 7 8 11 9 9 9 9 9 8 9 7 9 8 9 7 9 9 10 7 8 8 7 9 11 8 9 9 7 8 9 8 7 9 7 9 8 8 10 7 9 9 8 9 7 8 10 11 9 9 11 9 9 8 8 10 11 10 9 10 8 8 9 9 8 8 9 9 9 10 7 8 9 7 9 9 9 8 12 8 8 10 10 8 10 10 8 9 9 9 12 9 8 9 10 9 9 10 9 8 9 10 10 9 8 9 9 8 9 9 8 10 10 9 8 10 7 8 8 9 9 8 8 8 11 9 9 11 9 8 7 9 9 10 8 9 10 9 9 9 10 9 8 10 10 10 11 8 8 7 10 8 12 8 11 10
49 14 8 24 16 12 25 17 11 13 12 12 9 13 10 16 16 14 16 15 12 7 10 11 7 8 12 8 6 7 7 8 8 10 10 7 7 13 6 7 6 x 9 10 9 9 9 8 10 10 10 8 9 10 9 10 11 10 10 11 9 10 12 9 8 9 12 10 10 9 10 10 11 9 9 9 9 11 8 9 11 11 9 10 9 12 9 9 9 10 10 10 10 11 9 10 10 9 11 11 9 11 9 11 13 10 9 11 9 9 11 11 12 9 12 9 11 9 10 11 10 10 11 9 10 10 10 10 11 10 10 10 10 9 9 10 10 11 11 10 10 10 10 12 10 10 10 10 10 10 10 10 10 10 10 11 12 10 10 10 9 9 10 9 10 10 10 11 10 9 10 10 9 10 12 10 10 10 9 9 10 10 11 10 10 10 11 10 11 9 9 10 10 12 13 10 14 10 10 10
49 14 7 23 17 13 26 17 10 12 11 11 10 13 10 14 15 15 17 13 13 10 11 11 7 7 10 7 7 8 8 11 10 10 10 9 7 12 8 9 7 9 x 10 10 8 10 10 9 10 11 9 11 9 8 10 10 9 10 9 9 10 10 10 10 9 13 9 10 11 10 12 9 9 10 10 9 9 9 10 10 9 9 10 10 9 11 9 10 10 9 9 11 10 9 10 12 12 12 11 10 11 10 10 8 10 10 10 9 12 10 13 13 11 10 9 10 10 9 10 10 11 10 9 9 11 10 10 12 10 9 10 11 10 10 10 9 9 10 11 11 10 11 10 11 10 10 11 11 10 10 11 10 11 10 11 11 10 12 13 9 11 10 10 9 10 9 10 10 10 10 10 9 11 9 9 10 10 10 11 11 10 11 10 9 9 10 10 10 12 10 11 9 13 11 13 9 9 11 11
49 14 8 24 17 13 28 16 10 13 11 11 10 15 9 13 14 14 14 13 13 8 14 11 7 9 14 7 6 10 7 9 11 10 9 6 7 11 8 8 8 10 10 x 8 9 9 9 9 9 9 8 8 8 9 10 10 13 8 9 8 9 9 11 9 10 8 7 10 9 9 9 8 9 9 8 9 9 10 9 8 8 9 8 10 9 7 8 9 11 9 9 10 9 8 9 9 8 8 10 9 8 9 9 8 9 8 10 9 9 9 12 9 9 9 10 10 9 9 9 8 11 9 9 9 8 10 9 9 10 9 10 10 10 9 11 10 9 11 8 9 8 9 9 10 11 9 9 8 9 12 9 10 9 10 10 8 9 11 10 7 9 10 10 8 9 10 10 9 9 9 10 7 9 8 8 9 9 10 11 9 9 9 9 9 9 9 9 8 10 9 9 9 9 9 9 8 7 9 10
49 14 8 23 18 12 26 17 12 13 12 12 9 14 10 14 16 15 15 14 13 7 12 13 8 9 11 8 7 9 7 9 9 12 12 8 7 13 7 9 10 9 10 8 x 4 7 13 6 5 7 8 6 7 6 6 5 10 5 7 8 6 5 6 5 6 8 8 6 9 6 6 5 6 6 6 6 5 8 6 6 7 8 7 5 6 9 6 6 6 5 11 6 7 6 8 5 7 5 6 5 6 6 6 7 6 7 6 5 6 6 6 9 5 9 5 7 5 7 7 7 7 6 7 6 11 6 7 8 7 7 6 8 6 6 6 6 6 6 7 8 6 6 6 7 6 6 6 5 7 6 7 7 8 6 7 7 9 6 8 7 6 5 5 6 9 6 5 5 7 11 5 9 7 6 9 6 6 7 6 7 5 8 5 6 7 6 6 7 6 5 7 6 7 6 5 7 7 7 8
49 14 8 25 16 12 28 16 10 12 13 10 8 12 8 13 14 15 14 13 11 7 11 10 6 8 12 7 6 7 9 9 8 11 10 7 6 11 8 7 7 9 8 9 4 x 6 11 8 7 7 7 7 8 6 6 6 10 5 6 8 10 7 8 6 7 8 7 7 7 7 8 5 7 7 6 6 7 7 6 6 6 7 6 9 5 7 6 9 6 6 10 7 7 7 7 5 8 7 6 6 6 7 7 7 7 8 6 7 6 6 7 7 6 6 6 7 6 7 7 7 8 7 8 6 7 6 5 7 6 7 7 8 8 6 7 9 6 7 7 7 6 6 6 7 6 6 6 7 6 6 6 6 7 7 7 7 8 8 6 6 8 6 6 6 8 7 6 8 6 9 8 7 8 6 8 8 7 6 7 8 7 7 7 7 6 6 6 6 7 6 7 7 6 9 6 7 9 6 7
47 13 9 24 19 12 24 16 9 12 11 12 9 13 9 14 15 15 15 14 12 8 12 13 8 9 13 8 8 8 9 9 11 11 10 7 8 16 7 8 8 9 10 9 7 6 x 12 7 5 7 8 7 6 5 7 5 7 7 7 10 5 8 5 6 8 8 7 6 6 8 10 6 6 9 5 7 6 7 9 5 6 8 9 6 6 7 6 6 7 5 11 8 8 7 7 6 6 6 8 9 7 7 5 8 7 8 8 7 8 6 5 6 6 9 6 6 8 8 9 6 7 8 7 7 7 6 7 8 9 8 8 7 7 7 7 6 7 10 7 7 7 7 7 8 7 7 7 6 6 6 7 8 9 6 8 6 6 6 9 6 8 8 7 7 8 9 7 8 6 11 6 6 9 6 9 6 8 6 8 9 9 10 6 9 7 9 7 8 6 7 7 10 8 6 6 7 8 8 7
48 18 11 24 17 15 30 16 10 12 11 12 9 14 9 16 14 15 16 15 13 10 12 11 11 8 11 10 10 10 10 9 10 11 11 12 11 12 10 9 11 8 10 9 13 11 12 x 14 14 14 13 15 13 13 14 14 13 13 15 16 14 15 14 13 14 13 14 14 15 14 15 14 13 14 14 14 14 14 13 14 13 14 14 13 13 14 14 15 15 14 15 14 14 15 14 14 14 14 15 14 15 16 17 13 14 16 14 14 14 16 15 14 15 14 13 13 14 17 16 14 15 15 14 14 15 14 14 14 15 14 17 16 14 14 14 14 15 15 14 15 16 14 15 15 16 14 15 15 14 15 16 15 14 15 15 14 17 14 16 14 14 16 14 14 14 15 15 14 16 15 14 14 17 14 15 14 17 16 15 15 15 14 16 15 15 14 16 15 16 14 14 17 14 15 14 14 14 15 14
49 14 8 23 17 12 26 17 10 14 12 12 9 13 9 14 15 14 15 16 12 6 12 13 7 9 11 8 7 10 9 9 10 11 12 7 7 13 7 8 9 10 9 9 6 8 7 14 x 7 7 8 6 7 8 7 8 8 8 7 7 7 8 10 8 7 7 9 6 6 8 8 8 7 7 7 9 7 10 7 8 7 7 8 6 7 7 7 9 7 7 12 9 8 8 11 8 6 8 9 9 8 9 8 9 8 8 8 7 9 8 8 7 9 9 9 9 7 8 8 8 8 9 7 8 9 8 7 11 9 8 8 8 8 9 7 8 11 8 8 9 7 8 8 8 8 8 8 10 8 9 10 9 8 8 9 8 9 8 9 7 8 7 9 7 9 9 6 8 8 9 8 6 8 7 7 8 10 7 8 9 8 7 10 9 8 8 8 9 8 8 8 10 10 8 8 7 7 8 8
48 13 7 23 18 13 26 17 10 13 11 12 9 13 9 14 15 14 17 15 12 7 13 11 9 9 11 8 7 10 7 10 9 11 11 7 8 12 6 10 9 10 10 9 5 7 5 14 7 x 9 8 7 6 6 6 8 9 6 7 8 7 7 7 6 9 7 6 7 6 7 7 7 6 7 5 6 8 7 8 7 6 7 6 7 7 8 6 7 9 6 9 7 8 8 7 7 6 7 7 7 7 8 6 7 7 8 7 7 7 7 7 6 7 8 7 7 7 8 7 7 7 7 8 7 7 10 6 7 7 7 7 7 6 7 7 8 6 8 7 6 8 7 7 8 7 7 8 7 7 7 7 8 8 8 8 8 8 7 10 10 7 6 7 7 7 7 6 7 7 9 6 6 8 8 7 7 7 7 10 8 6 6 8 8 7 10 7 7 7 8 7 7 7 8 8 7 7 7 7
48 13 8 24 15 11 27 16 10 12 11 12 9 12 9 14 15 14 16 14 12 7 11 13 7 10 13 7 8 8 8 10 9 12 10 9 7 12 8 8 9 10 11 9 7 7 7 14 7 9 x 8 9 9 9 10 10 10 8 11 8 9 10 10 8 10 9 9 9 9 9 10 9 8 10 8 10 9 9 9 9 9 10 10 8 10 9 10 10 8 9 15 10 11 10 11 10 8 10 12 11 9 13 10 10 11 9 9 12 10 12 9 10 12 13 9 11 8 11 9 11 13 13 9 9 9 11 10 10 10 10 11 10 10 10 10 10 10 11 11 10 10 9 10 10 10 9 9 10 10 10 10 12 10 9 11 10 12 11 12 8 9 10 9 10 8 9 11 10 9 10 10 9 10 12 10 10 10 9 9 10 10 9 11 10 10 10 10 9 10 10 11 9 10 11 9 9 10 10 11
48 14 8 24 17 12 25 17 11 16 12 11 9 13 10 15 15 14 16 14 11 6 12 10 7 8 10 7 7 9 6 9 8 12 11 9 8 12 6 7 9 8 9 8 8 7 8 13 8 8 8 x 9 8 9 8 10 8 9 10 6 11 10 8 9 9 7 8 9 8 10 10 9 11 8 8 11 8 10 7 10 9 8 10 9 10 10 9 9 10 9 11 11 8 9 9 9 9 12 9 11 8 11 9 10 10 9 10 9 8 10 9 8 11 9 8 12 8 10 10 10 9 10 10 10 8 9 9 10 10 9 10 9 12 10 10 11 8 9 9 10 9 10 9 10 11 10 12 9 10 9 9 10 11 9 10 8 9 9 9 8 11 9 9 8 10 9 9 9 9 9 9 8 9 10 10 11 9 9 10 9 9 11 10 10 10 10 10 9 8 9 10 11 9 9 8 9 8 9 9
49 14 7 23 17 12 25 18 10 12 12 13 10 14 10 14 15 15 16 14 13 7 11 12 7 10 12 8 7 9 8 10 11 11 12 8 7 12 7 9 9 9 11 8 6 7 7 15 6 7 9 9 x 6 6 6 6 8 6 7 7 7 7 6 8 9 8 7 8 7 7 7 7 5 6 6 6 7 6 6 6 9 8 6 8 6 10 6 6 7 7 15 7 9 8 8 8 7 7 7 7 6 6 6 6 6 9 6 6 10 7 6 6 7 7 8 7 6 7 6 6 7 7 7 8 7 11 7 7 7 12 7 9 7 9 8 7 7 6 7 7 7 8 9 7 8 8 7 7 9 6 10 8 8 8 9 6 9 8 6 8 6 9 7 6 8 7 6 6 6 10 7 8 6 9 8 7 7 6 7 7 6 7 6 8 9 7 7 9 8 8 7 8 7 7 7 10 7 8 8
48 13 7 23 18 13 26 15 9 12 10 11 8 12 8 15 13 13 15 13 11 6 10 11 6 7 11 8 6 6 6 9 11 11 11 7 6 13 7 8 8 10 9 8 7 8 6 13 7 6 9 8 6 x 8 7 7 9 7 8 9 9 8 10 8 7 9 7 8 7 7 8 9 8 9 9 8 8 9 7 7 8 9 9 8 8 7 8 9 9 9 10 8 9 8 8 8 7 8 8 9 10 9 8 7 9 9 8 9 7 9 10 8 8 6 11 8 8 9 9 9 8 9 9 7 8 6 9 8 10 8 8 8 8 10 10 9 9 8 7 7 9 10 9 8 8 9 9 9 8 8 9 9 8 8 8 10 9 8 8 9 8 9 9 11 8 8 8 9 8 9 9 6 11 8 8 8 8 9 8 12 8 7 9 8 8 8 10 11 8 8 8 8 9 8 7 9 10 9 9
49 13 7 23 17 12 26 18 9 12 11 12 9 14 8 14 14 14 14 14 12 5 11 9 7 8 10 7 7 7 9 9 10 13 10 8 7 12 7 8 9 9 8 9 6 6 5 13 8 6 9 9 6 8 x 6 7 9 8 8 9 7 8 7 6 6 8 7 7 9 9 8 8 6 7 6 8 7 7 6 7 6 8 9 8 7 11 8 6 9 6 11 8 8 6 7 7 6 8 7 8 6 7 7 9 7 8 7 7 9 6 8 7 7 7 6 6 7 10 9 7 8 6 6 7 7 7 6 8 8 7 8 7 7 7 8 7 7 8 7 9 8 6 7 8 6 7 6 7 8 8 7 8 8 7 9 9 9 7 7 7 8 7 7 6 7 7 7 6 7 10 8 8 6 7 7 7 7 7 8 6 7 10 7 8 7 7 6 7 6 7 7 7 7 10 7 6 8 6 7
49 14 7 24 16 12 26 16 10 13 11 11 9 14 9 15 15 14 16 14 12 7 11 13 7 11 10 7 7 10 8 9 9 11 11 8 6 13 7 9 7 10 10 10 6 6 7 14 7 6 10 8 6 7 6 x 7 9 6 6 10 7 7 6 5 10 8 10 7 6 6 6 8 6 6 6 6 7 7 5 5 6 6 8 7 6 7 9 6 7 7 11 7 7 7 7 6 6 6 6 7 10 8 6 6 7 7 7 8 6 7 8 7 7 7 6 8 7 6 8 6 8 7 7 7 8 6 7 7 7 7 6 7 8 9 9 7 6 7 7 7 7 7 6 7 8 10 7 6 7 7 7 6 7 6 9 8 7 7 8 8 8 6 6 7 8 6 7 9 6 9 7 7 8 6 8 10 6 6 7 6 6 6 7 7 7 7 7 9 6 7 7 7 7 8 6 7 8 8 7
48 13 7 24 16 13 25 16 11 13 11 11 9 13 9 14 15 14 15 15 13 8 12 11 8 9 12 8 8 9 7 10 9 11 11 7 6 12 8 8 9 11 10 10 5 6 5 14 8 8 10 10 6 7 7 7 x 10 5 7 10 6 6 6 6 5 8 9 6 7 5 7 6 6 6 6 7 5 9 6 5 6 6 6 6 6 9 6 5 5 7 10 6 5 7 8 6 6 6 7 6 7 6 6 5 6 8 7 6 5 6 6 7 6 7 8 6 6 8 6 6 7 6 7 6 7 6 6 8 7 8 5 8 6 7 7 6 5 6 7 9 6 7 6 6 6 5 6 6 6 6 6 6 7 7 7 6 8 5 6 7 8 8 6 5 11 6 5 8 6 11 8 7 7 7 6 7 7 7 6 7 6 7 7 9 6 6 7 9 8 6 7 7 7 8 7 6 10 6 6
48 14 9 24 17 12 28 16 9 13 11 12 9 13 9 13 15 15 16 14 14 8 11 11 8 8 10 8 9 7 8 9 10 11 10 10 9 12 8 7 8 10 9 13 10 10 7 13 8 9 10 8 8 9 9 9 10 x 10 11 10 11 12 11 12 13 9 11 12 9 10 11 12 9 14 10 12 10 13 10 12 9 11 9 13 11 8 9 11 12 11 9 11 13 12 10 12 12 11 12 13 10 13 10 9 11 11 10 12 13 12 11 11 11 11 10 12 11 12 13 12 12 11 11 12 11 12 12 12 12 8 12 12 10 12 11 12 10 12 10 10 11 14 12 11 11 12 14 9 11 12 12 13 16 11 13 11 12 12 11 10 12 10 11 10 11 14 11 13 12 12 12 10 13 12 11 12 12 12 15 11 10 11 12 13 12 13 12 12 10 11 12 14 11 13 10 12 11 11 11
49 14 7 24 17 12 27 17 10 12 12 11 9 14 9 13 15 15 16 14 12 8 13 11 7 11 11 7 7 8 7 8 9 10 10 6 7 13 7 7 9 10 10 8 5 5 7 13 8 6 8 9 6 7 8 6 5 10 x 6 7 6 8 9 8 6 8 11 7 7 7 6 7 7 7 6 7 7 7 8 10 8 7 7 8 7 7 7 7 8 8 9 7 7 6 9 6 8 6 6 9 9 7 7 6 9 7 7 8 10 9 8 7 7 7 7 7 6 9 6 7 9 9 7 6 7 7 6 8 7 9 6 8 8 10 8 7 8 7 8 9 8 8 7 7 7 7 7 7 7 8 7 7 6 7 7 6 7 6 10 8 5 7 9 8 9 7 6 7 8 10 7 9 6 6 7 6 7 7 8 10 6 6 8 7 7 9 7 10 6 8 7 7 7 7 8 7 8 7 7
49 14 7 23 16 13 25 17 10 12 12 12 9 13 10 14 15 14 17 14 12 7 11 11 10 10 11 7 6 9 8 10 9 12 12 7 7 12 7 8 7 11 9 9 7 6 7 15 7 7 11 10 7 8 8 6 7 11 6 x 7 7 8 10 8 9 8 7 6 9 8 7 11 8 12 8 7 9 8 8 7 8 6 9 6 7 6 8 9 7 8 10 7 8 8 8 8 7 8 7 9 7 8 8 7 8 8 8 8 7 8 8 8 9 8 6 8 8 8 9 8 8 8 10 8 7 7 8 8 9 8 8 8 7 8 8 7 8 9 8 9 9 8 9 9 7 9 10 10 8 8 8 8 8 8 8 9 8 8 8 9 8 7 9 8 8 8 9 8 9 9 9 9 7 8 8 8 8 8 9 8 8 7 10 10 9 7 11 8 9 7 8 8 7 8 8 7 10 9 8
48 14 7 23 17 13 27 16 10 13 12 12 10 13 9 14 14 14 16 14 13 7 13 12 7 9 11 10 7 7 8 8 10 11 9 6 8 11 7 9 9 9 9 8 8 8 10 16 7 8 8 6 7 9 9 10 10 10 7 7 x 12 9 10 9 9 9 10 11 8 11 9 9 9 10 9 9 10 8 10 12 12 11 10 9 10 9 9 9 9 9 10 9 9 9 14 11 13 10 9 11 9 11 10 8 11 11 10 11 8 12 10 10 11 9 9 12 9 14 9 10 11 10 9 9 10 11 9 10 10 12 10 9 10 9 11 11 9 10 10 9 10 10 10 12 10 9 10 10 9 10 10 9 10 10 10 10 9 10 10 10 10 11 11 9 10 10 11 10 10 11 9 10 9 12 9 11 10 9 14 9 11 11 10 11 10 9 9 10 11 11 11 11 9 11 10 11 9 11 12
49 13 9 23 16 11 26 17 9 13 10 11 8 13 9 13 15 16 15 14 14 8 11 12 6 10 11 8 7 7 8 9 10 13 11 7 6 11 7 8 9 10 10 9 6 10 5 14 7 7 9 11 7 9 7 7 6 11 6 7 12 x 8 6 6 7 7 9 8 7 6 7 7 8 7 6 7 7 9 8 7 11 6 8 6 7 7 8 7 6 8 10 7 7 7 8 7 7 7 9 7 7 8 8 6 10 8 8 7 6 8 6 8 8 7 9 8 6 8 8 8 8 7 7 8 7 8 6 8 7 8 8 9 7 9 6 9 7 8 9 7 8 8 8 7 11 7 9 8 9 7 8 7 8 9 8 8 6 9 6 7 8 8 7 6 9 6 8 9 8 9 7 7 7 7 8 8 7 8 5 7 8 7 7 7 7 7 10 7 8 9 8 7 7 7 9 7 8 8 8
49 14 8 24 17 14 25 16 11 14 13 13 10 13 10 14 15 15 19 15 12 7 11 12 8 9 13 8 8 9 9 9 9 12 13 8 7 12 6 8 10 12 10 9 5 7 8 15 8 7 10 10 7 8 8 7 6 12 8 8 9 8 x 7 6 7 9 7 5 8 8 8 6 7 7 6 7 4 8 7 6 7 8 5 6 8 9 7 6 7 5 12 5 6 9 8 7 8 6 5 7 5 5 7 8 6 9 5 5 6 6 6 6 5 7 6 9 7 6 5 6 7 6 7 5 10 6 6 6 6 8 5 8 6 7 7 6 5 5 5 5 7 9 6 6 7 6 6 6 5 6 6 9 6 5 5 9 7 5 7 8 6 7 5 7 11 7 5 6 6 12 5 7 8 8 6 6 6 5 7 7 5 7 6 6 5 6 5 6 8 5 8 5 7 5 4 6 8 6 6
49 13 7 23 16 12 27 18 10 13 10 10 9 14 8 14 14 14 15 14 12 7 11 14 6 8 10 7 7 6 7 9 10 12 10 7 7 12 8 8 7 9 10 11 6 8 5 14 10 7 10 8 6 10 7 6 6 11 9 10 10 6 7 x 8 9 7 6 9 7 8 8 8 9 9 7 6 7 7 6 8 7 7 9 7 6 8 11 8 7 7 10 9 7 8 11 8 7 8 7 8 8 7 8 7 7 8 7 9 6 7 7 8 7 7 6 7 8 7 11 8 7 9 8 9 8 7 7 7 9 8 8 7 7 10 9 8 7 7 8 7 8 7 10 8 7 7 8 8 7 10 7 8 7 9 8 6 8 7 7 7 8 7 9 8 8 7 8 7 9 9 9 9 10 7 8 7 8 7 8 8 7 9 9 8 7 10 8 8 9 8 7 8 8 10 7 10 6 8 9
49 14 7 25 17 11 26 16 10 13 13 11 8 13 9 15 14 15 16 13 14 6 10 10 6 8 11 7 6 10 7 8 8 11 10 6 5 11 7 7 8 8 10 9 5 6 6 13 8 6 8 9 8 8 6 5 6 12 8 8 9 6 6 8 x 5 8 7 8 6 8 9 9 8 8 8 7 8 6 8 8 6 6 8 9 9 6 7 8 6 7 11 7 7 8 7 8 8 8 9 8 7 7 8 6 7 9 7 8 7 7 8 7 7 9 7 7 8 7 7 10 9 8 8 7 8 6 6 9 8 9 7 7 7 8 7 8 8 9 7 6 9 5 9 7 8 8 8 8 7 6 8 9 7 8 8 11 7 7 7 7 6 7 8 7 9 7 6 9 6 9 7 5 10 8 8 7 7 7 7 8 7 8 10 8 8 7 7 9 8 9 9 8 9 7 8 7 8 9 7
48 13 8 23 16 12 28 16 10 12 11 11 8 13 9 14 15 14 15 13 12 7 11 12 7 8 13 8 7 7 9 8 10 11 12 7 6 11 7 8 8 9 9 10 6 7 8 14 7 9 10 9 9 7 6 10 5 13 6 9 9 7 7 9 5 x 9 7 7 6 8 8 7 7 7 7 7 9 7 7 7 6 8 7 8 8 7 6 7 6 7 12 7 8 10 8 7 7 6 7 7 5 8 7 7 7 8 7 11 8 6 7 8 8 8 7 7 7 6 7 8 7 8 7 8 7 7 7 8 7 8 7 7 7 8 6 8 6 7 8 8 9 6 7 6 7 7 7 7 6 7 8 8 8 7 9 7 9 8 6 7 8 6 8 7 9 8 8 8 8 10 8 6 10 8 9 7 7 6 8 7 9 7 8 7 7 7 7 7 9 6 11 9 7 8 7 7 8 7 8
49 14 8 24 17 12 26 17 10 13 12 12 9 13 9 15 15 14 15 15 13 7 11 12 7 10 11 7 7 7 8 10 8 11 10 7 7 12 8 9 7 12 13 8 8 8 8 13 7 7 9 7 8 9 8 8 8 9 8 8 9 7 9 7 8 9 x 9 11 9 12 9 10 9 12 9 9 11 9 8 9 13 9 9 10 9 8 10 9 10 10 10 11 9 9 9 10 7 10 10 9 9 10 10 8 9 10 9 11 9 10 10 11 10 9 8 9 8 9 11 14 9 10 11 10 9 10 9 10 8 11 11 11 9 10 10 10 9 11 10 10 9 8 9 9 13 10 11 9 9 11 9 10 11 9 10 12 12 10 9 12 10 10 9 10 10 11 9 12 9 10 9 11 14 10 9 8 11 10 10 9 11 8 12 9 11 10 10 10 12 10 10 12 12 10 10 10 9 10 10
48 14 7 24 17 13 25 17 11 13 12 12 8 13 11 14 15 14 16 13 11 6 11 10 7 8 11 9 6 9 7 9 9 12 10 8 6 12 7 7 9 10 9 7 8 7 7 14 9 6 9 8 7 7 7 10 9 11 11 7 10 9 7 6 7 7 9 x 10 8 10 8 7 9 9 8 7 8 9 8 7 10 6 7 8 7 7 9 8 7 7 10 8 11 8 9 8 7 8 9 11 7 7 10 11 7 9 9 9 9 7 10 8 8 8 9 8 7 9 12 8 8 8 9 8 7 8 7 8 10 7 8 8 8 9 10 8 8 8 9 8 10 8 8 8 8 7 8 9 8 9 8 9 8 8 10 8 9 9 7 7 8 7 9 8 10 8 8 10 8 9 7 8 8 9 11 8 7 8 7 7 8 7 7 8 8 9 9 10 10 9 10 7 8 8 10 8 9 9 8
48 14 7 23 16 12 26 18 10 12 11 12 8 13 9 15 14 14 17 15 13 6 11 11 7 9 12 8 8 11 7 11 10 12 12 8 7 13 7 8 11 10 10 10 6 7 6 14 6 7 9 9 8 8 7 7 6 12 7 6 11 8 5 9 8 7 11 10 x 7 6 8 6 7 7 6 6 6 7 8 7 7 8 6 5 7 7 6 7 6 8 11 7 6 9 7 8 8 5 7 7 5 8 5 6 7 8 6 6 6 8 6 6 5 7 7 8 5 7 7 6 9 6 7 5 8 7 5 6 8 10 7 8 6 6 7 5 7 8 6 6 6 7 5 6 6 5 7 6 6 7 6 7 6 6 7 7 7 6 8 6 8 6 7 6 9 6 6 6 7 11 5 9 8 8 7 6 6 7 6 5 6 7 6 6 7 8 8 8 7 6 5 5 5 7 7 5 8 6 6
49 13 7 22 17 12 25 18 10 12 11 11 8 13 10 14 15 13 17 15 11 7 12 10 6 8 12 10 6 8 9 8 10 10 10 7 5 11 7 6 8 9 11 9 9 7 6 15 6 6 9 8 7 7 9 6 7 9 7 9 8 7 8 7 6 6 9 8 7 x 9 9 7 7 7 8 9 7 7 8 9 9 6 9 8 10 8 10 8 8 8 9 8 8 10 11 7 8 8 8 10 7 8 10 12 8 8 7 8 8 9 8 8 11 8 7 8 8 9 10 10 8 8 8 10 7 9 7 8 8 7 8 12 11 9 8 9 11 8 8 8 9 8 9 9 8 7 8 8 8 8 8 9 9 9 10 11 7 10 8 8 9 9 8 10 9 8 8 8 8 9 8 8 8 8 8 9 9 8 8 9 8 10 9 8 9 7 7 8 9 11 10 8 8 8 8 10 7 8 8
48 14 7 24 18 12 29 16 11 12 12 12 10 13 9 14 15 15 19 14 12 6 11 11 8 9 12 9 7 9 8 9 10 12 11 7 7 14 7 8 9 10 10 9 6 7 8 14 8 7 9 10 7 7 9 6 5 10 7 8 11 6 8 8 8 8 12 10 6 9 x 8 6 8 8 7 8 9 9 8 8 6 6 7 7 8 6 8 8 7 6 12 8 9 8 7 9 7 7 8 6 6 6 11 7 9 9 7 8 10 8 7 6 11 6 9 7 7 9 9 10 7 8 7 9 7 8 8 9 11 6 8 8 8 9 7 9 8 7 8 6 7 10 7 9 7 7 7 7 8 7 8 10 8 9 7 8 7 7 8 7 8 7 8 7 8 9 8 8 7 12 7 8 9 7 11 7 8 8 7 6 7 7 7 8 9 8 8 7 8 9 6 7 7 8 7 7 8 7 7
49 14 7 24 17 13 26 18 11 13 12 12 9 14 9 15 15 15 17 14 13 7 11 11 10 9 11 8 8 12 9 9 11 12 11 7 8 12 9 8 9 10 12 9 6 8 10 15 8 7 10 10 7 8 8 6 7 11 6 7 9 7 8 8 9 8 9 8 8 9 8 x 11 9 9 9 7 9 8 7 8 10 11 8 9 11 8 8 10 10 9 10 10 7 7 6 7 8 10 9 8 7 7 9 7 8 10 9 9 8 8 9 8 11 7 8 9 9 9 10 11 8 7 9 8 10 9 8 10 8 9 9 8 12 8 10 9 9 9 10 13 10 9 11 9 9 7 7 7 7 8 8 9 10 9 8 8 10 9 9 7 9 8 9 8 8 8 9 10 8 9 10 9 8 9 9 8 11 8 7 9 10 7 8 7 9 10 9 7 10 9 9 9 13 8 9 10 9 10 10
48 14 7 24 16 12 24 17 10 13 12 11 8 14 9 14 14 14 15 13 13 9 12 13 6 9 11 7 7 9 7 10 10 12 10 7 6 12 10 8 7 11 9 8 5 5 6 14 8 7 9 9 7 9 8 8 6 12 7 11 9 7 6 8 9 7 10 7 6 7 6 11 x 6 8 8 8 5 7 7 9 6 6 7 7 8 7 10 6 7 7 10 8 10 7 12 9 6 6 7 10 7 6 7 7 7 7 8 7 6 9 7 7 6 7 5 7 8 7 7 7 8 8 7 7 7 6 6 7 6 6 7 10 10 8 10 10 7 7 7 8 7 7 8 8 9 7 7 8 7 7 7 8 8 9 7 7 7 7 9 7 10 7 7 6 8 7 9 7 7 9 7 8 8 7 8 8 8 7 8 8 6 7 7 8 7 7 7 7 9 7 7 7 7 8 6 7 7 7 9
49 14 9 25 17 13 26 17 11 11 13 11 8 12 9 13 14 14 16 13 12 6 10 13 7 8 11 8 8 8 7 9 9 10 11 9 7 13 7 7 8 9 9 9 6 7 6 13 7 6 8 11 5 8 6 6 6 9 7 8 9 8 7 9 8 7 9 9 7 7 8 9 6 x 10 7 8 8 8 7 7 7 7 9 8 7 7 8 11 7 9 11 11 8 7 8 9 8 9 8 9 8 8 7 8 9 8 10 9 7 7 9 7 8 9 7 7 7 10 7 7 9 8 8 12 9 10 8 9 9 11 9 9 11 8 9 10 8 11 9 8 8 8 9 9 11 10 12 8 9 9 10 10 10 9 8 8 10 7 11 7 10 11 9 9 9 9 8 7 8 9 8 8 7 8 8 8 8 9 9 9 8 8 9 11 7 8 8 8 8 8 9 7 8 10 8 9 8 8 8
48 14 7 24 17 12 25 16 10 12 12 11 9 13 11 14 14 14 16 13 12 7 11 12 7 9 12 10 7 10 7 10 9 12 12 9 6 13 8 8 9 9 10 9 6 7 9 14 7 7 10 8 6 9 7 6 6 14 7 12 10 7 7 9 8 7 12 9 7 7 8 9 8 10 x 9 7 9 12 8 8 8 6 8 9 7 9 10 9 10 9 10 9 8 8 9 9 7 9 8 8 7 10 7 7 7 8 7 10 7 6 7 9 9 7 8 9 10 8 10 10 9 9 8 9 11 7 8 8 8 7 10 8 8 8 11 8 8 8 9 7 8 9 7 9 10 8 8 9 10 10 9 8 12 9 10 11 9 9 10 11 9 8 11 8 9 10 8 9 10 9 8 11 7 8 8 8 8 10 8 10 9 8 9 9 9 10 8 9 9 10 11 10 7 8 8 8 8 10 11
49 14 8 23 19 12 27 16 9 13 11 10 9 12 7 16 15 14 16 15 11 6 11 10 7 8 11 6 8 8 7 9 11 11 10 6 6 12 8 9 8 9 10 8 6 6 5 14 7 5 8 8 6 9 6 6 6 10 6 8 9 6 6 7 8 7 9 8 6 8 7 9 8 7 9 x 7 6 6 6 5 7 6 7 7 9 7 8 7 10 6 13 6 7 9 8 7 7 6 9 7 8 9 10 6 9 8 6 8 7 6 7 8 9 7 8 6 7 8 5 8 6 7 6 7 8 8 6 9 7 9 7 8 8 9 7 8 6 6 9 7 6 5 8 10 6 7 8 7 8 8 6 8 6 10 8 6 7 6 9 7 7 7 8 6 10 9 8 7 10 9 9 7 8 7 9 9 6 6 8 6 8 9 6 8 7 7 8 9 6 7 7 7 8 11 10 7 8 11 7
48 13 7 23 17 12 24 17 11 12 11 12 8 11 8 13 14 13 17 13 11 6 11 10 7 8 11 7 7 8 7 9 10 10 11 7 7 13 6 7 7 9 9 9 6 6 7 14 9 6 10 11 6 8 8 6 7 12 7 7 9 7 7 6 7 7 9 7 6 9 8 7 8 8 7 7 x 7 7 7 6 9 6 8 6 7 7 6 7 7 9 10 7 9 7 9 9 6 8 9 8 7 8 7 7 8 11 8 7 6 9 7 7 8 11 7 8 8 8 7 8 7 8 9 9 8 7 7 8 7 7 9 7 7 8 8 8 7 6 9 10 8 7 7 8 8 7 9 8 9 9 10 8 8 8 8 7 12 8 8 8 8 8 8 8 8 6 8 7 8 10 7 8 7 9 9 7 7 10 7 8 9 8 8 8 7 9 9 7 8 7 7 8 9 8 7 9 8 8 8
49 14 7 25 16 12 25 16 11 12 11 11 8 12 10 14 14 15 15 14 12 6 12 12 7 9 12 8 8 10 8 9 9 11 11 7 7 13 9 8 9 11 9 9 5 7 6 14 7 8 9 8 7 8 7 7 5 10 7 9 10 7 4 7 8 9 11 8 6 7 9 9 5 8 9 6 7 x 8 7 5 6 6 5 6 6 8 6 8 8 5 11 6 6 7 9 5 7 6 5 5 7 6 6 6 7 10 6 6 6 6 5 5 8 9 6 6 5 7 6 7 7 6 8 5 9 5 5 5 6 11 5 8 6 6 6 5 7 6 5 6 6 7 6 8 7 5 6 6 6 6 7 6 6 7 8 8 7 6 6 8 6 7 5 7 11 6 8 6 7 11 6 7 9 7 8 6 5 7 7 6 6 7 6 7 5 6 5 5 5 6 8 7 7 5 6 6 8 6 8
48 13 8 23 16 12 26 18 11 15 11 11 9 14 9 14 14 15 15 14 13 8 12 15 6 10 13 8 6 8 7 10 13 11 12 7 9 14 7 10 7 8 9 10 8 7 7 14 10 7 9 10 6 9 7 7 9 13 7 8 8 9 8 7 6 7 9 9 7 7 9 8 7 8 12 6 7 8 x 7 7 8 8 9 8 11 7 7 8 8 8 14 8 7 7 8 10 12 8 10 9 9 7 8 10 9 7 9 8 8 8 8 8 9 13 8 11 7 9 9 8 10 9 11 9 10 10 8 9 8 8 10 8 8 10 9 8 8 8 8 9 8 8 8 11 9 8 9 9 8 9 9 7 8 9 9 9 10 9 9 8 9 9 8 9 9 9 8 9 9 8 9 8 8 10 8 10 8 10 9 8 7 8 10 8 8 9 9 12 9 8 9 8 9 10 8 8 11 8 8
48 13 7 23 16 13 27 18 10 14 10 11 9 12 9 14 15 14 15 14 12 6 11 11 7 9 12 7 7 10 7 10 11 10 10 7 7 11 9 8 9 9 10 9 6 6 9 13 7 8 9 7 6 7 6 5 6 10 8 8 10 8 7 6 8 7 8 8 8 8 8 7 7 7 8 6 7 7 7 x 8 7 7 10 8 10 7 8 8 7 7 10 9 7 8 7 10 7 8 8 9 8 7 9 7 6 8 6 9 7 8 7 6 8 9 7 9 8 8 8 8 8 9 7 7 7 7 8 9 7 9 8 8 7 7 7 8 6 10 8 8 8 6 8 11 9 10 9 8 7 10 8 8 8 8 8 7 9 7 12 8 9 8 8 8 8 8 8 7 6 8 8 6 8 8 8 8 9 8 9 7 8 7 7 7 8 9 8 7 7 7 7 8 7 9 7 7 8 11 8
48 14 7 24 17 11 26 17 10 12 11 11 8 13 9 13 15 15 15 13 12 7 11 12 6 8 11 6 7 8 7 9 10 10 11 7 7 14 6 8 8 11 10 8 6 6 5 14 8 7 9 10 6 7 7 5 5 12 10 7 12 7 6 8 8 7 9 7 7 9 8 8 9 7 8 5 6 5 7 8 x 6 7 6 7 7 8 7 6 8 6 11 6 8 7 11 6 8 7 8 10 7 7 6 6 6 9 9 7 6 6 6 6 5 9 6 6 6 6 8 6 7 7 6 7 7 6 6 6 6 7 6 7 7 7 6 7 6 7 7 6 6 6 7 6 5 8 8 7 8 8 9 6 9 7 7 7 9 6 7 8 7 6 6 7 8 7 7 7 7 10 8 7 7 6 7 7 6 7 7 6 6 11 6 7 6 6 6 6 7 8 7 8 6 7 6 6 9 7 7
49 14 8 24 17 12 27 16 9 12 11 11 9 13 9 14 14 14 15 14 12 7 12 12 6 9 11 8 7 8 10 9 10 13 11 8 6 13 7 9 8 11 9 8 7 6 6 13 7 6 9 9 9 8 6 6 6 9 8 8 12 11 7 7 6 6 13 10 7 9 6 10 6 7 8 7 9 6 8 7 6 x 6 10 9 8 5 11 10 8 7 10 9 7 8 7 7 7 8 8 7 6 7 8 11 7 7 7 7 7 8 8 7 6 8 6 7 7 8 8 7 7 7 8 9 9 8 7 7 8 7 8 8 7 8 7 7 7 6 8 10 6 7 8 9 7 8 8 11 9 7 7 8 9 8 7 7 7 8 8 6 7 9 7 6 8 7 7 7 7 8 8 8 11 7 8 8 11 7 7 7 10 6 7 9 10 8 7 7 7 8 7 9 8 8 7 7 9 8 9
49 14 7 23 17 11 26 15 10 14 11 12 9 13 9 14 14 15 15 15 12 6 11 11 9 9 12 8 7 7 9 10 9 11 12 7 7 14 6 7 10 9 9 9 8 7 8 14 7 7 10 8 8 9 8 6 6 11 7 6 11 6 8 7 6 8 9 6 8 6 6 11 6 7 6 6 6 6 8 7 7 6 x 8 9 7 7 8 8 9 10 11 11 8 9 9 6 8 10 10 7 9 8 8 8 11 7 10 9 8 9 8 8 10 6 10 8 9 9 9 9 8 9 9 9 8 8 9 11 10 8 7 9 8 9 10 10 8 9 9 9 11 9 10 9 10 10 8 7 8 9 10 9 8 9 9 8 8 8 8 8 9 9 8 8 12 9 7 9 9 11 8 9 8 9 8 7 9 10 9 7 10 9 9 13 8 9 9 8 10 9 10 8 9 9 8 9 8 9 9
48 14 7 24 17 12 27 17 10 13 11 12 9 12 10 14 15 15 16 14 12 9 11 12 7 10 13 8 7 10 7 9 10 11 13 8 7 12 8 8 7 10 10 8 7 6 9 14 8 6 10 10 6 9 9 8 6 9 7 9 10 8 5 9 8 7 9 7 6 9 7 8 7 9 8 7 8 5 9 10 6 10 8 x 6 8 9 7 6 6 6 11 7 6 8 11 6 6 7 7 7 6 7 8 5 7 9 6 6 6 6 7 6 7 7 7 8 8 7 6 7 7 6 6 9 8 5 6 6 6 8 6 7 10 7 7 7 7 6 8 5 8 7 8 6 6 6 6 8 6 6 6 7 8 7 7 7 6 6 6 8 7 5 7 6 11 6 5 7 6 10 7 7 10 10 9 6 8 6 7 6 6 6 8 9 7 6 6 6 7 6 9 6 6 9 6 6 8 6 6
49 14 8 23 17 13 25 18 10 13 11 12 9 14 10 15 15 14 15 14 13 6 11 12 7 8 12 8 7 9 8 11 9 11 11 7 6 14 10 10 9 9 10 10 5 9 6 13 6 7 8 9 8 8 8 7 6 13 8 6 9 6 6 7 9 8 10 8 5 8 7 9 7 8 9 7 6 6 8 8 7 9 9 6 x 6 7 6 9 5 7 11 7 6 7 7 7 6 6 6 6 8 5 7 7 6 9 6 7 8 6 7 6 7 7 6 8 6 9 8 5 9 7 7 8 9 8 5 7 6 10 7 7 5 7 6 7 7 9 6 6 7 6 6 8 7 6 6 6 6 8 6 6 7 6 6 6 8 9 6 7 6 7 6 6 10 5 6 7 6 11 8 6 5 7 6 6 7 10 8 6 9 5 9 7 7 6 8 6 8 7 6 6 7 9 6 9 8 6 8
49 14 7 24 17 14 26 16 10 12 12 11 9 13 8 14 14 14 16 15 12 7 11 13 8 9 14 8 7 7 7 10 8 13 11 7 6 12 7 9 9 12 9 9 6 5 6 13 7 7 10 10 6 8 7 6 6 11 7 7 10 7 8 6 9 8 9 7 7 10 8 11 8 7 7 9 7 6 11 10 7 8 7 8 6 x 9 8 10 6 9 9 9 6 8 8 9 7 7 7 10 7 7 9 8 8 7 9 9 7 6 9 9 10 8 7 8 7 10 8 8 10 9 8 8 8 8 8 7 7 8 7 7 7 8 8 8 11 8 7 8 8 8 9 10 8 8 7 11 8 7 10 7 9 8 8 9 10 10 9 8 12 7 9 8 7 7 10 7 9 8 8 6 7 7 9 8 9 9 8 9 8 7 10 9 7 7 8 11 10 8 8 8 9 8 8 9 8 9 8
49 14 6 22 16 12 29 17 9 11 12 12 7 12 8 13 13 12 16 14 11 8 11 9 9 8 10 6 8 8 7 8 9 9 10 7 10 12 7 6 8 9 11 7 9 7 7 14 7 8 9 10 10 7 11 7 9 8 7 6 9 7 9 8 6 7 8 7 7 8 6 8 7 7 9 7 7 8 7 7 8 5 7 9 7 9 x 8 9 8 7 9 10 7 8 9 9 7 7 9 7 7 7 10 8 7 10 12 12 8 9 9 11 9 9 8 8 9 9 10 8 9 9 9 11 10 8 9 9 10 7 11 8 9 10 10 10 9 9 8 8 11 9 10 8 9 8 10 8 9 10 9 8 9 9 8 8 8 8 9 10 9 7 8 10 8 11 8 8 7 11 9 10 8 10 9 8 10 12 8 8 9 9 9 10 11 8 9 8 8 10 8 11 9 9 11 11 14 9 8
48 14 7 23 16 11 24 17 10 13 11 12 8 13 8 15 15 14 16 14 11 7 12 12 7 8 14 8 7 7 7 8 10 11 11 7 7 12 7 8 9 9 9 8 6 6 6 14 7 6 10 9 6 8 8 9 6 9 7 8 9 8 7 11 7 6 10 9 6 10 8 8 10 8 10 8 6 6 7 8 7 11 8 7 6 8 8 x 8 8 8 11 9 6 8 9 10 7 7 7 8 8 7 7 7 9 9 7 7 7 9 9 9 8 6 8 7 7 7 8 9 7 7 8 11 7 6 8 10 7 9 7 7 7 8 7 8 6 7 8 8 9 7 8 8 7 7 7 7 7 7 8 8 9 8 8 8 8 7 8 7 7 7 7 8 10 8 7 8 8 11 8 7 7 9 6 6 7 9 10 11 10 10 11 9 8 8 9 8 8 7 7 8 7 8 10 7 8 8 10
48 13 7 24 16 13 25 17 10 12 12 11 9 13 9 15 15 14 16 14 12 8 13 13 7 9 12 7 9 11 9 9 10 12 12 9 8 12 8 9 7 9 10 9 6 9 6 15 9 7 10 9 6 9 6 6 5 11 7 9 9 7 6 8 8 7 9 8 7 8 8 10 6 11 9 7 7 8 8 8 6 10 8 6 9 10 9 8 x 7 5 11 7 6 8 9 7 9 8 9 6 7 8 9 7 6 7 8 7 6 9 6 6 6 9 7 6 8 7 6 8 7 7 7 5 8 10 6 9 7 8 7 8 7 6 6 9 8 6 6 8 6 7 7 7 8 6 7 8 6 7 7 6 6 8 7 6 8 9 6 8 9 8 7 6 10 7 8 7 6 9 7 7 6 8 8 8 8 6 7 9 8 6 7 9 11 9 8 6 8 7 7 9 11 9 7 9 6 9 7
48 13 7 24 17 12 26 18 10 12 11 13 9 13 8 14 14 14 15 14 11 7 13 12 6 8 13 7 8 9 8 10 9 11 12 8 8 12 9 8 8 10 10 11 6 6 7 15 7 9 8 10 7 9 9 7 5 12 8 7 9 6 7 7 6 6 10 7 6 8 7 10 7 7 10 10 7 8 8 7 8 8 9 6 5 6 8 8 7 x 5 11 7 7 7 9 6 7 8 7 6 6 7 7 8 6 7 7 7 6 7 5 7 6 7 7 7 9 8 7 7 11 7 7 7 7 8 8 10 7 7 7 7 7 6 7 7 6 7 7 11 9 7 7 6 7 6 7 6 8 7 8 7 6 7 7 7 8 7 6 7 8 7 7 7 9 6 7 8 7 10 7 7 7 7 9 7 7 7 9 7 7 6 7 5 6 7 7 8 7 7 9 7 6 7 8 6 6 9 7
48 13 8 24 17 12 27 18 9 13 11 12 9 13 9 14 15 15 15 14 12 7 12 14 7 9 12 8 6 10 7 10 9 12 11 8 6 12 7 8 10 10 9 9 5 6 5 14 7 6 9 9 7 9 6 7 7 11 8 8 9 8 5 7 7 7 10 7 8 8 6 9 7 9 9 6 9 5 8 7 6 7 10 6 7 9 7 8 5 5 x 13 6 6 10 7 7 5 6 6 5 5 6 6 7 7 8 6 7 5 6 5 6 6 7 7 9 7 8 7 7 7 7 7 5 8 6 6 7 8 8 9 8 6 6 6 5 6 6 6 6 6 9 6 6 5 5 6 8 7 7 6 9 8 6 5 6 7 6 6 6 6 5 5 7 8 7 6 6 6 11 5 10 8 5 8 9 6 9 7 6 6 7 5 7 7 7 7 6 7 5 7 5 7 6 6 8 8 6 6
49 13 11 23 15 12 24 16 9 12 11 11 9 12 8 14 14 13 16 17 11 10 12 11 10 9 11 9 9 9 11 9 9 11 10 9 11 12 12 9 11 10 9 9 11 10 11 15 12 9 15 11 15 10 11 11 10 9 9 10 10 10 12 10 11 12 10 10 11 9 12 10 10 11 10 13 10 11 14 10 11 10 11 11 11 9 9 11 11 11 13 x 12 12 15 14 12 13 13 13 13 13 14 13 12 12 13 12 12 13 11 15 12 13 11 12 12 14 17 12 12 14 12 12 12 14 11 13 12 12 14 15 14 15 13 12 13 15 13 15 13 12 12 13 15 15 12 12 13 12 12 13 14 13 14 14 13 12 12 14 12 12 12 13 13 12 13 12 12 16 13 13 12 11 12 12 15 16 15 12 12 14 13 12 15 14 12 12 13 15 12 14 15 12 13 15 13 11 13 12
48 13 7 24 17 11 25 17 10 13 13 12 9 13 9 15 15 15 16 14 12 7 12 11 7 9 12 8 8 10 9 10 9 11 11 8 7 13 8 9 9 10 11 10 6 7 8 14 9 7 10 11 7 8 8 7 6 11 7 7 9 7 5 9 7 7 11 8 7 8 8 10 8 11 9 6 7 6 8 9 6 9 11 7 7 9 10 9 7 7 6 12 x 7 8 7 5 8 6 6 5 5 6 7 7 6 8 6 5 6 6 5 5 5 7 6 8 6 6 5 7 6 5 9 5 8 6 5 6 6 8 5 9 5 7 7 7 4 5 7 7 8 7 8 6 7 7 8 5 5 5 7 6 7 5 6 7 7 7 7 8 5 4 6 6 12 6 6 5 8 11 6 7 8 6 6 5 5 5 7 7 7 5 7 6 6 6 7 5 5 5 8 6 7 5 5 8 7 6 8
48 14 7 24 17 12 25 16 10 12 11 12 9 14 9 13 15 14 16 15 12 7 11 11 8 9 11 8 7 9 8 9 11 14 11 7 7 12 7 8 9 11 10 9 7 7 8 14 8 8 11 8 9 9 8 7 5 13 7 8 9 7 6 7 7 8 9 11 6 8 9 7 10 8 8 7 9 6 7 7 8 7 8 6 6 6 7 6 6 7 6 12 7 x 10 7 7 6 7 10 6 6 7 8 7 6 9 9 7 8 9 6 11 9 7 7 7 6 9 7 6 7 8 8 7 10 7 7 6 7 6 7 6 7 7 11 8 6 7 7 8 8 7 8 10 7 6 7 7 8 7 8 7 8 7 7 8 9 9 7 8 8 7 7 6 7 8 7 11 9 9 8 7 7 7 7 7 7 8 8 6 7 7 8 7 8 8 8 8 10 8 8 8 9 7 7 7 10 7 7
49 13 7 24 16 11 27 17 10 15 11 11 9 12 9 13 15 15 16 14 12 9 11 12 7 9 12 8 8 9 8 9 10 11 10 7 8 12 7 8 11 9 9 8 6 7 7 15 8 8 10 9 8 8 6 7 7 12 6 8 9 7 9 8 8 10 9 8 9 10 8 7 7 7 8 9 7 7 7 8 7 8 9 8 7 8 8 8 8 7 10 15 8 10 x 7 7 8 7 9 8 9 7 8 9 6 8 8 9 8 9 8 8 7 7 7 10 9 6 7 8 6 7 7 7 7 6 8 7 6 7 9 8 10 10 7 9 7 10 8 9 7 9 8 7 9 7 8 8 9 7 8 10 8 9 9 8 8 9 9 8 7 8 7 6 8 7 9 8 6 9 8 13 6 9 8 8 8 8 7 6 7 11 8 9 9 8 9 9 6 6 11 8 8 9 8 8 7 9 9
48 13 8 24 17 13 26 17 10 12 12 11 8 14 9 15 16 15 16 14 13 7 13 14 7 11 11 7 8 8 7 11 10 13 11 9 7 13 8 8 9 10 10 9 8 7 7 14 11 7 11 9 8 8 7 7 8 10 9 8 14 8 8 11 7 8 9 9 7 11 7 6 12 8 9 8 9 9 8 7 11 7 9 11 7 8 9 9 9 9 7 14 7 7 7 x 8 9 8 8 8 7 10 9 7 10 7 8 8 11 7 11 11 11 8 10 10 7 7 8 9 7 9 8 8 11 8 10 10 10 11 7 9 8 10 9 8 11 7 8 9 8 10 10 9 8 10 8 8 10 9 8 9 8 10 10 9 7 11 8 10 8 9 9 13 8 9 11 8 8 8 9 8 8 9 9 10 10 8 9 8 8 8 12 9 8 8 9 9 8 8 8 9 10 10 8 7 12 8 9
50 13 7 23 18 13 27 17 10 12 11 11 8 12 10 13 15 15 16 14 12 8 11 10 7 8 14 9 7 7 8 11 9 13 11 8 8 12 7 9 9 10 12 9 5 5 6 14 8 7 10 9 8 8 7 6 6 12 6 8 11 7 7 8 8 7 10 8 8 7 9 7 9 9 9 7 9 5 10 10 6 7 6 6 7 9 9 10 7 6 7 12 5 7 7 8 x 7 7 5 5 7 5 7 6 6 9 5 9 6 6 5 6 9 6 9 7 8 8 5 9 6 6 8 7 8 5 6 9 6 8 8 8 6 6 5 6 5 7 7 7 6 7 9 7 7 5 8 6 5 6 9 6 8 7 5 8 8 5 6 6 5 5 6 7 9 6 7 5 6 11 6 8 6 6 8 6 5 6 5 6 8 6 6 8 5 6 7 6 5 5 7 6 6 5 8 6 9 6 6
49 14 7 24 17 12 25 17 9 12 11 11 9 12 9 14 14 15 15 15 13 9 11 12 7 9 11 9 7 10 9 9 10 12 11 7 8 11 6 8 8 9 12 8 7 8 6 14 6 6 8 9 7 7 6 6 6 12 8 7 13 7 8 7 8 7 7 7 8 8 7 8 6 8 7 7 6 7 12 7 8 7 8 6 6 7 7 7 9 7 5 13 8 6 8 9 7 x 8 8 7 7 7 9 11 9 9 8 8 8 8 8 8 10 9 6 7 7 9 9 8 6 9 11 8 8 11 10 9 8 8 10 9 7 7 7 9 9 8 8 8 9 9 9 8 9 7 8 9 9 8 8 12 10 8 9 8 11 8 8 8 10 9 8 8 8 9 8 9 9 12 7 9 7 6 8 8 7 8 6 9 8 7 8 9 8 8 10 9 9 8 8 9 7 8 8 8 8 8 8
48 14 7 24 18 12 30 18 10 13 11 12 9 14 9 14 15 15 15 14 12 7 13 13 7 9 11 8 8 9 8 11 10 12 11 8 7 13 10 9 8 11 12 8 5 7 6 14 8 7 10 12 7 8 8 6 6 11 6 8 10 7 6 8 8 6 10 8 5 8 7 10 6 9 9 6 8 6 8 8 7 8 10 7 6 7 7 7 8 8 6 13 6 7 7 8 7 8 x 7 7 5 8 7 7 7 9 5 9 6 7 5 6 5 7 6 6 5 7 5 7 7 5 7 5 9 7 9 7 6 8 5 8 6 6 7 9 7 6 6 8 6 7 6 6 7 5 6 6 6 7 5 7 6 6 6 9 8 6 5 7 5 5 5 6 8 7 6 7 7 11 6 7 5 8 9 6 7 6 5 6 5 8 6 5 8 5 6 6 7 7 8 5 6 7 6 7 10 7 8
49 14 7 23 17 11 27 16 10 13 11 11 9 14 10 14 15 16 16 15 14 6 11 13 8 10 12 9 8 9 8 9 10 11 11 7 7 12 8 7 10 11 11 10 6 6 8 15 9 7 12 9 7 8 7 6 7 12 6 7 9 9 5 7 9 7 10 9 7 8 8 9 7 8 8 9 9 5 10 8 8 8 10 7 6 7 9 7 9 7 6 13 6 10 9 8 5 8 7 x 8 5 6 6 6 8 10 7 6 6 6 5 6 5 7 6 8 5 5 9 5 5 6 8 6 10 6 6 6 7 7 5 8 5 7 6 6 6 6 7 5 8 5 6 6 6 6 6 6 9 5 5 9 7 5 6 7 9 8 5 7 8 6 5 6 12 5 5 6 6 10 7 7 6 8 8 8 7 7 7 6 6 5 5 7 6 5 6 5 6 6 8 7 5 7 8 8 6 5 6
49 14 7 24 17 12 27 16 11 13 11 11 9 14 9 14 15 15 15 15 12 6 12 11 8 9 12 8 8 9 8 9 12 12 10 9 7 14 9 8 11 9 10 9 5 6 9 14 9 7 11 11 7 9 8 7 6 13 9 9 11 7 7 8 8 7 9 11 7 10 6 8 10 9 8 7 8 5 9 9 10 7 7 7 6 10 7 8 6 6 5 13 5 6 8 8 5 7 7 8 x 5 6 6 8 5 10 6 7 6 9 6 6 6 8 5 6 6 7 6 5 10 8 7 6 10 5 8 6 5 7 6 8 6 6 6 6 6 6 7 6 7 7 6 5 6 6 9 9 7 6 7 7 8 8 6 6 7 7 6 7 6 6 8 6 7 7 6 5 6 10 6 7 9 7 7 7 8 7 8 6 7 5 5 7 6 8 8 5 10 7 8 6 9 8 6 6 8 6 6
49 13 8 23 19 12 28 17 10 14 11 12 10 13 9 15 15 16 15 14 12 8 13 14 6 9 12 8 7 10 7 12 10 12 11 7 6 13 7 8 10 11 11 8 6 6 7 15 8 7 9 8 6 10 6 10 7 10 9 7 9 7 5 8 7 5 9 7 5 7 6 7 7 8 7 8 7 7 9 8 7 6 9 6 8 7 7 8 7 6 5 13 5 6 9 7 7 7 5 5 5 x 5 7 8 5 8 6 8 5 6 6 5 8 7 8 6 5 7 8 7 6 5 7 9 9 7 5 7 7 7 7 9 6 7 6 5 6 7 6 8 6 8 6 6 6 7 7 8 8 5 6 6 7 6 10 7 7 6 6 7 7 5 6 6 9 6 6 6 7 11 8 8 7 9 8 6 6 6 7 6 6 5 5 6 8 6 7 6 6 6 7 7 7 6 5 5 8 6 9
48 14 7 23 16 13 25 17 10 12 11 10 8 14 9 14 16 14 15 15 13 7 13 12 7 9 12 9 8 9 8 10 11 11 11 10 7 12 8 10 9 9 10 9 6 7 7 16 9 8 13 11 6 9 7 8 6 13 7 8 11 8 5 7 7 8 10 7 8 8 6 7 6 8 10 9 8 6 7 7 7 7 8 7 5 7 7 7 8 7 6 14 6 7 7 10 5 7 8 6 6 5 x 7 6 7 11 6 5 6 10 6 7 9 6 7 7 5 5 6 5 7 6 7 5 11 6 6 6 7 8 7 8 6 7 6 6 6 5 8 8 6 6 6 8 5 7 6 5 6 6 6 8 6 9 6 8 9 6 8 7 6 6 8 6 10 6 6 8 6 11 6 8 8 5 7 6 6 6 7 5 7 5 8 8 6 6 6 8 5 6 7 6 8 8 6 7 10 5 7
48 14 8 24 16 12 26 17 10 12 12 12 9 14 9 14 15 15 16 15 13 8 12 12 8 9 11 9 9 9 8 10 9 12 10 10 8 13 7 9 10 11 10 9 6 7 5 17 8 6 10 9 6 8 7 6 6 10 7 8 10 8 7 8 8 7 10 10 5 10 11 9 7 7 7 10 7 6 8 9 6 8 8 8 7 9 10 7 9 7 6 13 7 8 8 9 7 9 7 6 6 7 7 x 9 7 11 6 8 7 8 6 8 8 7 6 6 7 6 7 8 6 7 7 6 9 6 10 7 8 7 7 8 7 7 6 6 8 7 9 6 7 7 9 7 6 7 7 6 7 10 8 12 10 7 6 6 10 8 7 8 7 7 8 7 7 8 7 9 7 9 7 7 8 7 9 8 7 7 7 7 8 7 8 7 7 7 8 7 11 7 7 10 7 7 7 6 8 7 7
48 13 7 23 17 12 29 18 9 13 12 11 9 12 9 14 15 15 17 16 13 7 12 12 9 9 13 8 8 8 7 11 11 11 10 6 7 12 7 9 8 13 8 8 7 7 8 13 9 7 10 10 6 7 9 6 5 9 6 7 8 6 8 7 6 7 8 11 6 12 7 7 7 8 7 6 7 6 10 7 6 11 8 5 7 8 8 7 7 8 7 12 7 7 9 7 6 11 7 6 8 8 6 9 x 7 7 9 8 6 7 7 6 7 7 7 7 8 9 5 8 8 7 8 7 7 10 9 6 7 10 10 7 6 6 7 7 6 7 7 7 6 7 7 8 8 6 11 7 7 7 8 9 8 8 8 8 8 7 6 8 7 7 8 10 8 6 7 7 6 9 7 8 7 6 7 8 7 8 7 7 7 6 6 9 7 8 7 6 7 6 9 9 8 10 7 9 6 8 11
48 13 7 23 17 11 26 17 11 12 12 11 10 13 9 14 14 15 16 15 14 7 11 11 7 9 11 8 6 9 9 9 9 12 11 9 6 12 7 9 8 10 10 9 6 7 7 14 8 7 11 10 6 9 7 7 6 11 9 8 11 10 6 7 7 7 9 7 7 8 9 8 7 9 7 9 8 7 9 6 6 7 11 7 6 8 7 9 6 6 7 12 6 6 6 10 6 9 7 8 5 5 7 7 7 x 9 7 7 6 6 6 7 7 6 6 7 8 8 8 6 7 6 7 6 8 6 8 6 7 8 7 8 6 7 6 7 7 7 8 6 6 7 7 6 7 11 6 6 6 9 7 7 11 7 6 7 8 6 9 10 7 8 7 7 10 11 7 9 8 9 8 7 9 9 7 9 7 6 5 6 8 6 6 9 7 8 8 9 6 9 7 7 7 7 7 8 9 6 7
48 14 8 23 17 12 27 16 10 13 11 12 9 13 9 14 15 15 16 14 13 7 12 12 7 10 12 8 8 9 8 10 11 13 12 8 8 12 8 9 9 9 10 8 7 8 8 16 8 8 9 9 9 9 8 7 8 11 7 8 11 8 9 8 9 8 10 9 8 8 9 10 7 8 8 8 11 10 7 8 9 7 7 9 9 7 10 9 7 7 8 13 8 9 8 7 9 9 9 10 10 8 11 11 7 9 x 8 10 9 9 9 9 9 10 9 10 8 10 8 9 9 9 8 8 9 7 9 8 9 8 9 8 10 8 9 9 9 9 9 10 9 9 9 12 10 9 9 9 10 11 14 10 9 9 10 9 14 11 11 9 9 9 10 9 9 12 9 9 9 9 11 9 9 10 10 9 9 11 8 13 9 10 11 10 10 12 8 9 11 10 8 9 8 9 11 8 10 8 10
48 13 7 23 18 14 26 17 10 13 11 12 9 13 9 14 15 15 16 15 13 6 11 12 8 10 12 7 8 9 8 10 11 12 12 9 7 13 9 11 9 11 10 10 6 6 8 14 8 7 9 10 6 8 7 7 7 10 7 8 10 8 5 7 7 7 9 9 6 7 7 9 8 10 7 6 8 6 9 6 9 7 10 6 6 9 12 7 8 7 6 12 6 9 8 8 5 8 5 7 6 6 6 6 9 7 8 x 6 8 6 6 6 5 7 6 8 5 8 5 7 8 6 7 5 9 7 6 7 6 7 6 8 6 7 8 5 6 8 7 6 5 8 7 6 5 6 6 7 7 7 6 7 7 5 7 8 11 6 7 9 7 7 6 7 8 5 6 6 6 11 6 7 6 8 9 9 6 7 8 11 8 5 6 5 7 7 6 7 6 9 8 7 7 7 9 6 6 8 7
48 14 8 24 17 12 25 16 10 13 11 12 8 14 9 14 15 15 16 16 11 7 12 11 9 9 12 8 7 8 8 10 9 12 11 7 6 12 7 8 8 9 9 9 5 7 7 14 7 7 12 9 6 9 7 8 6 12 8 8 11 7 5 9 8 11 11 9 6 8 8 9 7 9 10 8 7 6 8 9 7 7 9 6 7 9 12 7 7 7 7 12 5 7 9 8 9 8 9 6 7 8 5 8 8 7 10 6 x 8 6 5 6 5 9 9 7 6 6 6 9 7 8 8 7 9 7 6 7 7 7 6 10 6 6 5 7 8 7 10 6 6 6 6 8 6 6 6 9 9 7 6 7 7 6 6 7 8 6 6 6 6 6 7 6 14 6 9 8 6 11 6 7 5 6 8 6 5 6 10 6 7 6 6 6 6 7 7 6 6 6 7 6 5 6 7 6 9 8 5
47 14 8 22 18 12 24 15 9 12 10 10 8 13 8 13 15 13 15 14 12 8 10 10 7 8 12 7 7 9 8 8 9 11 10 7 7 13 6 7 8 9 12 9 6 6 8 14 9 7 10 8 10 7 9 6 5 13 10 7 8 6 6 6 7 8 9 9 6 8 10 8 6 7 7 7 6 6 8 7 6 7 8 6 8 7 8 7 6 6 5 13 6 8 8 11 6 8 6 6 6 5 6 7 6 6 9 8 8 x 6 6 7 8 8 7 6 7 8 7 9 7 9 6 8 8 5 8 6 7 7 6 8 10 6 8 7 10 6 8 6 6 10 7 6 5 6 6 7 6 6 6 6 6 8 6 7 7 9 7 7 7 7 8 7 9 6 6 6 11 10 6 9 6 7 9 7 6 7 9 6 6 6 8 7 6 7 7 5 6 6 7 8 8 8 7 9 8 6 8
49 13 7 23 15 11 25 17 12 12 11 12 9 15 9 14 15 15 15 14 12 7 11 12 7 8 11 8 8 8 8 10 11 11 11 8 6 13 9 7 9 11 10 9 6 6 6 16 8 7 12 10 7 9 6 7 6 12 9 8 12 8 6 7 7 6 10 7 8 9 8 8 9 7 6 6 9 6 8 8 6 8 9 6 6 6 9 9 9 7 6 11 6 9 9 7 6 8 7 6 9 6 10 8 7 6 9 6 6 6 x 6 9 6 6 6 8 7 9 7 10 6 7 7 6 9 6 8 10 7 7 7 7 7 8 10 8 8 6 7 7 7 6 6 6 10 6 7 6 8 9 8 6 9 7 7 6 7 7 6 7 7 6 7 8 10 6 6 8 7 9 6 7 10 8 7 9 6 6 7 6 6 7 8 9 6 8 8 10 11 8 8 7 7 7 9 6 8 6 9
49 14 8 24 17 12 26 17 10 13 12 12 8 13 9 14 14 14 16 14 12 7 11 12 7 10 12 8 7 9 10 9 11 12 10 7 8 13 7 8 9 11 13 12 6 7 5 15 8 7 9 9 6 10 8 8 6 11 8 8 10 6 6 7 8 7 10 10 6 8 7 9 7 9 7 7 7 5 8 7 6 8 8 7 7 9 9 9 6 5 5 15 5 6 8 11 5 8 5 5 6 6 6 6 7 6 9 6 5 6 6 x 7 4 9 6 8 10 6 5 5 8 6 7 6 9 8 6 8 6 8 6 8 7 7 9 8 7 9 6 7 7 6 6 5 8 5 6 5 6 9 8 7 6 5 6 6 8 7 8 9 5 8 7 5 10 6 6 6 7 10 5 9 5 7 8 6 5 7 7 6 7 6 6 6 7 6 8 5 6 5 8 6 6 5 6 6 8 6 7
48 14 7 23 17 13 26 18 10 13 12 13 9 13 9 15 16 15 16 15 12 7 13 13 7 9 11 8 7 9 9 9 8 11 10 7 7 13 9 11 9 12 13 9 9 7 6 14 7 6 10 8 6 8 7 7 7 11 7 8 10 8 6 8 7 8 11 8 6 8 6 8 7 7 9 8 7 5 8 6 6 7 8 6 6 9 11 9 6 7 6 12 5 11 8 11 6 8 6 6 6 5 7 8 6 7 9 6 6 7 9 7 x 9 6 7 8 5 7 6 7 6 7 7 7 9 6 6 8 9 7 7 9 7 7 7 5 9 6 7 7 7 6 5 8 6 6 7 7 7 7 6 8 6 5 7 7 8 8 9 9 8 6 8 7 10 6 7 7 6 9 6 7 7 7 9 8 6 7 7 6 6 6 7 6 6 9 7 7 7 9 6 5 8 6 5 6 7 11 8
48 14 8 23 16 12 26 16 10 13 12 12 9 13 9 15 15 15 16 14 13 8 12 12 7 9 11 8 7 9 7 10 9 12 11 8 7 12 7 10 10 9 11 9 5 6 6 15 9 7 12 11 7 8 7 7 6 11 7 9 11 8 5 7 7 8 10 8 5 11 11 11 6 8 9 9 8 8 9 8 5 6 10 7 7 10 9 8 6 6 6 13 5 9 7 11 9 10 5 5 6 8 9 8 7 7 9 5 5 8 6 4 9 x 7 6 7 6 6 7 8 8 8 8 8 9 6 8 5 9 7 5 8 6 7 6 6 7 5 7 6 6 5 5 7 6 5 5 6 7 7 7 6 5 8 5 9 11 5 7 7 6 8 7 7 9 5 4 5 6 11 6 9 6 6 7 6 6 7 7 8 5 6 5 8 7 7 6 5 5 6 6 7 9 6 5 9 7 5 5
49 14 7 23 16 13 26 17 10 12 11 11 9 13 10 14 15 14 16 15 13 7 11 13 7 9 11 8 9 10 7 9 10 11 12 7 7 12 8 8 7 12 10 9 9 6 9 14 9 8 13 9 7 6 7 7 7 11 7 8 9 7 7 7 9 8 9 8 7 8 6 7 7 9 7 7 11 9 13 9 9 8 6 7 7 8 9 6 9 7 7 11 7 7 7 8 6 9 7 7 8 7 6 7 7 6 10 7 9 8 6 9 6 7 x 7 12 7 8 7 9 10 7 13 11 11 9 9 8 8 8 8 9 8 8 7 8 8 9 9 8 7 8 8 9 9 10 9 8 9 10 8 9 8 8 7 9 6 11 8 9 10 10 8 7 7 8 7 8 9 8 10 8 8 8 10 8 8 10 7 9 10 9 8 10 8 9 10 9 8 8 8 8 7 8 8 11 10 9 9
48 14 10 23 17 12 25 17 10 12 11 11 10 13 9 13 16 14 15 17 12 7 11 11 6 8 10 7 7 6 9 8 9 10 10 10 6 12 9 8 8 9 9 10 5 6 6 13 9 7 9 8 8 11 6 6 8 10 7 6 9 9 6 6 7 7 8 9 7 7 9 8 5 7 8 8 7 6 8 7 6 6 10 7 6 7 8 8 7 7 7 12 6 7 7 10 9 6 6 6 5 8 7 6 7 6 9 6 9 7 6 6 7 6 7 x 6 6 8 7 6 7 5 10 9 8 7 9 6 10 9 6 9 7 10 9 6 6 6 7 6 5 8 6 7 5 9 6 7 6 6 6 8 7 6 9 6 7 9 6 9 8 7 6 6 9 5 6 6 7 10 9 7 6 7 9 6 5 8 8 10 6 7 7 6 5 8 6 6 7 10 7 7 7 7 5 7 8 5 9
49 13 8 23 16 12 26 16 10 13 11 11 9 13 8 14 15 14 16 14 12 6 11 13 7 9 11 8 8 9 7 9 9 12 10 7 6 13 8 10 9 11 10 10 7 7 6 13 9 7 11 12 7 8 6 8 6 12 7 8 12 8 9 7 7 7 9 8 8 8 7 9 7 7 9 6 8 6 11 9 6 7 8 8 8 8 8 7 6 7 9 12 8 7 10 10 7 7 6 8 6 6 7 6 7 7 10 8 7 6 8 8 8 7 12 6 x 8 7 10 9 7 10 9 6 7 7 9 9 8 8 9 9 7 8 10 9 6 7 8 7 11 7 10 7 6 8 6 8 7 11 7 10 9 11 9 6 9 10 7 6 8 8 9 6 8 7 9 9 7 8 9 7 8 9 8 8 8 6 7 7 7 8 9 6 9 8 9 6 7 7 13 8 8 10 8 8 8 11 8
49 13 7 23 17 11 26 17 9 14 10 11 9 13 9 14 14 14 16 14 11 9 11 11 7 9 11 7 8 8 9 9 9 12 13 8 8 11 7 8 7 9 10 9 5 6 8 14 7 7 8 8 6 8 7 7 6 11 6 8 9 6 7 8 8 7 8 7 5 8 7 9 8 7 10 7 8 5 7 8 6 7 9 8 6 7 9 7 8 9 7 14 6 6 9 7 8 7 5 5 6 5 5 7 8 8 8 5 6 7 7 10 5 6 7 6 8 x 7 7 8 6 6 8 6 10 10 6 7 7 9 8 9 5 6 6 5 7 10 6 7 6 7 6 8 6 10 7 8 6 6 7 7 5 8 6 7 8 6 6 9 6 6 7 6 9 8 6 6 6 9 7 8 7 6 9 8 6 7 6 6 6 5 5 5 7 7 7 5 9 6 9 5 6 9 6 7 6 6 7
48 14 9 24 17 12 26 17 10 12 12 11 9 13 10 14 15 15 16 15 13 8 12 12 8 11 12 9 9 11 10 9 11 14 12 9 7 12 7 9 9 10 9 9 7 7 8 17 8 8 11 10 7 9 10 6 8 12 9 8 14 8 6 7 7 6 9 9 7 9 9 9 7 10 8 8 8 7 9 8 6 8 9 7 9 10 9 7 7 8 8 17 6 9 6 7 8 9 7 5 7 7 5 6 9 8 10 8 6 8 9 6 7 6 8 8 7 7 x 6 6 6 9 9 6 8 6 10 8 7 8 6 9 7 6 7 6 6 7 6 7 10 6 6 10 7 6 5 6 6 10 7 8 7 8 6 8 8 9 7 7 6 9 9 6 9 7 6 6 7 9 7 9 6 8 7 8 7 7 12 8 7 7 7 7 6 6 6 7 7 6 7 9 7 7 6 6 7 9 8
48 14 7 23 17 13 27 19 13 13 11 12 9 13 10 14 15 15 16 14 13 7 13 11 7 10 11 8 7 10 9 10 10 11 11 7 6 14 9 8 9 11 10 9 7 7 9 16 8 7 9 10 6 9 9 8 6 13 6 9 9 8 5 11 7 7 11 12 7 10 9 10 7 7 10 5 7 6 9 8 8 8 9 6 8 8 10 8 6 7 7 12 5 7 7 8 5 9 5 9 6 8 6 7 5 8 8 5 6 7 7 5 6 7 7 7 10 7 6 x 8 6 6 6 7 8 6 10 8 7 10 6 8 5 7 7 7 6 7 7 6 6 6 6 6 6 7 6 5 7 8 7 6 7 6 7 6 8 6 6 8 6 7 6 6 9 6 6 6 6 12 7 6 5 6 8 6 6 6 7 6 6 6 10 8 7 10 5 7 6 8 5 8 7 9 7 8 6 6 8
49 14 7 24 17 11 28 18 9 13 11 11 8 15 8 14 15 14 15 16 12 8 11 11 7 8 11 7 7 7 10 11 9 12 11 9 7 12 8 9 9 10 10 8 7 7 6 14 8 7 11 10 6 9 7 6 6 12 7 8 10 8 6 8 10 8 14 8 6 10 10 11 7 7 10 8 8 7 8 8 6 7 9 7 5 8 8 9 8 7 7 12 7 6 8 9 9 8 7 5 5 7 5 8 8 6 9 7 9 9 10 5 7 8 9 6 9 8 6 8 x 8 6 6 5 8 5 7 5 7 9 5 8 6 7 7 7 7 6 7 5 7 6 8 7 7 8 8 6 6 7 7 6 8 6 7 8 8 6 7 9 7 10 8 8 10 7 5 7 6 14 6 6 9 6 6 10 6 5 8 6 5 7 9 6 6 8 7 9 8 6 8 6 9 7 6 8 8 9 6
49 14 7 23 16 12 26 17 11 13 12 12 9 13 9 14 16 14 16 15 12 8 13 12 7 10 13 7 7 10 7 9 10 14 11 8 7 14 8 8 8 10 11 11 7 8 7 15 8 7 13 9 7 8 8 8 7 12 9 8 11 8 7 7 9 7 9 8 9 8 7 8 8 9 9 6 7 7 10 8 7 7 8 7 9 10 9 7 7 11 7 14 6 7 6 7 6 6 7 5 10 6 7 6 8 7 9 8 7 7 6 8 6 8 10 7 7 6 6 6 8 x 9 7 6 9 5 5 7 6 8 7 8 5 8 7 7 6 8 8 6 5 6 6 7 6 8 6 8 7 8 8 7 6 6 6 6 9 11 9 8 6 9 6 6 7 5 7 7 7 9 8 9 8 10 8 7 7 7 8 8 7 6 5 6 7 8 8 6 6 7 9 6 5 7 7 8 7 9 6
49 14 7 24 17 12 27 17 11 13 11 13 9 14 9 14 15 15 17 15 13 7 11 12 7 11 13 8 7 9 7 9 10 13 11 8 7 13 8 7 12 11 10 9 6 7 8 15 9 7 13 10 7 9 6 7 6 11 9 8 10 7 6 9 8 8 10 8 6 8 8 7 8 8 9 7 8 6 9 9 7 7 9 6 7 9 9 7 7 7 7 12 5 8 7 9 6 9 5 6 8 5 6 7 7 6 9 6 8 9 7 6 7 8 7 5 10 6 9 6 6 9 x 8 7 12 10 5 6 7 9 6 12 6 6 6 8 6 6 5 6 7 7 8 5 7 7 6 5 6 5 7 6 7 5 8 6 10 5 6 9 6 5 8 6 10 6 7 6 7 12 7 7 7 6 8 6 7 5 6 5 6 7 6 10 5 6 5 5 6 6 8 9 8 6 6 6 6 5 9
48 13 7 23 16 13 26 17 11 13 11 12 8 14 9 16 14 14 14 13 13 7 12 14 8 9 14 8 7 9 10 12 12 12 12 8 7 12 9 9 8 9 9 9 7 8 7 14 7 8 9 10 7 9 6 7 7 11 7 10 9 7 7 8 8 7 11 9 7 8 7 9 7 8 8 6 9 8 11 7 6 8 9 6 7 8 9 8 7 7 7 12 9 8 7 8 8 11 7 8 7 7 7 7 8 7 8 7 8 6 7 7 7 8 13 10 9 8 9 6 6 7 8 x 9 13 9 8 8 11 8 8 8 10 9 7 8 7 8 9 7 10 10 9 9 10 11 9 7 9 10 11 8 8 9 7 9 8 7 7 12 8 8 11 7 8 7 9 10 8 9 8 7 8 7 8 7 9 10 9 7 7 11 8 8 8 9 8 7 7 9 7 10 7 9 8 11 6 8 9
49 14 8 23 17 12 26 17 10 12 12 12 8 14 9 14 15 16 16 13 12 7 11 11 7 9 11 9 10 10 7 10 10 13 11 8 7 14 8 8 8 10 9 9 6 6 7 14 8 7 9 10 8 7 7 7 6 12 6 8 9 8 5 9 7 8 10 8 5 10 9 8 7 12 9 7 9 5 9 7 7 9 9 9 8 8 11 11 5 7 5 12 5 7 7 8 7 8 5 6 6 9 5 6 7 6 8 5 7 8 6 6 7 8 11 9 6 6 6 7 5 6 7 9 x 10 7 5 7 6 8 8 9 5 6 6 8 8 8 7 5 6 8 6 8 6 6 8 6 7 5 6 7 6 5 6 6 9 8 6 9 5 6 6 6 8 6 8 5 7 10 5 7 8 7 6 7 6 6 8 10 6 6 9 6 6 6 5 5 6 6 8 6 7 6 5 9 6 8 6
48 13 8 24 17 12 27 17 10 12 12 12 9 16 10 14 16 14 16 15 13 8 13 11 8 9 13 10 7 9 7 10 11 12 11 8 7 12 7 7 10 10 11 8 11 7 7 15 9 7 9 8 7 8 7 8 7 11 7 7 10 7 10 8 8 7 9 7 8 7 7 10 7 9 11 8 8 9 10 7 7 9 8 8 9 8 10 7 8 7 8 14 8 10 7 11 8 8 9 10 10 9 11 9 7 8 9 9 9 8 9 9 9 9 11 8 7 10 8 8 8 9 12 13 10 x 11 8 9 11 7 9 14 11 13 10 13 10 10 11 11 10 10 10 10 8 8 9 9 11 11 9 8 13 9 10 12 10 10 11 9 9 10 9 8 9 9 9 9 9 11 9 8 10 9 9 10 11 10 8 8 9 9 10 9 11 9 10 11 10 11 10 9 10 9 9 11 8 9 8
49 14 7 25 17 12 25 17 10 13 11 13 9 12 9 14 15 16 16 14 12 7 10 12 6 9 11 8 9 8 8 9 11 11 11 8 6 14 8 8 10 10 10 10 6 6 6 14 8 10 11 9 11 6 7 6 6 12 7 7 11 8 6 7 6 7 10 8 7 9 8 9 6 10 7 8 7 5 10 7 6 8 8 5 8 8 8 6 10 8 6 11 6 7 6 8 5 11 7 6 5 7 6 6 10 6 7 7 7 5 6 8 6 6 9 7 7 10 6 6 5 5 10 9 7 11 x 6 6 8 7 7 9 5 7 6 6 7 6 6 6 7 10 9 9 6 7 6 9 6 7 8 10 6 9 6 8 9 6 10 8 7 7 7 8 11 7 7 5 7 10 6 8 6 7 9 7 7 6 7 9 6 6 8 6 6 8 8 8 6 6 8 7 8 10 6 6 8 6 7
49 14 8 23 17 14 27 17 11 12 12 11 9 13 7 14 14 14 16 14 12 7 12 11 7 9 12 7 7 8 7 9 9 11 11 7 6 12 7 7 8 10 10 9 7 5 7 14 7 6 10 9 7 9 6 7 6 12 6 8 9 6 6 7 6 7 9 7 5 7 8 8 6 8 8 6 7 5 8 8 6 7 9 6 5 8 9 8 6 8 6 13 5 7 8 10 6 10 9 6 8 5 6 10 9 8 9 6 6 8 8 6 6 8 9 9 9 6 10 10 7 5 5 8 5 8 6 x 6 7 8 8 8 7 7 6 5 5 7 9 7 9 7 7 6 6 8 7 7 8 6 8 5 8 5 11 8 7 8 5 8 7 7 7 8 9 6 7 7 7 9 6 8 7 7 7 7 6 6 7 8 9 6 8 6 6 8 8 7 6 9 8 6 8 6 6 6 7 9 5
48 13 7 24 17 13 25 17 9 13 11 12 9 13 9 14 15 15 17 15 13 8 12 12 7 9 14 9 8 10 8 10 10 13 11 8 7 14 8 8 10 11 12 9 8 7 8 14 11 7 10 10 7 8 8 7 8 12 8 8 10 8 6 7 9 8 10 8 6 8 9 10 7 9 8 9 8 5 9 9 6 7 11 6 7 7 9 10 9 10 7 12 6 6 7 10 9 9 7 6 6 7 6 7 6 6 8 7 7 6 10 8 8 5 8 6 9 7 8 8 5 7 6 8 7 9 6 6 x 7 9 7 9 6 7 7 6 5 7 6 8 6 6 6 5 8 6 6 6 9 7 7 6 6 6 6 7 7 6 6 8 6 8 6 6 13 9 6 7 7 14 7 7 8 8 7 7 7 5 6 6 5 6 5 6 6 5 6 6 6 7 5 6 6 6 5 7 8 5 8
49 14 7 23 17 13 26 18 10 13 11 12 9 14 9 15 15 15 16 15 12 7 12 13 7 9 14 8 6 9 8 9 10 13 12 7 7 12 7 9 10 10 10 10 7 6 9 15 9 7 10 10 7 10 8 7 7 12 7 9 10 7 6 9 8 7 8 10 8 8 11 8 6 9 8 7 7 6 8 7 6 8 10 6 6 7 10 7 7 7 8 12 6 7 6 10 6 8 6 7 5 7 7 8 7 7 9 6 7 7 7 6 9 9 8 10 8 7 7 7 7 6 7 11 6 11 8 7 7 x 7 9 11 6 8 8 8 6 8 8 6 6 12 7 6 7 7 6 10 7 7 7 7 6 9 6 10 6 6 7 8 9 9 7 8 7 7 6 7 9 9 8 10 7 7 8 8 7 9 6 8 10 7 7 11 10 6 7 7 7 7 9 6 9 7 8 7 8 8 7
49 14 7 24 16 13 26 16 10 14 12 13 9 14 9 14 16 15 16 15 14 8 13 13 8 9 13 8 8 9 8 10 10 12 12 8 9 14 8 9 8 10 9 9 7 7 8 14 8 7 10 9 12 8 7 7 8 8 9 8 12 8 8 8 9 8 11 7 10 7 6 9 6 11 7 9 7 11 8 9 7 7 8 8 10 8 7 9 8 7 8 14 8 6 7 11 8 8 8 7 7 7 8 7 10 8 8 7 7 7 7 8 7 7 8 9 8 9 8 10 9 8 9 8 8 7 7 8 9 7 x 8 8 8 9 9 11 10 9 13 11 8 8 9 9 7 8 9 9 9 10 9 11 10 10 8 7 9 8 9 8 10 9 9 12 9 8 10 8 8 9 8 8 7 8 8 8 9 13 9 10 9 9 9 8 9 8 11 9 12 8 8 9 8 8 10 11 10 9 7
48 13 7 24 17 13 26 17 10 12 12 11 9 13 8 15 14 14 15 14 12 7 12 13 7 9 13 8 8 9 8 10 10 11 12 8 7 13 8 8 9 10 10 10 6 7 8 17 8 7 11 10 7 8 8 6 5 12 6 8 10 8 5 8 7 7 11 8 7 8 8 9 7 9 10 7 9 5 10 8 6 8 7 6 7 7 11 7 7 7 9 15 5 7 9 7 8 10 5 5 6 7 7 7 10 7 9 6 6 6 7 6 7 5 8 6 9 8 6 6 5 7 6 8 8 9 7 8 7 9 8 x 9 5 6 6 6 5 5 6 8 8 5 6 6 6 6 6 5 8 5 6 8 6 5 8 8 8 7 6 6 6 7 5 6 10 5 7 5 6 10 7 6 6 6 6 8 6 6 9 6 7 6 5 10 6 8 5 5 5 7 8 4 6 5 5 6 7 7 8
49 14 8 23 18 12 28 17 10 12 11 12 9 14 10 14 17 15 16 15 12 8 11 12 8 9 15 7 8 8 8 9 10 11 12 9 8 12 7 8 9 10 11 10 8 8 7 16 8 7 10 9 9 8 7 7 8 12 8 8 9 9 8 7 7 7 11 8 8 12 8 8 10 9 8 8 7 8 8 8 7 8 9 7 7 7 8 7 8 7 8 14 9 6 8 9 8 9 8 8 8 9 8 8 7 8 8 8 10 8 7 8 9 8 9 9 9 9 9 8 8 8 12 8 9 14 9 8 9 11 8 9 x 10 9 11 11 9 8 9 9 13 9 9 9 9 7 10 9 10 9 10 9 9 10 9 13 13 12 10 8 10 9 9 9 9 10 9 8 7 10 9 9 9 10 9 9 13 8 9 9 9 8 11 11 8 8 11 13 9 13 9 9 9 9 9 10 9 9 8
49 13 7 23 17 12 25 17 10 13 11 11 9 13 9 15 15 14 16 14 13 7 11 13 7 9 11 8 7 8 8 11 10 12 12 9 7 13 9 9 9 9 10 10 6 8 7 14 8 6 10 12 7 8 7 8 6 10 8 7 10 7 6 7 7 7 9 8 6 11 8 12 10 11 8 8 7 6 8 7 7 7 8 10 5 7 9 7 7 7 6 15 5 7 10 8 6 7 6 5 6 6 6 7 6 6 10 6 6 10 7 7 7 6 8 7 7 5 7 5 6 5 6 10 5 11 5 7 6 6 8 5 10 x 7 7 6 9 7 6 5 6 9 6 8 6 6 5 6 10 5 6 6 7 6 6 6 8 8 6 9 6 7 8 6 10 6 5 5 10 10 6 9 6 6 7 7 8 8 6 6 6 9 5 6 7 7 9 6 6 7 6 6 10 6 6 6 7 6 6
48 14 8 24 17 13 26 17 10 13 12 13 9 14 9 15 15 15 17 15 14 7 12 12 7 10 14 10 7 10 8 11 11 12 11 8 7 14 8 8 12 9 10 9 6 6 7 14 9 7 10 10 9 10 7 9 7 12 10 8 9 9 7 10 8 8 10 9 6 9 9 8 8 8 8 9 8 6 10 7 7 8 9 7 7 8 10 8 6 6 6 13 7 7 10 10 6 7 6 7 6 7 7 7 6 7 8 7 6 6 8 7 7 7 8 10 8 6 6 7 7 8 6 9 6 13 7 7 7 8 9 6 9 7 x 7 7 6 7 6 6 6 5 8 7 6 9 6 7 8 8 7 6 7 8 7 6 10 4 9 7 5 9 8 7 10 7 8 6 12 10 5 6 8 9 7 8 7 6 7 7 6 8 6 7 7 7 7 6 6 5 7 7 6 7 7 8 8 7 6
49 14 8 24 17 13 28 17 10 13 12 11 9 13 10 15 15 14 16 15 12 7 12 12 7 8 12 8 7 9 8 9 10 12 11 8 7 14 8 9 9 10 10 11 6 7 7 14 7 7 10 10 8 10 8 9 7 11 8 8 11 6 7 9 7 6 10 10 7 8 7 10 10 9 11 7 8 6 9 7 6 7 10 7 6 8 10 7 6 7 6 12 7 11 7 9 5 7 7 6 6 6 6 6 7 6 9 8 5 8 10 9 7 6 7 9 10 6 7 7 7 7 6 7 6 10 6 6 7 8 9 6 11 7 7 x 9 6 8 5 10 6 8 11 11 7 6 6 6 8 8 8 8 8 7 9 6 8 8 8 6 6 6 11 7 9 7 8 6 6 10 8 6 7 8 9 10 7 8 6 8 7 8 6 6 7 7 7 6 9 7 9 8 7 7 8 6 7 7 8
48 13 7 23 16 13 25 16 11 12 13 11 9 13 10 14 16 14 16 14 12 8 12 11 8 11 13 9 7 10 9 8 10 12 12 7 8 13 7 8 8 10 9 10 6 9 6 14 8 8 10 11 7 9 7 7 6 12 7 7 11 9 6 8 8 8 10 8 5 9 9 9 10 10 8 8 8 5 8 8 7 7 10 7 7 8 10 8 9 7 5 13 7 8 9 8 6 9 9 6 6 5 6 6 7 7 9 5 7 7 8 8 5 6 8 6 9 5 6 7 7 7 8 8 8 13 6 5 6 8 11 6 11 6 7 9 x 8 6 5 5 4 6 6 7 6 7 6 11 6 7 6 7 7 9 9 7 8 5 5 7 8 7 7 6 9 9 7 6 6 13 8 7 6 7 9 6 5 6 7 8 6 6 6 10 6 6 6 6 7 5 6 6 7 7 7 6 7 6 6
48 13 7 24 16 12 27 17 10 13 12 11 8 14 9 14 15 14 15 15 12 7 13 11 7 10 14 10 7 12 7 9 10 11 14 7 7 13 7 8 9 11 9 9 6 6 7 15 11 6 10 8 7 9 7 6 5 10 8 8 9 7 5 7 8 6 9 8 7 11 8 9 7 8 8 6 7 7 8 6 6 7 8 7 7 11 9 6 8 6 6 15 4 6 7 11 5 9 7 6 6 6 6 8 6 7 9 6 8 10 8 7 9 7 8 6 6 7 6 6 7 6 6 7 8 10 7 5 5 6 10 5 9 9 6 6 8 x 7 6 7 7 8 6 5 6 7 8 5 6 6 7 6 8 5 9 7 8 6 8 8 5 7 8 5 9 8 5 6 8 13 5 6 6 6 7 6 5 5 7 8 6 6 7 7 7 6 5 8 4 5 9 4 6 6 5 6 6 8 6
49 14 7 24 17 12 26 18 10 13 11 12 8 14 9 14 15 14 16 15 12 7 12 13 7 9 13 9 7 9 10 10 10 12 11 9 8 14 9 9 10 11 10 11 6 7 10 15 8 8 11 9 6 8 8 7 6 12 7 9 10 8 5 7 9 7 11 8 8 8 7 9 7 11 8 6 6 6 8 10 7 6 9 6 9 8 9 7 6 7 6 13 5 7 10 7 7 8 6 6 6 7 5 7 7 7 9 8 7 6 6 9 6 5 9 6 7 10 7 7 6 8 6 8 8 10 6 7 7 8 9 5 8 7 7 8 6 7 x 6 9 8 6 10 6 6 5 6 6 8 5 6 6 8 7 5 9 9 5 6 7 5 5 8 8 9 5 6 5 6 11 6 7 7 6 8 6 5 5 8 7 8 5 5 6 7 5 7 6 7 7 8 7 8 5 5 7 6 7 5
48 14 7 23 17 12 27 17 9 13 11 11 9 13 9 14 15 15 15 15 13 7 11 12 8 9 12 8 7 8 8 10 10 12 11 8 6 13 7 9 9 10 11 8 7 7 7 14 8 7 11 9 7 7 7 7 7 10 8 8 10 9 5 8 7 8 10 9 6 8 8 10 7 9 9 9 9 5 8 8 7 8 9 8 6 7 8 8 6 7 6 15 7 7 8 8 7 8 6 7 7 6 8 9 7 8 9 7 10 8 7 6 7 7 9 7 8 6 6 7 7 8 5 9 7 11 6 9 6 8 13 6 9 6 6 5 5 6 6 x 7 5 5 10 7 9 6 8 7 7 9 6 9 8 7 9 8 7 5 6 6 9 6 7 6 8 6 6 7 7 10 6 6 6 10 7 8 6 6 7 7 5 10 8 6 9 10 8 10 6 5 7 6 8 7 5 6 8 8 6
48 13 7 23 16 12 25 17 10 13 12 11 10 12 9 16 15 15 15 14 14 7 12 11 8 11 11 8 8 9 7 10 10 10 12 10 8 12 8 9 9 10 11 9 8 7 7 15 9 6 10 10 7 7 9 7 9 10 9 9 9 7 5 7 6 8 10 8 6 8 6 13 8 8 7 7 10 6 9 8 6 10 9 5 6 8 8 8 8 11 6 13 7 8 9 9 7 8 8 5 6 8 8 6 7 6 10 6 6 6 7 7 7 6 8 6 7 7 7 6 5 6 6 7 5 11 6 7 8 6 11 8 9 5 6 10 5 7 9 7 x 6 8 6 5 6 6 6 7 7 7 7 6 7 5 6 6 7 6 6 7 7 5 7 6 11 8 5 6 6 9 5 7 6 6 7 9 10 5 8 7 5 6 6 7 7 10 5 9 8 6 7 5 9 6 5 6 8 9 6
49 14 7 24 17 14 27 17 10 14 11 11 10 12 9 16 15 15 16 14 12 7 11 12 7 9 12 8 7 8 8 9 12 13 11 8 6 12 8 11 10 10 10 8 6 6 7 16 7 8 10 9 7 9 8 7 6 11 8 9 10 8 7 8 9 9 9 10 6 9 7 10 7 8 8 6 8 6 8 8 6 6 11 8 7 8 11 9 6 9 6 12 8 8 7 8 6 9 6 8 7 6 6 7 6 6 9 5 6 6 7 7 7 6 7 5 11 6 10 6 7 5 7 10 6 10 7 9 6 6 8 8 13 6 6 6 4 7 8 5 6 x 7 6 6 7 7 7 9 9 6 10 6 8 8 6 6 7 8 7 7 6 8 6 7 9 7 8 7 7 10 11 7 7 8 8 6 6 8 7 6 9 7 7 9 8 6 7 8 11 8 7 6 6 8 7 6 7 8 9
48 14 8 23 16 12 26 16 9 13 11 11 11 12 8 15 15 15 16 16 12 6 11 12 8 9 14 8 8 9 7 10 11 11 12 8 7 13 8 9 9 10 11 9 6 6 7 14 8 7 9 10 8 10 6 7 7 14 8 8 10 8 9 7 5 6 8 8 7 8 10 9 7 8 9 5 7 7 8 6 6 7 9 7 6 8 9 7 7 7 9 12 7 7 9 10 7 9 7 5 7 8 6 7 7 7 9 8 6 10 6 6 6 5 8 8 7 7 6 6 6 6 7 10 8 10 10 7 6 12 8 5 9 9 5 8 6 8 6 5 8 7 x 7 6 7 8 7 9 12 9 7 8 6 7 7 9 8 8 8 7 9 10 7 7 8 7 7 10 8 8 7 7 8 9 8 9 6 9 9 9 10 8 7 8 7 7 9 8 7 9 8 7 7 7 8 7 7 10 9
49 14 8 23 17 12 26 17 13 13 13 11 9 13 10 14 14 14 15 14 12 8 11 11 9 9 13 7 7 9 7 9 10 12 11 8 7 12 8 8 8 12 10 9 6 6 7 15 8 7 10 9 9 9 7 6 6 12 7 9 10 8 6 10 9 7 9 8 5 9 7 11 8 9 7 8 7 6 8 8 7 8 10 8 6 9 10 8 7 7 6 13 8 8 8 10 9 9 6 6 6 6 6 9 7 7 9 7 6 7 6 6 5 5 8 6 10 6 6 6 8 6 8 9 6 10 9 7 6 7 9 6 9 6 8 11 6 6 10 10 6 6 7 x 8 8 8 6 6 7 6 7 9 7 7 7 6 8 6 6 9 5 5 11 6 10 7 7 7 6 11 9 7 8 7 8 6 8 6 7 6 6 7 6 6 8 10 7 6 6 7 8 8 6 6 7 6 7 8 7
49 14 7 23 17 12 26 17 10 13 12 12 9 14 9 15 14 15 16 15 12 7 13 13 8 9 12 10 9 9 8 10 11 14 11 8 8 13 9 9 9 10 11 10 7 7 8 15 8 8 10 10 7 8 8 7 6 11 7 9 12 7 6 8 7 6 9 8 6 9 9 9 8 9 9 10 8 8 11 11 6 9 9 6 8 10 8 8 7 6 6 15 6 10 7 9 7 8 6 6 5 6 8 7 8 6 12 6 8 6 6 5 8 7 9 7 7 8 10 6 7 7 5 9 8 10 9 6 5 6 9 6 9 8 7 11 7 5 6 7 5 6 6 8 x 5 9 6 7 7 8 9 7 7 8 5 8 8 5 6 9 6 6 6 7 9 6 8 6 6 10 7 7 6 6 6 6 8 7 6 7 6 6 6 6 5 9 5 6 6 5 9 8 10 6 6 6 6 5 4
48 13 7 23 16 13 25 17 10 13 12 13 9 14 9 14 14 14 18 14 13 7 11 12 7 10 12 8 7 8 8 12 10 11 11 8 9 12 7 8 10 10 10 11 6 6 7 16 8 7 10 11 8 8 6 8 6 11 7 7 10 11 7 7 8 7 13 8 6 8 7 9 9 11 10 6 8 7 9 9 5 7 10 6 7 8 9 7 8 7 5 15 7 7 9 8 7 9 7 6 6 6 5 6 8 7 10 5 6 5 10 8 6 6 9 5 6 6 7 6 7 6 7 10 6 8 6 6 8 7 7 6 9 6 6 7 6 6 6 9 6 7 7 8 5 x 6 6 6 7 6 7 8 7 6 6 7 8 10 6 7 7 6 7 6 9 6 7 8 6 10 9 7 6 7 11 6 6 7 6 6 6 7 6 7 6 5 10 5 9 7 10 6 11 6 6 6 6 6 9
48 14 8 24 17 12 27 17 11 13 13 13 10 13 10 14 15 15 17 14 12 7 13 12 7 9 12 9 7 11 7 10 10 12 14 7 6 12 7 9 10 10 10 9 6 6 7 14 8 7 9 10 8 9 7 10 5 12 7 9 9 7 6 7 8 7 10 7 5 7 7 7 7 10 8 7 7 5 8 10 8 8 10 6 6 8 8 7 6 6 5 12 7 6 7 10 5 7 5 6 6 7 7 7 6 11 9 6 6 6 6 5 6 5 10 9 8 10 6 7 8 8 7 11 6 8 7 8 6 7 8 6 7 6 9 6 7 7 5 6 6 7 8 8 9 6 x 6 6 7 5 6 7 6 6 7 8 8 9 6 7 7 5 5 6 12 7 5 9 6 9 5 7 8 5 7 7 6 8 8 6 5 5 5 7 6 4 8 10 7 9 8 6 7 6 6 10 9 6 8
48 14 8 24 17 12 26 18 10 13 11 12 8 13 9 13 15 15 18 14 12 7 13 12 7 9 11 8 7 7 9 9 9 12 10 8 8 14 8 9 9 10 11 9 6 6 7 15 8 8 9 12 7 9 6 7 6 14 7 10 10 9 6 8 8 7 11 8 7 8 7 7 7 12 8 8 9 6 9 9 8 8 8 6 6 7 10 7 7 7 6 12 8 7 8 8 8 8 6 6 9 7 6 7 11 6 9 6 6 6 7 6 7 5 9 6 6 7 5 6 8 6 6 9 8 9 6 7 6 6 9 6 10 5 6 6 6 8 6 8 6 7 7 6 6 6 6 x 6 9 7 6 8 8 7 7 7 10 8 11 7 7 11 7 6 9 7 5 5 6 10 8 7 8 6 8 7 6 7 8 5 7 8 10 6 7 7 7 6 9 6 9 7 8 6 6 7 7 6 7
48 13 7 24 19 11 26 18 10 13 11 11 8 12 11 14 14 14 16 15 14 8 13 13 7 8 11 7 7 8 7 12 10 12 12 7 6 12 8 9 8 10 11 8 5 7 6 15 10 7 10 9 7 9 7 6 6 9 7 10 10 8 6 8 8 7 9 9 6 8 7 7 8 8 9 7 8 6 9 8 7 11 7 8 6 11 8 7 8 6 8 13 5 7 8 8 6 9 6 6 9 8 5 6 7 6 9 7 9 7 6 5 7 6 8 7 8 8 6 5 6 8 5 7 6 9 9 7 6 10 9 5 9 6 7 6 11 5 6 7 7 9 9 6 7 6 6 6 x 6 7 6 8 9 10 6 6 7 7 7 7 7 6 6 7 10 6 10 7 6 9 6 7 6 6 7 9 7 6 7 5 6 6 7 6 7 8 6 6 8 8 6 9 6 7 6 8 8 7 11
48 14 10 24 17 13 27 17 9 12 12 12 9 13 9 15 15 15 15 14 12 6 12 12 7 9 11 8 7 9 7 8 9 11 11 9 7 12 8 8 9 10 10 9 7 6 6 14 8 7 10 10 9 8 8 7 6 11 7 8 9 9 5 7 7 6 9 8 6 8 8 7 7 9 10 8 9 6 8 7 8 9 8 6 6 8 9 7 6 8 7 12 5 8 9 10 5 9 6 9 7 8 6 7 7 6 10 7 9 6 8 6 7 7 9 6 7 6 6 7 6 7 6 9 7 11 6 8 9 7 9 8 10 10 8 8 6 6 8 7 7 9 12 7 7 7 7 9 6 x 7 6 8 8 6 5 10 8 5 11 8 10 6 6 5 7 8 7 7 6 9 5 8 8 6 9 9 8 8 7 6 7 8 6 5 9 6 8 6 6 6 9 8 7 6 5 7 6 6 6
48 14 8 24 17 12 27 17 10 12 12 11 9 15 9 14 15 14 16 14 12 7 12 12 7 9 11 8 7 8 8 8 9 11 11 7 7 13 8 8 9 10 10 12 6 6 6 15 9 7 10 9 6 8 8 7 6 12 8 8 10 7 6 10 6 7 11 9 7 8 7 8 7 9 10 8 9 6 9 10 8 7 9 6 8 7 10 7 7 7 7 12 5 7 7 9 6 8 7 5 6 5 6 10 7 9 11 7 7 6 9 9 7 7 10 6 11 6 10 8 7 8 5 10 5 11 7 6 7 7 10 5 9 5 8 8 7 6 5 9 7 6 9 6 8 6 5 7 7 7 x 5 7 5 5 6 8 8 5 5 10 6 5 6 5 10 6 9 7 7 11 8 7 10 6 8 10 7 7 6 6 8 5 5 6 5 6 5 5 5 5 8 8 6 6 5 7 7 5 8
48 13 7 23 17 12 26 18 9 13 11 11 8 13 10 14 14 15 16 14 13 7 11 13 8 8 11 8 7 11 9 9 10 12 13 10 7 14 8 9 8 10 11 9 7 6 7 16 10 7 10 9 10 9 7 7 6 12 7 8 10 8 6 7 8 8 9 8 6 8 8 8 7 10 9 6 10 7 9 8 9 7 10 6 6 10 9 8 7 8 6 13 7 8 8 8 9 8 5 5 7 6 6 8 8 7 14 6 6 6 8 8 6 7 8 6 7 7 7 7 7 8 7 11 6 9 8 8 7 7 9 6 10 6 7 8 6 7 6 6 7 10 7 7 9 7 6 6 6 6 5 x 8 7 5 5 7 12 5 9 8 7 7 7 6 11 7 6 6 9 10 5 7 7 5 6 6 7 6 6 7 6 5 5 5 7 8 9 6 7 5 7 6 8 9 7 7 7 7 5
49 14 7 23 16 12 27 18 10 12 12 13 9 14 9 14 16 15 17 14 12 7 12 12 7 9 13 9 7 12 8 9 12 12 11 8 7 14 7 8 9 10 10 10 7 6 8 15 9 8 12 10 8 9 8 6 6 13 7 8 9 7 9 8 9 8 10 9 7 9 10 9 8 10 8 8 8 6 7 8 6 8 9 7 6 7 8 8 6 7 9 14 6 7 10 9 6 12 7 9 7 6 8 12 9 7 10 7 7 6 6 7 8 6 9 8 10 7 8 6 6 7 6 8 7 8 10 5 6 7 11 8 9 6 6 8 7 6 6 9 6 6 8 9 7 8 7 8 8 8 7 8 x 8 7 8 11 8 6 9 7 8 6 7 8 8 7 7 11 6 9 7 7 8 7 8 8 8 9 6 6 7 7 8 7 9 6 11 8 8 8 8 7 7 7 7 9 10 6 6
48 14 10 24 17 12 26 18 10 13 12 13 9 13 9 15 14 16 16 14 13 9 11 12 9 10 12 9 8 9 9 11 10 12 11 8 8 14 8 9 9 10 11 9 8 7 9 14 8 8 10 11 8 8 8 7 7 16 6 8 10 8 6 7 7 8 11 8 6 9 8 10 8 10 12 6 8 6 8 8 9 9 8 8 7 9 9 9 6 6 8 13 7 8 8 8 8 10 6 7 8 7 6 10 8 11 9 7 7 6 9 6 6 5 8 7 9 5 7 7 8 6 7 8 6 13 6 8 6 6 10 6 9 7 7 8 7 8 8 8 7 8 6 7 7 7 6 8 9 8 5 7 8 x 8 6 12 7 7 7 9 7 6 8 9 8 7 6 7 5 9 6 7 9 5 7 8 6 7 10 7 7 9 5 6 7 9 8 7 10 8 5 5 7 6 8 8 8 9 8
49 13 7 23 17 12 27 19 9 13 12 11 9 13 8 13 15 14 16 15 13 7 12 12 7 8 12 8 7 8 8 9 11 12 12 8 9 14 7 10 8 10 10 10 6 7 6 15 8 8 9 9 8 8 7 6 7 11 7 8 10 9 5 9 8 7 9 8 6 9 9 9 9 9 9 10 8 7 9 8 7 8 9 7 6 8 9 8 8 7 6 14 5 7 9 10 7 8 6 5 8 6 9 7 8 7 9 5 6 8 7 5 5 8 8 6 11 8 8 6 6 6 5 9 5 9 9 5 6 9 10 5 10 6 8 7 9 5 7 7 5 8 7 7 8 6 6 7 10 6 5 5 7 8 x 6 8 8 5 6 7 6 5 5 7 10 6 5 7 7 12 6 6 6 6 8 5 6 5 5 7 7 6 6 6 5 5 6 6 5 8 8 6 7 9 6 6 7 8 5
49 13 8 23 17 12 27 18 11 13 11 12 9 13 9 15 15 15 16 15 12 7 13 13 9 9 12 8 7 9 7 10 9 12 11 8 7 13 8 8 10 11 11 10 7 7 8 15 9 8 11 10 9 8 9 9 7 13 7 8 10 8 5 8 8 9 10 10 7 10 7 8 7 8 10 8 8 8 9 8 7 7 9 7 6 8 8 8 7 7 5 14 6 7 9 10 5 9 6 6 6 10 6 6 8 6 10 7 6 6 7 6 7 5 7 9 9 6 6 7 7 6 8 7 6 10 6 11 6 6 8 8 9 6 7 9 9 9 5 9 6 6 7 7 5 6 7 7 6 5 6 5 8 6 6 x 8 7 9 7 8 7 9 5 5 9 6 8 5 8 11 10 8 6 7 6 7 8 6 8 9 9 6 6 6 9 4 6 5 5 5 6 9 6 10 6 5 7 5 6
48 14 8 24 17 15 27 17 10 13 11 11 8 13 10 14 14 14 18 14 13 6 11 13 7 8 12 8 7 7 7 9 9 12 11 9 8 12 9 8 10 12 11 8 7 7 6 14 8 8 10 8 6 10 9 8 6 11 6 9 10 8 9 6 11 7 12 8 7 11 8 8 7 8 11 6 7 8 9 7 7 7 8 7 6 9 8 8 6 7 6 13 7 8 8 9 8 8 9 7 6 7 8 6 8 7 9 8 7 7 6 6 7 9 9 6 6 7 8 6 8 6 6 9 6 12 8 8 7 10 7 8 13 6 6 6 7 7 9 8 6 6 9 6 8 7 8 7 6 10 8 7 11 12 8 8 x 7 6 6 8 7 6 7 8 7 7 7 9 7 8 7 7 10 8 8 12 7 7 8 7 8 8 9 10 9 7 7 6 7 7 8 9 8 7 7 7 7 9 7
48 13 7 23 17 11 26 17 11 12 12 12 8 14 11 14 14 15 16 14 13 7 13 13 7 9 13 8 9 9 8 10 11 11 11 7 7 13 8 9 9 10 10 9 9 8 6 17 9 8 12 9 9 9 9 7 8 12 7 8 9 6 7 8 7 9 12 9 7 7 7 10 7 10 9 7 12 7 10 9 9 7 8 6 8 10 8 8 8 8 7 12 7 9 8 7 8 11 8 9 7 7 9 10 8 8 14 11 8 7 7 8 8 11 6 7 9 8 8 8 8 9 10 8 9 10 9 7 7 6 9 8 13 8 10 8 8 8 9 7 7 7 8 8 8 8 8 10 7 8 8 12 8 7 8 7 7 x 9 8 9 9 7 6 8 8 8 8 10 8 8 8 7 9 9 8 8 8 9 8 10 8 9 7 9 10 10 9 7 11 8 8 9 8 9 9 12 14 10 8
49 13 8 25 16 12 26 16 10 13 11 11 8 13 9 14 15 16 16 15 13 8 13 13 8 8 10 7 8 10 8 9 9 12 12 8 7 13 6 8 8 10 12 11 6 8 6 14 8 7 11 9 8 8 7 7 5 12 6 8 10 9 5 7 7 8 10 9 6 10 7 9 7 7 9 6 8 6 9 7 6 8 8 6 9 10 8 7 9 7 6 12 7 9 9 11 5 8 6 8 7 6 6 8 7 6 11 6 6 9 7 7 8 5 11 9 10 6 9 6 6 11 5 7 8 10 6 8 6 6 8 7 12 8 4 8 5 6 5 5 6 8 8 6 5 10 9 8 7 5 5 5 6 7 5 9 6 9 x 7 9 5 7 6 8 9 9 7 6 9 14 4 7 6 6 11 7 6 5 5 6 6 6 6 7 5 5 7 5 6 7 4 7 6 6 6 6 10 6 7
49 14 8 24 17 13 27 18 10 13 12 12 9 13 9 15 15 15 16 15 13 7 12 12 8 9 12 8 8 9 9 10 12 11 11 8 7 12 7 8 10 10 13 10 8 6 9 16 9 10 12 9 6 8 7 8 6 11 10 8 10 6 7 7 7 6 9 7 8 8 8 9 9 11 10 9 8 6 9 12 7 8 8 6 6 9 9 8 6 6 6 14 7 7 9 8 6 8 5 5 6 6 8 7 6 9 11 7 6 7 6 8 9 7 8 6 7 6 7 6 7 9 6 7 6 11 10 5 6 7 9 6 10 6 9 8 5 8 6 6 6 7 8 6 6 6 6 11 7 11 5 9 9 7 6 7 6 8 7 x 9 6 5 6 6 8 10 7 10 7 10 7 10 9 9 8 7 6 7 7 6 7 7 6 6 9 7 5 7 5 6 7 6 6 6 6 6 6 6 8
48 13 11 23 17 12 25 16 10 12 9 10 10 13 8 13 13 14 13 14 11 7 10 14 7 8 11 7 7 8 7 9 8 14 8 7 6 10 7 7 7 9 9 7 7 6 6 14 7 10 8 8 8 9 7 8 7 10 8 9 10 7 8 7 7 7 12 7 6 8 7 7 7 7 11 7 8 8 8 8 8 6 8 8 7 8 10 7 8 7 6 12 8 8 8 10 6 8 7 7 7 7 7 8 8 10 9 9 6 7 7 9 9 7 9 9 6 9 7 8 9 8 9 12 9 9 8 8 8 8 8 6 8 9 7 6 7 8 7 6 7 7 7 9 9 7 7 7 7 8 10 8 7 9 7 8 8 9 9 9 x 10 9 10 7 13 9 8 9 8 10 9 10 6 8 10 7 8 7 7 8 8 11 11 10 8 10 9 8 11 10 8 7 7 10 9 7 11 8 8
48 13 7 24 16 13 26 18 11 12 12 12 8 14 9 13 15 14 16 16 12 8 14 12 8 10 11 8 7 9 8 11 9 11 12 8 6 13 7 10 8 9 11 9 6 8 8 14 8 7 9 11 6 8 8 8 8 12 5 8 10 8 6 8 6 8 10 8 8 9 8 9 10 10 9 7 8 6 9 9 7 7 9 7 6 12 9 7 9 8 6 12 5 8 7 8 5 10 5 8 6 7 6 7 7 7 9 7 6 7 7 5 8 6 10 8 8 6 6 6 7 6 6 8 5 9 7 7 6 9 10 6 10 6 5 6 8 5 5 9 7 6 9 5 6 7 7 7 7 10 6 7 8 7 6 7 7 9 5 6 10 x 8 6 8 8 5 7 7 7 12 6 7 5 5 9 6 5 7 7 7 6 6 5 5 5 9 7 9 9 7 5 5 7 6 6 11 9 6 6
48 13 8 23 17 13 26 17 11 13 12 12 8 13 9 15 14 14 17 13 12 8 13 11 7 9 14 8 7 9 8 9 11 12 11 7 10 12 8 9 8 10 10 10 5 6 8 16 7 6 10 9 9 9 7 6 8 10 7 7 11 8 7 7 7 6 10 7 6 9 7 8 7 11 8 7 8 7 9 8 6 9 9 5 7 7 7 7 8 7 5 12 4 7 8 9 5 9 5 6 6 5 6 7 7 8 9 7 6 7 6 8 6 8 10 7 8 6 9 7 10 9 5 8 6 10 7 7 8 9 9 7 9 7 9 6 7 7 5 6 5 8 10 5 6 6 5 11 6 6 5 7 6 6 5 9 6 7 7 5 9 8 x 7 5 10 5 6 7 5 11 5 8 6 6 6 7 6 5 6 7 5 6 5 6 7 6 7 6 9 6 6 6 6 5 6 7 10 6 5
48 14 7 23 17 12 26 17 11 13 11 12 9 13 8 14 14 14 15 14 12 8 12 12 7 9 14 8 6 9 8 9 9 11 11 7 7 13 9 8 9 9 10 10 5 6 7 14 9 7 9 9 7 9 7 6 6 11 9 9 11 7 5 9 8 8 9 9 7 8 8 9 7 9 11 8 8 5 8 8 6 7 8 7 6 9 8 7 7 7 5 13 6 7 7 9 6 8 5 5 8 6 8 8 8 7 10 6 7 8 7 7 8 7 8 6 9 7 9 6 8 6 8 11 6 9 7 7 6 7 9 5 9 8 8 11 7 8 8 7 7 6 7 11 6 7 5 7 6 6 6 7 7 8 5 5 7 6 6 6 10 6 7 x 9 8 6 9 5 7 10 5 7 6 9 6 6 6 6 5 6 6 5 6 6 7 5 5 5 6 8 7 4 6 6 6 6 8 7 6
49 14 9 24 17 12 28 17 10 12 11 10 9 13 10 15 14 14 16 14 11 6 11 12 7 8 12 8 6 8 7 10 10 11 11 7 7 13 9 9 9 10 9 8 6 6 7 14 7 7 10 8 6 11 6 7 5 10 8 8 9 6 7 8 7 7 10 8 6 10 7 8 6 9 8 6 8 7 9 8 7 6 8 6 6 8 10 8 6 7 7 13 6 6 6 13 7 8 6 6 6 6 6 7 10 7 9 7 6 7 8 5 7 7 7 6 6 6 6 6 8 6 6 7 6 8 8 8 6 8 12 6 9 6 7 7 6 5 8 6 6 7 7 6 7 6 6 6 7 5 5 6 8 9 7 5 8 8 8 6 7 8 5 9 x 10 5 6 9 6 11 5 8 10 8 9 6 8 7 11 5 6 6 6 6 10 5 5 7 6 6 8 8 7 7 10 7 7 6 6
49 14 8 23 17 12 26 17 10 12 12 13 9 13 9 14 14 15 15 14 13 8 12 13 8 9 11 8 8 9 8 9 10 13 12 8 8 11 8 9 8 10 10 9 9 8 8 14 9 7 8 10 8 8 7 8 11 11 9 8 10 9 11 8 9 9 10 10 9 9 8 8 8 9 9 10 8 11 9 8 8 8 12 11 10 7 8 10 10 9 8 12 12 7 8 8 9 8 8 12 7 9 10 7 8 10 9 8 14 9 10 10 10 9 7 9 8 9 9 9 10 7 10 8 8 9 11 9 13 7 9 10 9 10 10 9 9 9 9 8 11 9 8 10 9 9 12 9 10 7 10 11 8 8 10 9 7 8 9 8 13 8 10 8 10 x 9 11 10 10 15 9 8 9 10 10 13 11 13 9 8 13 9 10 8 9 10 9 9 10 13 9 9 10 10 9 8 8 9 12
49 14 8 23 17 12 26 17 10 14 12 11 9 13 8 14 15 14 16 14 13 7 11 14 7 10 13 8 7 8 8 9 10 12 11 9 7 13 8 9 8 10 9 10 6 7 9 15 9 7 9 9 7 8 7 6 6 14 7 8 10 6 7 7 7 8 11 8 6 8 9 8 7 9 10 9 6 6 9 8 7 7 9 6 5 7 11 8 7 6 7 13 6 8 7 9 6 9 7 5 7 6 6 8 6 11 12 5 6 6 6 6 6 5 8 5 7 8 7 6 7 5 6 7 6 9 7 6 9 7 8 5 10 6 7 7 9 8 5 6 8 7 7 7 6 6 7 7 6 8 6 7 7 7 6 6 7 8 9 10 9 5 5 6 5 9 x 5 7 6 11 7 8 5 6 6 6 8 5 6 7 7 5 5 10 5 5 5 5 9 5 8 5 9 7 9 7 7 7 7
48 14 7 24 17 12 26 18 11 13 11 11 10 13 8 14 15 14 15 14 14 8 11 11 7 10 14 8 7 8 7 9 13 11 13 7 6 14 7 7 8 11 10 10 5 6 7 15 6 6 11 9 6 8 7 7 5 11 6 9 11 8 5 8 6 8 9 8 6 8 8 9 9 8 8 8 8 8 8 8 7 7 7 5 6 10 8 7 8 7 6 12 6 7 9 11 7 8 6 5 6 6 6 7 7 7 9 6 9 6 6 6 7 4 7 6 9 6 6 6 5 7 7 9 8 9 7 7 6 6 10 7 9 5 8 8 7 5 6 6 5 8 7 7 8 7 5 5 10 7 9 6 7 6 5 8 7 8 7 7 8 7 6 9 6 11 5 x 5 8 10 7 8 6 6 9 6 5 7 6 7 4 5 6 9 5 6 6 8 7 5 5 5 6 5 6 8 8 6 4
48 14 8 23 17 12 24 17 11 13 12 11 9 15 11 14 14 14 16 15 12 7 14 11 8 10 11 8 8 9 8 10 10 14 13 9 8 12 7 9 11 10 10 9 5 8 8 14 8 7 10 9 6 9 6 9 8 13 7 8 10 9 6 7 9 8 12 10 6 8 8 10 7 7 9 7 7 6 9 7 7 7 9 7 7 7 8 8 7 8 6 12 5 11 8 8 5 9 7 6 5 6 8 9 7 9 9 6 8 6 8 6 7 5 8 6 9 6 6 6 7 7 6 10 5 9 5 7 7 7 8 5 8 5 6 6 6 6 5 7 6 7 10 7 6 8 9 5 7 7 7 6 11 7 7 5 9 10 6 10 9 7 7 5 9 10 7 5 x 7 12 6 9 5 8 7 6 7 6 6 6 6 5 5 6 5 9 9 7 6 6 9 5 6 7 8 5 7 9 6
48 14 7 23 17 13 30 16 10 12 11 11 10 13 9 14 15 14 17 17 13 7 11 12 7 9 12 8 7 10 8 11 9 14 12 7 7 13 7 8 9 9 10 9 7 6 6 16 8 7 9 9 6 8 7 6 6 12 8 9 10 8 6 9 6 8 9 8 7 8 7 8 7 8 10 10 8 7 9 6 7 7 9 6 6 9 7 8 6 7 6 16 8 9 6 8 6 9 7 6 6 7 6 7 6 8 9 6 6 11 7 7 6 6 9 7 7 6 7 6 6 7 7 8 7 9 7 7 7 9 8 6 7 10 12 6 6 8 6 7 6 7 8 6 6 6 6 6 6 6 7 9 6 5 7 8 7 8 9 7 8 7 5 7 6 10 6 8 7 x 9 8 7 8 7 8 7 6 8 6 11 8 8 8 8 11 9 6 9 6 10 7 9 9 9 6 10 8 8 6
48 13 8 24 17 13 25 17 11 12 13 12 9 14 9 14 15 16 16 15 14 11 13 11 10 9 12 9 10 9 9 9 9 12 10 10 10 13 10 8 9 10 10 9 11 9 11 15 9 9 10 9 10 9 10 9 11 12 10 9 11 9 12 9 9 10 10 9 11 9 12 9 9 9 9 9 10 11 8 8 10 8 11 10 11 8 11 11 9 10 11 13 11 9 9 8 11 12 11 10 10 11 11 9 9 9 9 11 11 10 9 10 9 11 8 10 8 9 9 12 14 9 12 9 10 11 10 9 14 9 9 10 10 10 10 10 13 13 11 10 9 10 8 11 10 10 9 10 9 9 11 10 9 9 12 11 8 8 14 10 10 12 11 10 11 15 11 10 12 9 x 11 11 11 10 16 16 14 11 11 11 11 12 11 13 15 12 11 10 10 12 11 12 12 11 11 10 10 13 12
49 14 7 23 17 12 26 17 9 13 11 11 8 13 8 14 15 14 16 14 12 7 12 12 7 10 12 8 7 9 8 9 9 12 11 8 6 12 7 8 11 10 10 10 5 8 6 14 8 6 10 9 7 9 8 7 8 12 7 9 9 7 5 9 7 8 9 7 5 8 7 10 7 8 8 9 7 6 9 8 8 8 8 7 8 8 9 8 7 7 5 13 6 8 8 9 6 7 6 7 6 8 6 7 7 8 11 6 6 6 6 5 6 6 10 9 9 7 7 7 6 8 7 8 5 9 6 6 7 8 8 7 9 6 5 8 8 5 6 6 5 11 7 9 7 9 5 8 6 5 8 5 7 6 6 10 7 8 4 7 9 6 5 5 5 9 7 7 6 8 11 x 7 6 8 9 6 6 9 6 6 8 7 5 6 5 6 5 7 7 5 6 5 8 7 9 8 7 6 10
49 13 10 23 17 12 26 19 10 12 11 12 8 13 9 14 15 14 16 14 11 7 12 11 6 9 11 8 6 8 7 8 8 10 10 7 6 11 6 6 9 9 9 7 9 7 6 14 6 6 9 8 8 6 8 7 7 10 9 9 10 7 7 9 5 6 11 8 9 8 8 9 8 8 11 7 8 7 8 6 7 8 9 7 6 6 10 7 7 7 10 12 7 7 13 8 8 9 7 7 7 8 8 7 8 7 9 7 7 9 7 9 7 9 8 7 7 8 9 6 6 9 7 7 7 8 8 8 7 10 8 6 9 9 6 6 7 6 7 6 7 7 7 7 7 7 7 7 7 8 7 7 7 7 6 8 7 7 7 10 10 7 8 7 8 8 8 8 9 7 11 7 x 8 12 8 9 7 8 8 9 10 9 8 7 8 7 8 7 9 8 7 7 8 7 8 8 7 12 8
49 14 7 23 16 12 26 16 9 13 11 12 9 13 9 14 15 15 16 15 12 7 14 12 8 9 11 8 8 10 7 9 11 12 13 9 7 13 8 9 8 10 11 9 7 8 9 17 8 8 10 9 6 11 6 8 7 13 6 7 9 7 8 10 10 10 14 8 8 8 9 8 8 7 7 8 7 9 8 8 7 11 8 10 5 7 8 7 6 7 8 11 8 7 6 8 6 7 5 6 9 7 8 8 7 9 9 6 5 6 10 5 7 6 8 6 8 7 6 5 9 8 7 8 8 10 6 7 8 7 7 6 9 6 8 7 6 6 7 6 6 7 8 8 6 6 8 8 6 8 10 7 8 9 6 6 10 9 6 9 6 5 6 6 10 9 5 6 5 8 11 6 8 x 6 9 6 5 6 6 9 7 6 8 8 7 6 5 6 10 10 7 8 9 8 5 6 9 5 6
49 14 10 25 17 12 30 17 10 12 12 11 10 12 9 13 14 14 16 14 12 7 12 11 8 8 11 9 8 9 7 11 10 11 11 10 7 12 8 8 7 12 9 8 6 6 6 14 7 8 12 10 9 8 7 6 7 12 6 8 12 7 8 7 8 8 10 9 8 8 7 9 7 8 8 7 9 7 10 8 6 7 9 10 7 7 10 9 8 7 5 12 6 7 9 9 6 6 8 8 7 9 5 7 6 9 10 8 6 7 8 7 7 6 8 7 9 6 8 6 6 10 6 7 7 9 7 7 8 7 8 6 10 6 9 8 7 6 6 10 6 8 9 7 6 7 5 6 6 6 6 5 7 5 6 7 8 9 6 9 8 5 6 9 8 10 6 6 8 7 10 8 12 6 x 7 7 6 6 5 6 7 6 6 8 6 6 5 7 7 5 6 7 6 6 6 12 6 6 7
48 14 8 24 17 13 27 17 11 13 13 12 8 12 10 13 14 14 15 15 13 9 13 12 10 8 12 8 7 12 8 9 10 12 14 8 8 14 7 8 9 10 9 8 9 8 9 15 7 7 10 10 8 8 7 8 6 11 7 8 9 8 6 8 8 9 9 11 7 8 11 9 8 8 8 9 9 8 8 8 7 8 8 9 6 9 9 6 8 9 8 12 6 7 8 9 8 8 9 8 7 8 7 9 7 7 10 9 8 9 7 8 9 7 10 9 8 9 7 8 6 8 8 8 6 9 9 7 7 8 8 6 9 7 7 9 9 7 8 7 7 8 8 8 6 11 7 8 7 9 8 6 8 7 8 6 8 8 11 8 10 9 6 6 9 10 6 9 7 8 16 9 8 9 7 x 6 5 7 7 11 6 6 6 10 8 8 8 6 6 7 7 7 7 6 6 9 7 8 7
48 13 8 23 16 12 26 17 11 12 11 11 10 13 8 14 14 15 16 14 12 8 13 11 7 11 12 8 7 8 7 10 12 11 10 8 7 12 9 8 9 10 10 9 6 8 6 14 8 7 10 11 7 8 7 10 7 12 6 8 11 8 6 7 7 7 8 8 6 9 7 8 8 8 8 9 7 6 10 8 7 8 7 6 6 8 8 6 8 7 9 15 5 7 8 10 6 8 6 8 7 6 6 8 8 9 9 9 6 7 9 6 8 6 8 6 8 8 8 6 10 7 6 7 7 10 7 7 7 8 8 8 9 7 8 10 6 6 6 8 9 6 9 6 6 6 7 7 9 9 10 6 8 8 5 7 12 8 7 7 7 6 7 6 6 13 6 6 6 7 16 6 9 6 7 6 x 6 6 6 9 7 9 8 8 8 5 8 6 9 8 10 7 8 8 7 6 12 7 7
48 14 7 24 17 12 28 16 11 13 11 12 8 13 11 14 15 16 15 14 11 7 11 13 7 9 11 8 7 8 9 11 9 12 10 8 6 13 8 9 10 10 10 9 6 7 8 17 10 7 10 9 7 8 7 6 7 12 7 8 10 7 6 8 7 7 11 7 6 9 8 11 8 8 8 6 7 5 8 9 6 11 9 8 7 9 10 7 8 7 6 16 5 7 8 10 5 7 7 7 8 6 6 7 7 7 9 6 5 6 6 5 6 6 8 5 8 6 7 6 6 7 7 9 6 11 7 6 7 7 9 6 13 8 7 7 5 5 5 6 10 6 6 8 8 6 6 6 7 8 7 7 8 6 6 8 7 8 6 6 8 5 6 6 8 11 8 5 7 6 14 6 7 5 6 5 6 x 5 7 8 7 6 5 5 6 5 6 5 5 6 7 7 5 7 5 7 7 8 5
48 14 8 24 17 12 25 17 10 13 11 11 9 14 9 14 14 14 16 15 12 9 12 12 8 9 12 8 8 8 8 9 11 12 11 8 7 15 7 9 8 9 10 10 7 6 6 16 7 7 9 9 6 9 7 6 7 12 7 8 9 8 5 7 7 6 10 8 7 8 8 8 7 9 10 6 10 7 10 8 7 7 10 6 10 9 12 9 6 7 9 15 5 8 8 8 6 8 6 7 7 6 6 7 8 6 11 7 6 7 6 7 7 7 10 8 6 7 7 6 5 7 5 10 6 10 6 6 5 9 13 6 8 8 6 8 6 5 5 6 5 8 9 6 7 7 8 7 6 8 7 6 9 7 5 6 7 9 5 7 7 7 5 6 7 13 5 7 6 8 11 9 8 6 6 7 6 5 x 7 5 6 7 7 7 7 6 9 5 5 10 8 5 6 9 5 8 8 8 7
49 14 8 23 17 12 26 17 9 13 11 11 9 15 9 14 15 15 16 14 13 9 12 13 8 10 11 9 9 9 9 11 9 12 10 10 8 12 9 10 9 9 11 11 6 7 8 15 8 10 9 10 7 8 8 7 6 15 8 9 14 5 7 8 7 8 10 7 6 8 7 7 8 9 8 8 7 7 9 9 7 7 9 7 8 8 8 10 7 9 7 12 7 8 7 9 5 6 5 7 8 7 7 7 7 5 8 8 10 9 7 7 7 7 7 8 7 6 12 7 8 8 6 9 8 8 7 7 6 6 9 9 9 6 7 6 7 7 8 7 8 7 9 7 6 6 8 8 7 7 6 6 6 10 5 8 8 8 5 7 7 7 6 5 11 9 6 6 6 6 11 6 8 6 5 7 6 7 7 x 8 6 6 8 6 9 9 8 6 6 7 7 7 9 8 6 9 7 6 5
48 14 7 24 17 13 26 18 10 12 12 12 9 13 9 15 15 15 16 14 13 7 13 13 8 10 12 8 8 9 8 10 12 14 11 7 9 13 6 9 10 10 11 9 7 8 9 15 9 8 10 9 7 12 6 6 7 11 10 8 9 7 7 8 8 7 9 7 5 9 6 9 8 9 10 6 8 6 8 7 6 7 7 6 6 9 8 11 9 7 6 12 7 6 6 8 6 9 6 6 6 6 5 7 7 6 13 11 6 6 6 6 6 8 9 10 7 6 8 6 6 8 5 7 10 8 9 8 6 8 10 6 9 6 7 8 8 8 7 7 7 6 9 6 7 6 6 5 5 6 6 7 6 7 7 9 7 10 6 6 8 7 7 6 5 8 7 7 6 11 11 6 9 9 6 11 9 8 5 8 x 8 6 5 7 6 5 7 10 5 5 7 5 9 6 5 7 9 8 6
48 14 7 24 17 13 26 17 10 13 12 12 9 13 10 14 15 15 16 15 13 7 13 13 7 9 11 8 8 9 7 9 9 13 13 9 8 12 8 8 9 10 10 9 5 7 9 15 8 6 10 9 6 8 7 6 6 10 6 8 11 8 5 7 7 9 11 8 6 8 7 10 6 8 9 8 9 6 7 8 6 10 10 6 9 8 9 10 8 7 6 14 7 7 7 8 8 8 5 6 7 6 7 8 7 8 9 8 7 6 6 7 6 5 10 6 7 6 7 6 5 7 6 7 6 9 6 9 5 10 9 7 9 6 6 7 6 6 8 5 5 9 10 6 6 6 5 7 6 7 8 6 7 7 7 9 8 8 6 7 8 6 5 6 6 13 7 4 6 8 11 8 10 7 7 6 7 7 6 6 8 x 5 5 6 6 5 5 6 6 6 7 4 6 4 6 6 7 5 7
48 13 7 24 17 12 25 16 10 12 11 11 9 13 10 14 14 14 16 14 13 7 11 12 8 9 12 8 7 11 9 9 9 10 9 6 7 12 7 8 9 11 11 9 8 7 10 14 7 6 9 11 7 7 10 6 7 11 6 7 11 7 7 9 8 7 8 7 7 10 7 7 7 8 8 9 8 7 8 7 11 6 9 6 5 7 9 10 6 6 7 13 5 7 11 8 6 7 8 5 5 5 5 7 6 6 10 5 6 6 7 6 6 6 9 7 8 5 7 6 7 6 7 11 6 9 6 6 6 7 9 6 8 9 8 8 6 6 5 10 6 7 8 7 6 7 5 8 6 8 5 5 7 9 6 6 8 9 6 7 11 6 6 5 6 9 5 5 5 8 12 7 9 6 6 6 9 6 7 6 6 5 x 7 5 5 5 7 7 6 5 6 8 8 5 5 6 7 6 5
48 13 8 25 17 12 26 18 10 12 12 11 10 14 9 14 16 16 16 15 12 7 12 11 7 9 11 8 8 8 8 9 10 12 11 8 8 14 8 9 9 10 10 9 5 7 6 16 10 8 11 10 6 9 7 7 7 12 8 10 10 7 6 9 10 8 12 7 6 9 7 8 7 9 9 6 8 6 10 7 6 7 9 8 9 10 9 11 7 7 5 12 7 8 8 12 6 8 6 5 5 5 8 8 6 6 11 6 6 8 8 6 7 5 8 7 9 5 7 10 9 5 6 8 9 10 8 8 5 7 9 5 11 5 6 6 6 7 5 8 6 7 7 6 6 6 5 10 7 6 5 5 8 5 6 6 9 7 6 6 11 5 5 6 6 10 5 6 5 8 11 5 8 8 6 6 8 5 7 8 5 5 7 x 5 5 5 7 5 6 6 5 9 7 5 6 7 8 5 5
49 13 7 24 17 12 26 18 10 13 11 11 8 14 8 14 16 14 15 15 13 8 12 12 7 10 11 8 7 9 7 10 10 11 13 7 7 13 8 8 10 10 9 9 6 7 9 15 9 8 10 10 8 8 8 7 9 13 7 10 11 7 6 8 8 7 9 8 6 8 8 7 8 11 9 8 8 7 8 7 7 9 13 9 7 9 10 9 9 5 7 15 6 7 9 9 8 9 5 7 7 6 8 7 9 9 10 5 6 7 9 6 6 8 10 6 6 5 7 8 6 6 10 8 6 9 6 6 6 11 8 10 11 6 7 6 10 7 6 6 7 9 8 6 6 7 7 6 6 5 6 5 7 6 6 6 10 9 7 6 10 5 6 6 6 8 10 9 6 8 13 6 7 8 8 10 8 5 7 6 7 6 5 5 x 6 5 6 6 5 7 8 6 9 6 9 8 10 8 5
48 13 8 24 17 13 25 17 11 12 11 11 9 13 9 14 15 14 15 14 12 7 12 11 7 9 11 7 7 8 8 9 9 12 12 7 6 13 8 8 9 10 9 9 7 6 7 15 8 7 10 10 9 8 7 7 6 12 7 9 10 7 5 7 8 7 11 8 7 9 9 9 7 7 9 7 7 5 8 8 6 10 8 7 7 7 11 8 11 6 7 14 6 8 9 8 5 8 8 6 6 8 6 7 7 7 10 7 6 6 6 7 6 7 8 5 9 7 6 7 6 7 5 8 6 11 6 6 6 10 9 6 8 7 7 7 6 7 7 9 7 8 7 8 5 6 6 7 7 9 5 7 9 7 5 9 9 10 5 9 8 5 7 7 10 9 5 5 5 11 15 5 8 7 6 8 8 6 7 9 6 6 5 5 6 x 7 6 5 6 5 6 4 11 8 6 6 7 6 5
49 14 8 23 17 13 26 18 10 12 11 12 9 13 9 15 15 15 17 14 12 8 12 11 8 10 11 8 8 8 8 10 10 14 12 8 6 12 7 8 8 11 10 9 6 6 9 14 8 10 10 10 7 8 7 7 6 13 9 7 9 7 6 10 7 7 10 9 8 7 8 10 7 8 10 7 9 6 9 9 6 8 9 6 6 7 8 8 9 7 7 12 6 8 8 8 6 8 5 5 8 6 6 7 8 8 12 7 7 7 8 6 9 7 9 8 8 7 6 10 8 8 6 9 6 9 8 8 5 6 8 8 8 7 7 7 6 6 5 10 10 6 7 10 9 5 4 7 8 6 6 8 6 9 5 4 7 10 5 7 10 9 6 5 5 10 5 6 9 9 12 6 7 6 6 8 5 5 6 9 5 5 5 5 5 7 x 8 7 7 7 7 5 8 7 6 6 7 5 5
49 14 7 24 17 12 26 17 10 12 11 11 9 12 9 14 15 14 16 15 12 7 12 11 7 9 12 9 7 8 7 10 10 12 11 8 8 14 10 8 10 10 10 9 6 6 7 16 8 7 10 10 7 10 6 7 7 12 7 11 9 10 5 8 7 7 10 9 8 7 8 9 7 8 8 8 9 5 9 8 6 7 9 6 8 8 9 9 8 7 7 12 7 8 9 9 7 10 6 6 8 7 6 8 7 8 8 6 7 7 8 8 7 6 10 6 9 7 6 5 7 8 5 8 5 10 8 8 6 7 11 5 11 9 7 7 6 5 7 8 5 7 9 7 5 10 8 7 6 8 5 9 11 8 6 6 7 9 7 5 9 7 7 5 5 9 5 6 9 6 11 5 8 5 5 8 8 6 9 8 7 5 7 7 6 6 8 x 6 6 7 5 5 5 7 5 8 5 6 6
48 13 8 23 17 13 25 18 10 12 11 12 9 13 8 16 14 15 16 14 13 7 11 11 7 11 13 7 7 9 8 10 10 14 11 7 6 12 8 9 10 11 10 8 7 6 8 15 9 7 9 9 9 11 7 9 9 12 10 8 10 7 6 8 9 7 10 10 8 8 7 7 7 8 9 9 7 5 12 7 6 7 8 6 6 11 8 8 6 8 6 13 5 8 9 9 6 9 6 5 5 6 8 7 6 9 9 7 6 5 10 5 7 5 9 6 6 5 7 7 9 6 5 7 5 11 8 7 6 7 9 5 13 6 6 6 6 8 6 10 9 8 8 6 6 5 10 6 6 6 5 6 8 7 6 5 6 7 5 7 8 9 6 5 7 9 5 8 7 9 10 7 7 6 7 6 6 5 5 6 10 6 7 5 6 5 7 6 x 6 5 9 6 7 5 5 6 8 6 6
49 14 8 23 16 13 26 16 11 13 13 12 9 13 9 14 15 15 18 15 13 7 12 13 7 9 13 7 7 8 8 10 11 12 11 9 8 15 9 9 10 9 12 10 6 7 6 16 8 7 10 8 8 8 6 6 8 10 6 9 11 8 8 9 8 9 12 10 7 9 8 10 9 8 9 6 8 5 9 7 7 7 10 7 8 10 8 8 8 7 7 15 5 10 6 8 5 9 7 6 10 6 5 11 7 6 11 6 6 6 11 6 7 5 8 7 7 9 7 6 8 6 6 7 6 10 6 6 6 7 12 5 9 6 6 9 7 4 7 6 8 11 7 6 6 9 7 9 8 6 5 7 8 10 5 5 7 11 6 5 11 9 9 6 6 10 9 7 6 6 10 7 9 10 7 6 9 5 5 6 5 6 6 6 5 6 7 6 6 x 7 8 6 7 5 5 6 7 5 5
49 14 7 23 17 12 26 18 10 13 12 12 9 13 9 14 16 14 16 14 13 7 12 11 7 10 12 10 7 9 8 9 9 14 11 8 8 13 8 10 11 9 10 9 5 6 7 14 8 8 10 9 8 8 7 7 6 11 8 7 11 9 5 8 9 6 10 9 6 11 9 9 7 8 10 7 7 6 8 7 8 8 9 6 7 8 10 7 7 7 5 12 5 8 6 8 5 8 7 6 7 6 6 7 6 9 10 9 6 6 8 5 9 6 8 10 7 6 6 8 6 7 6 9 6 11 6 9 7 7 8 7 13 7 5 7 5 5 7 5 6 8 9 7 5 7 9 6 8 6 5 5 8 8 8 5 7 8 7 6 10 7 6 8 6 13 5 5 6 10 12 5 8 10 5 7 8 6 10 7 5 6 5 6 7 5 7 7 5 7 x 7 5 7 6 5 8 6 5 5
49 14 8 23 17 13 25 17 11 12 13 11 9 13 9 14 15 15 18 14 13 7 12 12 10 9 12 8 8 9 8 10 10 13 12 8 8 13 7 8 8 10 11 9 7 7 7 14 8 7 11 10 7 8 7 7 7 12 7 8 11 8 8 7 9 11 10 10 5 10 6 9 7 9 11 7 7 8 9 7 7 7 10 9 6 8 8 7 7 9 7 14 8 8 11 8 7 8 8 8 8 7 7 7 9 7 8 8 7 7 8 8 6 6 8 7 13 9 7 5 8 9 8 7 8 10 8 8 5 9 8 8 9 6 7 9 6 9 8 7 7 7 8 8 9 10 8 9 6 9 8 7 8 5 8 6 8 8 4 7 8 5 6 7 8 9 8 5 9 7 11 6 7 7 6 7 10 7 8 7 7 7 6 5 8 6 7 5 9 8 7 x 8 6 5 6 8 10 7 7
49 14 7 24 17 12 25 17 10 12 11 12 9 12 9 15 15 15 16 15 13 7 12 13 7 11 12 8 8 10 8 11 9 12 10 7 8 12 7 9 8 10 9 9 6 7 10 17 10 7 9 11 8 8 7 7 7 14 7 8 11 7 5 8 8 9 12 7 5 8 7 9 7 7 10 7 8 7 8 8 8 9 8 6 6 8 11 8 9 7 5 15 6 8 8 9 6 9 5 7 6 7 6 10 9 7 9 7 6 8 7 6 5 7 8 7 8 5 9 8 6 6 9 10 6 9 7 6 6 6 9 4 9 6 7 8 6 4 7 6 5 6 7 8 8 6 6 7 9 8 8 6 7 5 6 9 9 9 7 6 7 5 6 4 8 9 5 5 5 9 12 5 7 8 7 7 7 7 5 7 5 4 8 9 6 4 5 5 6 6 5 8 x 7 5 5 7 8 7 6
48 14 7 24 17 12 25 17 11 13 13 12 9 14 11 15 15 15 15 14 13 7 12 13 8 10 11 8 7 11 8 10 10 12 14 11 7 12 10 10 7 12 13 9 7 6 8 14 10 7 10 9 7 9 7 7 7 11 7 7 9 7 7 8 9 7 12 8 5 8 7 13 7 8 7 8 9 7 9 7 6 8 9 6 7 9 9 7 11 6 7 12 7 9 8 10 6 7 6 5 9 7 8 7 8 7 8 7 5 8 7 6 8 9 7 7 8 6 7 7 9 5 8 7 7 10 8 8 6 9 8 6 9 10 6 7 7 6 8 8 9 6 7 6 10 11 7 8 6 7 6 8 7 7 7 6 8 8 6 6 7 7 6 6 7 10 9 6 6 9 12 8 8 9 6 7 8 5 6 9 9 6 8 7 9 11 8 5 7 7 7 6 7 x 5 5 8 7 6 10
48 13 7 24 17 12 28 17 9 13 12 13 9 14 10 14 15 15 15 15 13 7 12 12 7 9 12 9 7 9 8 10 10 13 11 8 9 14 8 9 10 13 11 9 6 9 6 15 8 8 11 9 7 8 10 8 8 13 7 8 11 7 5 10 7 8 10 8 7 8 8 8 8 10 8 11 8 5 10 9 7 8 9 9 9 8 9 8 9 7 6 13 5 7 9 10 5 8 7 7 8 6 8 7 10 7 9 7 6 8 7 5 6 6 8 7 10 9 7 9 7 7 6 9 6 9 10 6 6 7 8 5 9 6 7 7 7 6 5 7 6 8 7 6 6 6 6 6 7 6 6 9 7 6 9 10 7 9 6 6 10 6 5 6 7 10 7 5 7 9 11 7 7 8 6 6 8 7 9 8 6 4 5 5 6 8 7 7 5 5 6 5 5 5 x 5 6 5 7 6
49 13 7 23 17 11 26 17 10 12 11 12 9 13 10 14 14 14 16 14 14 7 11 14 7 9 11 7 7 8 8 9 10 10 11 9 8 13 7 11 8 10 13 9 5 6 6 14 8 8 9 8 7 7 7 6 7 10 8 8 10 9 4 7 8 7 10 10 7 8 7 9 6 8 8 10 7 6 8 7 6 7 8 6 6 8 11 10 7 8 6 15 5 7 8 8 8 8 6 8 6 5 6 7 7 7 11 9 7 7 9 6 5 5 8 5 8 6 6 7 6 7 6 8 5 9 6 6 5 8 10 5 9 6 7 8 7 5 5 5 5 7 8 7 6 6 6 6 6 5 5 7 7 8 6 6 7 9 6 6 9 6 6 6 10 9 9 6 8 6 11 9 8 5 6 6 7 5 5 6 5 6 5 6 9 6 6 5 5 5 5 6 5 5 5 x 7 7 6 5
49 14 8 23 17 12 25 16 10 13 12 11 9 13 9 15 15 15 16 16 13 8 11 12 7 10 13 10 8 9 8 10 9 13 12 8 8 14 8 9 12 14 9 8 7 7 7 14 7 7 9 9 10 9 6 7 6 12 7 7 11 7 6 10 7 7 10 8 5 10 7 10 7 9 8 7 9 6 8 7 6 7 9 6 9 9 11 7 9 6 8 13 8 7 8 7 6 8 7 8 6 5 7 6 9 8 8 6 6 9 6 6 6 9 11 7 8 7 6 8 8 8 6 11 9 11 6 6 7 7 11 6 10 6 8 6 6 6 7 6 6 6 7 6 6 6 10 7 8 7 7 7 9 8 6 5 7 12 6 6 7 11 7 6 7 8 7 8 5 10 10 8 8 6 12 9 6 7 8 9 7 6 6 7 8 6 6 8 6 6 8 8 7 8 6 7 x 7 8 7
48 14 12 24 18 15 27 18 11 12 10 11 8 13 7 14 14 14 14 13 12 9 11 11 8 8 11 8 6 7 7 9 11 11 10 7 9 13 7 10 8 10 9 7 7 9 8 14 7 7 10 8 7 10 8 8 10 11 8 10 9 8 8 6 8 8 9 9 8 7 8 9 7 8 8 8 8 8 11 8 9 9 8 8 8 8 14 8 6 6 8 11 7 10 7 12 9 8 10 6 8 8 10 8 6 9 10 6 9 8 8 8 7 7 10 8 8 6 7 6 8 7 6 6 6 8 8 7 8 8 10 7 9 7 8 7 7 6 6 8 8 7 7 7 6 6 9 7 8 6 7 7 10 8 7 7 7 14 10 6 11 9 10 8 7 8 7 8 7 8 10 7 7 9 6 7 12 7 8 7 9 7 7 8 10 7 7 5 8 7 6 10 8 7 5 7 7 x 6 7
49 14 7 24 17 12 26 18 10 13 12 12 9 13 10 14 16 16 17 14 12 7 12 12 9 9 13 10 7 9 9 9 10 12 11 8 7 13 9 9 11 10 11 9 7 6 8 15 8 7 10 9 8 9 6 8 6 11 7 9 11 8 6 8 9 7 10 9 6 8 7 10 7 8 10 11 8 6 8 11 7 8 9 6 6 9 9 8 9 9 6 13 6 7 9 8 6 8 7 5 6 6 5 7 8 6 8 8 8 6 6 6 11 5 9 5 11 6 9 6 9 9 5 8 8 9 6 9 5 8 9 7 9 6 7 7 6 8 7 8 9 8 10 8 5 6 6 6 7 6 5 7 6 9 8 5 9 10 6 6 8 6 6 7 6 9 7 6 9 8 13 6 12 5 6 8 7 8 8 6 8 5 6 5 8 6 5 6 6 5 5 7 7 6 7 6 8 6 x 5
49 14 8 24 16 13 27 16 9 14 11 12 9 13 10 14 14 15 15 15 13 7 12 14 7 10 12 9 8 9 8 10 10 14 11 9 7 13 7 10 10 10 11 10 8 7 7 14 8 7 11 9 8 9 7 7 6 11 7 8 12 8 6 9 7 8 10 8 6 8 7 10 9 8 11 7 8 8 8 8 7 9 9 6 8 8 8 10 7 7 6 12 8 7 9 9 6 8 8 6 6 9 7 7 11 7 10 7 5 8 9 7 8 5 9 9 8 7 8 8 6 6 9 9 6 8 7 5 8 7 7 8 8 6 6 8 6 6 5 6 6 9 9 7 4 9 8 7 11 6 8 5 6 8 5 6 7 8 7 8 8 6 5 6 6 12 7 4 6 6 12 10 8 6 7 7 7 5 7 5 6 7 5 5 5 5 5 6 6 5 5 7 6 10 6 5 7 7 5 x