50
25
Donner Cyclotron Helena Brain North Albany McCone Juneau Wurster Optometry Hertz Haas Wyoming McLaughlin Santa Campanile Phoenix Illinois Architects Annapolis Heating Haste Providence Tang Little Maryland Stadium CNMAT Durham Life Topeka Doe Foothill Minnesota Jackson Ishi Eye Gilman Tallahassee Old Mississippi Kansas Gayley Alabama Nevada Recreational Idaho Cory Iowa Martinez
Old North Topeka Foothill Haas Cyclotron Helena Providence Optometry Life Santa Minnesota Iowa Juneau Ishi Illinois Phoenix Gilman Gayley Recreational McCone Wurster Donner Haste Tallahassee
Donner
x 11 11 13 12 12 12 12 12 12 12 11 12 12 12 12 13 13 11 13 11 12 11 11 13 12 12 12 12 13 12 13 12 13 12 13 12 12 11 12 11 12 12 11 12 12 12 12 12 12
11 x 5 5 5 11 9 5 5 9 5 5 10 12 12 12 5 6 6 8 6 6 6 10 5 7 6 7 7 6 6 5 7 5 5 6 8 8 5 7 6 5 5 7 6 5 6 7 5 5
11 5 x 8 7 9 8 8 8 8 8 8 9 8 10 9 8 7 8 8 7 9 8 8 8 8 8 7 7 8 8 8 8 7 8 8 7 8 8 7 8 8 7 8 8 8 8 8 8 8
13 5 8 x 7 10 7 8 5 7 7 6 9 11 14 10 7 6 6 8 6 9 7 10 6 6 6 6 9 6 6 6 7 7 7 7 8 7 7 7 7 6 7 7 8 7 7 8 7 7
12 5 7 7 x 10 7 6 7 8 7 7 8 10 11 10 7 6 8 7 6 10 7 10 6 6 7 6 8 6 6 7 6 7 7 7 7 7 7 7 6 7 6 7 7 6 7 10 6 7
12 11 9 10 10 x 13 14 14 13 14 13 17 13 14 14 15 14 14 14 14 13 14 13 13 13 13 13 14 14 14 14 14 14 14 14 14 15 14 13 13 15 15 15 14 13 14 14 14 14
12 9 8 7 7 13 x 11 11 9 11 10 11 11 11 12 12 11 12 11 11 11 11 11 10 12 12 10 11 11 11 11 12 14 12 12 12 13 12 11 12 12 13 11 12 13 13 12 12 12
12 5 8 8 6 14 11 x 9 8 9 8 11 8 10 9 9 7 9 9 8 9 9 9 8 9 8 9 9 9 10 9 8 9 10 9 8 8 8 8 8 10 8 8 8 8 9 8 8 8
12 5 8 5 7 14 11 9 x 8 6 7 10 10 12 12 7 7 6 9 6 5 6 9 5 6 6 6 5 6 7 6 6 6 6 7 7 7 6 5 6 6 8 9 7 7 8 9 6 6
12 9 8 7 8 13 9 8 8 x 12 10 11 12 13 12 12 12 11 12 12 12 12 11 12 12 12 11 12 11 11 11 12 12 11 11 14 11 12 12 12 12 11 12 14 12 13 11 11 12
12 5 8 7 7 14 11 9 6 12 x 5 10 11 13 12 5 6 6 8 7 9 6 11 5 7 6 8 6 9 6 7 7 7 7 7 5 4 6 5 8 7 6 6 7 6 6 9 6 5
11 5 8 6 7 13 10 8 7 10 5 x 8 10 12 10 5 10 8 9 7 8 6 9 7 6 7 8 6 9 7 6 7 7 6 7 6 7 6 7 6 7 8 7 7 7 7 9 6 8
12 10 9 9 8 17 11 11 10 11 10 8 x 10 11 14 13 14 11 12 11 11 14 11 12 13 11 12 11 13 14 12 13 12 14 14 13 13 13 14 12 12 12 15 12 12 13 13 11 12
12 12 8 11 10 13 11 8 10 12 11 10 10 x 12 13 13 13 15 14 13 13 13 16 14 13 13 12 14 13 13 13 13 15 13 12 12 13 13 13 13 16 14 13 13 13 13 14 13 14
12 12 10 14 11 14 11 10 12 13 13 12 11 12 x 14 15 15 15 15 14 17 14 15 14 14 14 14 14 15 16 17 16 15 16 15 15 15 17 14 15 15 17 16 15 14 15 14 16 15
12 12 9 10 10 14 12 9 12 12 12 10 14 13 14 x 14 15 13 12 12 15 14 14 14 14 12 14 14 16 12 12 16 14 14 14 16 16 16 13 12 14 12 16 16 14 12 16 13 14
13 5 8 7 7 15 12 9 7 12 5 5 13 13 15 14 x 6 8 9 7 7 7 11 5 8 6 7 8 5 6 7 8 6 7 7 6 6 7 6 7 6 6 5 5 4 8 10 6 5
13 6 7 6 6 14 11 7 7 12 6 10 14 13 15 15 6 x 8 9 8 7 6 10 5 7 6 6 6 7 5 5 5 6 5 4 7 5 5 7 7 6 7 6 8 5 6 5 5 6
11 6 8 6 8 14 12 9 6 11 6 8 11 15 15 13 8 8 x 9 8 9 9 7 7 10 8 9 9 7 6 9 8 8 7 10 7 7 7 9 8 7 9 8 11 7 9 7 10 7
13 8 8 8 7 14 11 9 9 12 8 9 12 14 15 12 9 9 9 x 8 12 13 9 10 12 8 11 9 10 7 10 11 9 9 9 8 9 10 9 11 11 10 12 14 9 8 10 10 9
11 6 7 6 6 14 11 8 6 12 7 7 11 13 14 12 7 8 8 8 x 7 10 12 8 9 7 8 9 8 7 8 8 9 11 8 12 9 10 9 9 9 10 9 9 11 11 8 11 11
12 6 9 9 10 13 11 9 5 12 9 8 11 13 17 15 7 7 9 12 7 x 9 11 9 7 9 8 9 7 8 11 7 10 11 7 9 8 8 8 7 7 10 10 7 7 9 6 9 8
11 6 8 7 7 14 11 9 6 12 6 6 14 13 14 14 7 6 9 13 10 9 x 15 8 9 7 11 6 10 9 8 10 7 8 7 9 8 8 8 7 8 8 9 7 9 7 8 9 7
11 10 8 10 10 13 11 9 9 11 11 9 11 16 15 14 11 10 7 9 12 11 15 x 11 10 11 15 10 9 11 9 13 11 11 11 13 12 10 12 12 13 10 11 11 12 16 14 12 10
13 5 8 6 6 13 10 8 5 12 5 7 12 14 14 14 5 5 7 10 8 9 8 11 x 9 5 7 6 6 6 5 5 4 5 4 9 8 4 4 6 6 6 5 5 5 7 5 6 5
12 7 8 6 6 13 12 9 6 12 7 6 13 13 14 14 8 7 10 12 9 7 9 10 9 x 9 8 8 12 9 10 10 12 9 8 8 10 10 9 12 9 9 8 8 10 8 7 11 9
12 6 8 6 7 13 12 8 6 12 6 7 11 13 14 12 6 6 8 8 7 9 7 11 5 9 x 7 6 7 8 5 5 5 4 5 8 7 4 4 8 4 5 6 6 4 8 5 5 5
12 7 7 6 6 13 10 9 6 11 8 8 12 12 14 14 7 6 9 11 8 8 11 15 7 8 7 x 10 11 8 8 7 8 9 9 7 9 8 9 8 10 9 8 8 11 9 7 10 9
12 7 7 9 8 14 11 9 5 12 6 6 11 14 14 14 8 6 9 9 9 9 6 10 6 8 6 10 x 6 6 4 6 5 7 6 8 6 9 5 4 5 6 6 6 6 8 8 4 5
13 6 8 6 6 14 11 9 6 11 9 9 13 13 15 16 5 7 7 10 8 7 10 9 6 12 7 11 6 x 6 5 7 6 8 8 6 5 5 8 7 9 6 6 6 5 12 6 6 5
12 6 8 6 6 14 11 10 7 11 6 7 14 13 16 12 6 5 6 7 7 8 9 11 6 9 8 8 6 6 x 5 8 8 7 6 5 7 6 6 5 8 9 7 7 10 8 7 6 6
13 5 8 6 7 14 11 9 6 11 7 6 12 13 17 12 7 5 9 10 8 11 8 9 5 10 5 8 4 5 5 x 6 6 6 9 7 6 6 5 5 7 6 4 6 6 10 6 5 5
12 7 8 7 6 14 12 8 6 12 7 7 13 13 16 16 8 5 8 11 8 7 10 13 5 10 5 7 6 7 8 6 x 5 5 4 6 4 5 4 6 6 4 5 6 5 6 6 4 6
13 5 7 7 7 14 14 9 6 12 7 7 12 15 15 14 6 6 8 9 9 10 7 11 4 12 5 8 5 6 8 6 5 x 5 4 6 5 6 4 6 4 7 4 6 5 7 5 6 6
12 5 8 7 7 14 12 10 6 11 7 6 14 13 16 14 7 5 7 9 11 11 8 11 5 9 4 9 7 8 7 6 5 5 x 8 6 6 8 4 5 5 6 5 8 5 10 8 4 5
13 6 8 7 7 14 12 9 7 11 7 7 14 12 15 14 7 4 10 9 8 7 7 11 4 8 5 9 6 8 6 9 4 4 8 x 6 5 4 5 7 8 6 5 7 8 6 4 5 4
12 8 7 8 7 14 12 8 7 14 5 6 13 12 15 16 6 7 7 8 12 9 9 13 9 8 8 7 8 6 5 7 6 6 6 6 x 5 8 5 8 5 8 5 8 9 7 6 8 5
12 8 8 7 7 15 13 8 7 11 4 7 13 13 15 16 6 5 7 9 9 8 8 12 8 10 7 9 6 5 7 6 4 5 6 5 5 x 4 4 8 6 6 4 5 4 7 9 5 4
11 5 8 7 7 14 12 8 6 12 6 6 13 13 17 16 7 5 7 10 10 8 8 10 4 10 4 8 9 5 6 6 5 6 8 4 8 4 x 4 7 5 6 4 8 5 8 6 8 6
12 7 7 7 7 13 11 8 5 12 5 7 14 13 14 13 6 7 9 9 9 8 8 12 4 9 4 9 5 8 6 5 4 4 4 5 5 4 4 x 4 5 7 5 7 4 10 5 4 6
11 6 8 7 6 13 12 8 6 12 8 6 12 13 15 12 7 7 8 11 9 7 7 12 6 12 8 8 4 7 5 5 6 6 5 7 8 8 7 4 x 6 5 5 7 5 7 6 4 6
12 5 8 6 7 15 12 10 6 12 7 7 12 16 15 14 6 6 7 11 9 7 8 13 6 9 4 10 5 9 8 7 6 4 5 8 5 6 5 5 6 x 7 4 5 5 8 5 3 5
12 5 7 7 6 15 13 8 8 11 6 8 12 14 17 12 6 7 9 10 10 10 8 10 6 9 5 9 6 6 9 6 4 7 6 6 8 6 6 7 5 7 x 8 6 4 8 8 8 10
11 7 8 7 7 15 11 8 9 12 6 7 15 13 16 16 5 6 8 12 9 10 9 11 5 8 6 8 6 6 7 4 5 4 5 5 5 4 4 5 5 4 8 x 6 5 7 5 6 4
12 6 8 8 7 14 12 8 7 14 7 7 12 13 15 16 5 8 11 14 9 7 7 11 5 8 6 8 6 6 7 6 6 6 8 7 8 5 8 7 7 5 6 6 x 5 6 6 4 5
12 5 8 7 6 13 13 8 7 12 6 7 12 13 14 14 4 5 7 9 11 7 9 12 5 10 4 11 6 5 10 6 5 5 5 8 9 4 5 4 5 5 4 5 5 x 8 7 5 8
12 6 8 7 7 14 13 9 8 13 6 7 13 13 15 12 8 6 9 8 11 9 7 16 7 8 8 9 8 12 8 10 6 7 10 6 7 7 8 10 7 8 8 7 6 8 x 9 9 10
12 7 8 8 10 14 12 8 9 11 9 9 13 14 14 16 10 5 7 10 8 6 8 14 5 7 5 7 8 6 7 6 6 5 8 4 6 9 6 5 6 5 8 5 6 7 9 x 7 7
12 5 8 7 6 14 12 8 6 11 6 6 11 13 16 13 6 5 10 10 11 9 9 12 6 11 5 10 4 6 6 5 4 6 4 5 8 5 8 4 4 3 8 6 4 5 9 7 x 4
12 5 8 7 7 14 12 8 6 12 5 8 12 14 15 14 5 6 7 9 11 8 7 10 5 9 5 9 5 5 6 5 6 6 5 4 5 4 6 6 6 5 10 4 5 8 10 7 4 x