50
25
Latias Wurmple Corsola Pangoro Shelgon Magearna Guzzlord Darumaka Gengar Jigglypuff Lycanroc Toxicroak Primeape Scolipede Luvdisc Cinccino Reshiram Alomomola Greninja Dartrix Raticate Pidgeot Zorua Palkia Aggron Charmeleon Crabominable Arceus Gible Relicanth Noivern Marshtomp Unown Frogadier Bounsweet Yanma Talonflame Delphox Elgyem Voltorb Petilil Smeargle Duskull Exeggutor Infernape Staryu Golisopod Vibrava Scizor Keldeo  
Raticate Talonflame Petilil Shelgon Charmeleon Wurmple Jigglypuff Toxicroak Primeape Infernape Magearna Dartrix Staryu Elgyem Noivern Keldeo Scolipede Exeggutor Golisopod Reshiram Luvdisc Palkia Bounsweet Relicanth Vibrava  
Latias
x 36848 78781 85047 7856 47697 120294 66164 85820 88008 51351 36623 57601 88307 63596 103203 138250 84245 77301 18275 32311 98105 16610 141674 71949 97446 42910 88072 58250 73890 95722 76794 49487 86583 93655 15329 96947 26351 83418 53435 60209 106566 98052 65295 79137 71901 115341 76275 93249 54391  
36848 x 115629 48199 44704 70298 150861 66142 98889 100796 88199 73471 70670 100195 68710 140051 167249 85814 114149 55123 69159 88590 20238 154743 40387 73167 6062 93538 95098 38446 109952 113642 72088 123431 56807 52177 102413 63199 50209 58901 72097 123003 61204 28447 91025 95811 91062 51996 121832 89371  
78781 115629 x 144656 86637 49322 41513 112563 132422 93748 91954 42158 104203 136946 115131 181984 144520 144005 141692 97056 72914 43058 95391 184245 103113 127761 121691 156264 85031 101172 114183 103575 47532 132410 171229 94110 145460 105132 88953 121627 118518 116505 70444 91173 129707 96563 145656 106590 143434 129895  
85047 48199 144656 x 92903 118497 165331 114341 136014 125271 136398 121670 107795 148394 116909 188250 203060 108451 135323 103322 117358 101598 68437 191868 88586 67950 54261 141737 143297 86645 158151 161841 120287 126041 105006 100376 150612 111398 98408 107100 120296 171202 74212 76646 139224 144010 50055 89121 170031 137570  
7856 44704 86637 92903 x 39841 128150 74020 93676 87847 59207 44479 65457 96163 71452 111059 146106 92101 69445 26131 40167 90249 24466 149530 79805 105302 50766 95928 66106 81746 103578 84650 41631 78727 101511 23185 104803 34207 91274 61291 68065 114422 105908 73151 86993 79757 123197 84131 101105 62247  
47697 70298 49322 118497 39841 x 90835 63241 86680 48006 46212 84320 58461 97294 65809 137090 133111 102936 109286 65972 27172 50408 64307 142534 53791 86571 76360 106942 73138 51850 87175 91682 1790 118568 121907 63026 99718 74048 71184 72305 69196 101427 74608 41851 88124 92910 104466 65400 131541 102088  
120294 150861 41513 165331 128150 90835 x 84719 161561 135261 133467 83671 133342 97364 87287 161608 181426 102492 183205 138569 114427 84571 136904 177183 130161 97381 156923 118360 126544 132102 107121 145088 89045 173923 155027 119264 141206 124532 130466 119952 90674 158018 111957 132686 88194 55050 115276 118552 141260 171408  
66164 66142 112563 114341 74020 63241 84719 x 99282 82979 91143 102787 71063 34053 2568 76889 118115 39695 128373 84439 72103 113649 82774 113872 53747 86527 72204 55049 71712 55688 43810 90256 65031 119091 91716 50835 77895 39813 71140 35233 5955 146358 98444 65687 24883 29669 98091 65356 115879 88484  
85820 98889 132422 136014 93676 86680 161561 99282 x 121126 78548 108749 28219 121425 96714 176171 68360 107826 146820 83215 59508 130585 102430 112292 58502 68064 104951 109748 91368 60443 131182 109912 84890 138747 150498 70491 120528 59469 64530 77016 93327 133763 103199 70442 112255 106511 85959 46893 136153 119331  
88008 100796 93748 125271 87847 48006 135261 82979 121126 x 90638 72631 92907 67266 80411 89084 113474 117538 86419 106283 71598 98414 104618 109231 84289 117069 106858 88262 29758 82348 39169 48302 46216 77137 124929 72679 73254 61657 101682 102803 77024 145853 105106 72349 58096 91240 134964 95898 88161 142399  
51351 88199 91954 136398 59207 46212 133467 91143 78548 90638 x 87974 50329 113286 88575 154554 86899 102359 128652 69626 19040 96620 67961 134402 80612 90174 94261 106186 109601 82553 123043 128145 44422 137934 145006 66680 91586 77702 86640 71549 85188 93295 120820 88063 104116 120812 108069 69003 144600 105742  
36623 73471 42158 121670 44479 84320 83671 102787 108749 72631 87974 x 83106 94788 100219 139826 146330 113512 99534 54898 68934 85216 53233 142087 64188 85603 79533 117339 42873 66129 72025 61417 86110 90252 130278 51952 106110 62974 46795 82702 96832 74347 108885 76128 90952 108524 103498 64432 101276 91014  
57601 70670 104203 107795 65457 58461 133342 71063 28219 92907 50329 83106 x 93206 68495 147952 96579 79607 119810 54996 31289 102366 74211 84073 30283 39845 76732 81529 63149 32224 102963 81693 56671 110528 122279 42272 92309 31250 36311 48797 65108 105544 74980 42223 84036 78292 57740 18674 107934 91112  
88307 100195 136946 148394 96163 97294 97364 34053 121425 67266 113286 94788 93206 x 31485 110942 102402 68612 108576 106582 94246 147702 104917 98159 75890 108670 106257 39336 51915 77831 28097 70459 99084 99294 76003 72978 62182 61956 93283 57376 28098 168501 120587 87830 9170 42314 126565 87499 110318 110627  
63596 68710 115131 116909 71452 65809 87287 2568 96714 80411 88575 100219 68495 31485 x 79457 115547 37127 125805 81871 69535 116217 80206 111304 51179 83959 74772 52481 69144 53120 41242 87688 67599 116523 89148 48267 75327 37245 68572 32665 3387 143790 95876 63119 22315 32237 95523 62788 118447 85916  
103203 140051 181984 188250 111059 137090 161608 76889 176171 89084 154554 139826 147952 110942 79457 x 195004 116584 175503 121478 135514 187498 119813 190761 130636 163416 146113 131938 118842 132577 120699 137386 135300 166221 168605 118532 154784 116702 148029 112122 82844 107567 175333 142576 101772 106558 174980 142245 177245 133214  
138250 167249 144520 203060 146106 133111 181426 118115 68360 113474 86899 146330 96579 102402 115547 195004 x 111249 199893 151575 105939 101462 154860 144367 126862 136424 173311 123398 143232 128803 74305 161776 131321 190611 160065 138851 108390 127829 132890 141438 112160 180194 128848 138802 93232 126376 154319 115253 201635 187691  
84245 85814 144005 108451 92101 102936 102492 39695 107826 117538 102359 113512 79607 68612 37127 116584 111249 x 143664 102520 106662 113142 100855 148431 49324 76291 79752 65447 106271 51265 78369 124815 104726 134382 126275 68916 74322 74372 66717 30810 40514 180917 94021 61264 59442 47442 58396 60933 133652 123043  
77301 114149 141692 135323 69445 109286 183205 128373 146820 86419 128652 99534 119810 108576 125805 175503 199893 143664 x 95576 109612 159694 93911 173040 120817 103163 120211 147912 56661 122758 125588 75205 111076 9282 170956 92630 114383 88560 103424 130736 122418 173881 140778 132757 117746 149202 85268 121061 115064 131692  
18275 55123 97056 103322 26131 65972 138569 84439 83215 106283 69626 54898 54996 106582 81871 121478 151575 102520 95576 x 50586 116380 34885 139069 85279 94841 61185 106347 76525 87220 113997 95069 67762 104858 111930 33604 115222 44626 91307 71710 78484 124841 116327 83570 97412 90176 112736 73670 111524 36116  
32311 69159 72914 117358 40167 27172 114427 72103 59508 71598 19040 68934 31289 94246 69535 135514 105939 106662 109612 50586 x 77580 48921 115362 61572 71134 75221 112818 90561 63513 104003 109105 25382 118894 125966 47640 72546 58662 67600 80086 66148 74255 101780 69023 85076 101772 89029 49963 125560 86702  
98105 88590 43058 101598 90249 50408 84571 113649 130585 98414 96620 85216 102366 147702 116217 187498 101462 113142 159694 116380 77580 x 108828 186439 72083 104863 94652 125234 123546 70142 137583 142090 52198 158882 140199 113434 134109 124456 67365 90597 119604 151835 27386 60143 138532 139621 122758 83692 138988 152496  
16610 20238 95391 68437 24466 64307 136904 82774 102430 104618 67961 53233 74211 104917 80206 119813 154860 100855 93911 34885 48921 108828 x 158284 60625 93405 26300 104682 74860 58684 112332 93404 66097 103193 77045 31939 113557 42961 70447 70045 76819 123176 81442 48685 95747 88511 111300 72234 109859 69133  
141674 154743 184245 191868 149530 142534 177183 113872 112292 109231 134402 142087 84073 98159 111304 190761 144367 148431 173040 139069 115362 186439 158284 x 114356 123918 160805 119155 138989 116297 70062 157533 140744 163758 155822 126345 104147 115323 120384 132870 107917 189617 159053 126296 88989 122133 141813 102747 192007 175185  
71949 40387 103113 88586 79805 53791 130161 53747 58502 84289 80612 64188 30283 75890 51179 130636 126862 49324 120817 85279 61572 72083 60625 114356 x 32780 46449 53151 93432 1941 85647 111976 55581 111535 91996 56620 62026 61533 17393 18514 47792 135827 44697 11940 66720 83416 50675 11609 89016 105610  
97446 73167 127761 67950 105302 86571 97381 86527 68064 117069 90174 85603 39845 108670 83959 163416 136424 76291 103163 94841 71134 104863 93405 123918 32780 x 79229 84026 102994 34721 118427 121538 88361 93881 124776 82117 94806 71095 38808 51294 80572 145389 77477 44720 99500 116196 17895 21171 110431 127025  
42910 6062 121691 54261 50766 76360 156923 72204 104951 106858 94261 79533 76732 106257 74772 146113 173311 79752 120211 61185 75221 94652 26300 160805 46449 79229 x 99600 101160 44508 116014 119704 78150 129493 62869 58239 108475 69261 44147 64963 78159 116941 67266 34509 97087 101873 97124 58058 115770 95433  
88072 93538 156264 141737 95928 106942 118360 55049 109748 88262 106186 117339 81529 39336 52481 131938 123398 65447 147912 106347 112818 125234 104682 119155 53151 84026 99600 x 91251 55092 49093 109795 108732 138630 96999 72743 66343 82952 70544 34637 49094 187073 97848 65091 30166 63310 101921 62855 142167 131623  
58250 95098 85031 143297 66106 73138 126544 71712 91368 29758 109601 42873 63149 51915 69144 118842 143232 106271 56661 76525 90561 123546 74860 138989 93432 102994 101160 91251 x 95373 68927 18544 74928 47379 127918 42921 103012 31899 89668 81027 65757 117220 134864 102107 61085 94229 120889 81823 58403 112641  
73890 38446 101172 86645 81746 51850 132102 55688 60443 82348 82553 66129 32224 77831 53120 132577 128803 51265 122758 87220 63513 70142 58684 116297 1941 34721 44508 55092 95373 x 87588 113917 53640 113476 90055 58561 63967 63474 19334 20455 49733 137768 42756 9999 68661 85357 52616 13550 90957 107551  
95722 109952 114183 158151 103578 87175 107121 43810 131182 39169 123043 72025 102963 28097 41242 120699 74305 78369 125588 113997 104003 137583 112332 70062 85647 118427 116014 49093 68927 87588 x 87471 85385 116306 85760 82735 34085 71713 103040 67133 37855 146372 130344 97587 18927 52071 136322 97256 127330 120384  
76794 113642 103575 161841 84650 91682 145088 90256 109912 48302 128145 61417 81693 70459 87688 137386 161776 124815 75205 95069 109105 142090 93404 157533 111976 121538 119704 109795 18544 113917 87471 x 93472 65923 146462 61465 121556 50443 108212 99571 84301 135764 153408 120651 79629 112773 139433 100367 39859 131185  
49487 72088 47532 120287 41631 1790 89045 65031 84890 46216 44422 86110 56671 99084 67599 135300 131321 104726 111076 67762 25382 52198 66097 140744 55581 88361 78150 108732 74928 53640 85385 93472 x 120358 123697 64816 97928 75838 72974 74095 70986 99637 76398 43641 89914 94700 106256 67190 133331 103878  
86583 123431 132410 126041 78727 118568 173923 119091 138747 77137 137934 90252 110528 99294 116523 166221 190611 134382 9282 104858 118894 158882 103193 163758 111535 93881 129493 138630 47379 113476 116306 65923 120358 x 175297 90300 105101 79278 94142 128406 113136 164599 131496 123475 108464 141608 75986 111779 105782 140974  
93655 56807 171229 105006 101511 121907 155027 91716 150498 124929 145006 130278 122279 76003 89148 168605 160065 126275 170956 111930 125966 140199 77045 155822 91996 124776 62869 96999 127918 90055 85760 146462 123697 175297 x 108984 119845 119619 107016 110510 85761 179810 112813 80056 66833 99977 142671 103605 178639 146178  
15329 52177 94110 100376 23185 63026 119264 50835 70491 72679 66680 51952 42272 72978 48267 118532 138851 68916 92630 33604 47640 113434 31939 126345 56620 82117 58239 72743 42921 58561 82735 61465 64816 90300 108984 x 81618 11022 74013 38106 44880 121895 101317 68560 63808 80504 100012 60946 101324 69720  
96947 102413 145460 150612 104803 99718 141206 77895 120528 73254 91586 106110 92309 62182 75327 154784 108390 74322 114383 115222 72546 134109 113557 104147 62026 94806 108475 66343 103012 63967 34085 121556 97928 105101 119845 81618 x 92640 79419 43512 71940 146801 106723 73966 53012 86156 112701 73635 151042 151338  
26351 63199 105132 111398 34207 74048 124532 39813 59469 61657 77702 62974 31250 61956 37245 116702 127829 74372 88560 44626 58662 124456 42961 115323 61533 71095 69261 82952 31899 63474 71713 50443 75838 79278 119619 11022 92640 x 67561 49128 33858 132917 106230 73473 52786 69482 88990 49924 90302 80742  
83418 50209 88953 98408 91274 71184 130466 71140 64530 101682 86640 46795 36311 93283 68572 148029 132890 66717 103424 91307 67600 67365 70447 120384 17393 38808 44147 70544 89668 19334 103040 108212 72974 94142 107016 74013 79419 67561 x 35907 65185 121142 62090 29333 84113 100809 56703 17637 71623 88217  
53435 58901 121627 107100 61291 72305 119952 35233 77016 102803 71549 82702 48797 57376 32665 112122 141438 30810 130736 71710 80086 90597 70045 132870 18514 51294 64963 34637 81027 20455 67133 99571 74095 128406 110510 38106 43512 49128 35907 x 29278 154341 63211 30454 48206 64902 69189 30123 107530 107826  
60209 72097 118518 120296 68065 69196 90674 5955 93327 77024 85188 96832 65108 28098 3387 82844 112160 40514 122418 78484 66148 119604 76819 107917 47792 80572 78159 49094 65757 49733 37855 84301 70986 113136 85761 44880 71940 33858 65185 29278 x 140403 92489 59732 18928 35624 98467 59401 121834 82529  
106566 123003 116505 171202 114422 101427 158018 146358 133763 145853 93295 74347 105544 168501 143790 107567 180194 180917 173881 124841 74255 151835 123176 189617 135827 145389 116941 187073 117220 137768 146372 135764 99637 164599 179810 121895 146801 132917 121142 154341 140403 x 176035 143278 159331 176027 163284 124218 175623 99652  
98052 61204 70444 74212 105908 74608 111957 98444 103199 105106 120820 108885 74980 120587 95876 175333 128848 94021 140778 116327 101780 27386 81442 159053 44697 77477 67266 97848 134864 42756 130344 153408 76398 131496 112813 101317 106723 106230 62090 63211 92489 176035 x 32757 111417 128113 95372 56306 133713 150307  
65295 28447 91173 76646 73151 41851 132686 65687 70442 72349 88063 76128 42223 87830 63119 142576 138802 61264 132757 83570 69023 60143 48685 126296 11940 44720 34509 65091 102107 9999 97587 120651 43641 123475 80056 68560 73966 73473 29333 30454 59732 143278 32757 x 78660 95356 62615 23549 100956 117550  
79137 91025 129707 139224 86993 88124 88194 24883 112255 58096 104116 90952 84036 9170 22315 101772 93232 59442 117746 97412 85076 138532 95747 88989 66720 99500 97087 30166 61085 68661 18927 79629 89914 108464 66833 63808 53012 52786 84113 48206 18928 159331 111417 78660 x 33144 117395 78329 119354 101457  
71901 95811 96563 144010 79757 92910 55050 29669 106511 91240 120812 108524 78292 42314 32237 106558 126376 47442 149202 90176 101772 139621 88511 122133 83416 116196 101873 63310 94229 85357 52071 112773 94700 141608 99977 80504 86156 69482 100809 64902 35624 176027 128113 95356 33144 x 105838 95025 86210 118153  
115341 91062 145656 50055 123197 104466 115276 98091 85959 134964 108069 103498 57740 126565 95523 174980 154319 58396 85268 112736 89029 122758 111300 141813 50675 17895 97124 101921 120889 52616 136322 139433 106256 75986 142671 100012 112701 88990 56703 69189 98467 163284 95372 62615 117395 105838 x 39066 128326 144920  
76275 51996 106590 89121 84131 65400 118552 65356 46893 95898 69003 64432 18674 87499 62788 142245 115253 60933 121061 73670 49963 83692 72234 102747 11609 21171 58058 62855 81823 13550 97256 100367 67190 111779 103605 60946 73635 49924 17637 30123 59401 124218 56306 23549 78329 95025 39066 x 89260 105854  
93249 121832 143434 170031 101105 131541 141260 115879 136153 88161 144600 101276 107934 110318 118447 177245 201635 133652 115064 111524 125560 138988 109859 192007 89016 110431 115770 142167 58403 90957 127330 39859 133331 105782 178639 101324 151042 90302 71623 107530 121834 175623 133713 100956 119354 86210 128326 89260 x 147640  
54391 89371 129895 137570 62247 102088 171408 88484 119331 142399 105742 91014 91112 110627 85916 133214 187691 123043 131692 36116 86702 152496 69133 175185 105610 127025 95433 131623 112641 107551 120384 131185 103878 140974 146178 69720 151338 80742 88217 107826 82529 99652 150307 117550 101457 118153 144920 105854 147640 x  
