100
40
AlumniHouse AnthonyHall BancroftLibrary BanwayBldg BarkerHall BarrowLane BarrowsHall BARTStation BerkeleyArtMuseum BerkeleyWayWest BirgeHall BlackwellHall BlumHall BoaltHall BotanicalGarden BrainImagingCenter EastAsianLibrary CaliforniaHall CalvinLaboratory Campanile CampbellHall CareerCenter ChanShunAuditorium VLSB CheitHall ChouHall ClarkKerrCampus CNMAT Cory CyclotronRd DavisHall DoeMemorialLibrary DonnerLab DurantHall Dwinelle EastGate EdwardsStadium EshlemanHall EtcheverryHall EvansDiamond EvansHall EyeCenter TangCenter FacultyClub FacultyGlade FoundersRock FoxCottage GayleyRd GianniniHall GiauqueHall GilmanHall GoldmanField GoldmanPlaza Greenhouse HaasPavilion HavilandHall HearstFieldAnnex HearstGreekTheatre HearstMiningCircle HertzHall HesseHall Soda HildebrandHall HilgardHall Insectary InternationalHouse IshiCourt JacobsHall KoshlandHall KroeberHall KrutchTheater LatimerHall LeConteHall LevineFrickeField LewisHall LowerSproulPlaza MLK MaxwellFamilyField McConeHall McEnerneyHall McLaughlinHall MinorHall MinorHallAddition Moffitt MorganHall MorrisonHall MosesHall MulfordHall NorthField NorthGateHall OBrienHall ObservatoryHill OldArtGallery OptometryClinic PimentelHall PoliceUC RSF ResidenceHalls BowlesHall ClearyHall
AlumniHouse AnthonyHall BancroftLibrary BanwayBldg BarkerHall BarrowLane BarrowsHall BARTStation BerkeleyArtMuseum BerkeleyWayWest BirgeHall BlackwellHall BlumHall BoaltHall BotanicalGarden BrainImagingCenter EastAsianLibrary CaliforniaHall CalvinLaboratory Campanile CampbellHall CareerCenter ChanShunAuditorium VLSB CheitHall ChouHall ClarkKerrCampus CNMAT Cory CyclotronRd DavisHall DoeMemorialLibrary DonnerLab DurantHall Dwinelle EastGate EdwardsStadium EshlemanHall EtcheverryHall EvansDiamond
Soda
x 11.5 11.5 11.5 6.5 11.5 12.0 11.5 12.5 11.5 11.5 11.5 9.5 8.5 11.5 9.5 14.5 13.5 10.5 10.5 16.5 5.5 14.5 10.0 5.5 14.0 12.0 10.5 11.5 14.0 11.5 7.5 11.0 13.5 11.5 13.5 10.5 11.5 8.5 8.5 12.5 11.5 8.5 8.5 10.5 10.5 8.5 12.0 11.0 8.0 11.5 9.5 9.5 13.0 3.0 3.0 12.0 8.5 8.0 7.5 6.5 8.5 7.0 8.5 8.5 11.0 4.0 11.0 12.5 5.5 6.5 8.5 10.5 8.5 11.0 3.0 13.0 11.5 15.0 15.0 14.0 11.5 15.5 7.5 11.5 12.0 6.0 17.5 5.5 10.0 12.0 10.5 14.0 12.5 14.0 12.5 5.5 5.5 10.0 9.5
11.5 x 10.5 13.5 13.5 9.5 12.0 9.5 3.0 8.5 10.5 12.5 13.0 12.5 6.0 11.0 17.5 14.5 5.5 3.0 13.0 11.5 15.5 14.5 10.0 5.0 8.0 14.5 11.5 10.5 5.5 16.5 10.5 10.5 14.0 5.5 11.5 10.5 14.0 6.5 9.5 10.5 10.5 9.0 14.0 5.0 10.5 15.0 7.5 12.5 3.0 12.0 9.0 8.0 8.5 13.5 11.5 8.0 12.0 12.5 5.0 6.0 9.5 5.5 11.5 15.0 11.0 14.5 12.0 9.5 13.5 12.5 13.0 13.5 8.0 10.5 7.0 10.5 10.5 11.5 11.0 14.0 16.0 14.0 15.5 11.5 14.5 14.5 10.5 11.0 11.5 11.5 10.5 14.5 11.0 10.5 11.0 8.5 9.5 12.0
11.5 10.5 x 12.5 15.5 9.5 12.0 12.5 10.5 14.5 10.5 11.5 11.5 4.0 9.5 13.5 10.5 15.5 8.5 9.5 6.0 10.5 14.5 15.0 12.5 15.0 10.5 14.5 10.5 9.5 8.5 13.0 13.5 14.5 9.5 5.0 10.5 13.5 8.5 10.5 13.0 12.0 8.5 8.5 15.5 15.0 14.5 13.5 14.5 12.0 7.5 12.0 9.5 6.0 11.5 8.5 12.0 6.0 16.0 12.0 13.0 15.5 11.5 5.5 6.5 9.5 15.0 6.5 13.0 11.0 17.5 13.0 8.0 13.0 3.0 12.0 12.0 7.5 10.5 11.5 9.5 11.0 14.0 4.0 11.5 9.5 6.5 9.5 11.0 11.0 12.0 11.0 13.0 12.0 15.0 10.5 14.0 12.5 14.0 11.5
11.5 13.5 12.5 x 5.0 10.5 13.0 15.5 11.5 9.5 13.5 11.5 14.5 9.5 10.5 9.5 16.5 7.5 9.5 12.5 16.5 12.5 14.5 11.5 11.5 17.0 12.0 12.5 10.5 11.5 13.5 14.5 11.5 13.5 13.5 8.5 3.0 13.5 9.5 11.5 10.5 11.5 13.5 10.5 12.5 13.5 11.0 12.5 11.5 12.5 11.0 8.5 11.5 6.5 13.5 10.5 11.5 12.5 14.5 9.5 10.5 11.5 9.5 8.5 14.0 7.5 7.5 12.0 5.5 13.0 10.0 10.5 5.5 5.5 11.0 10.0 8.5 10.5 14.5 8.0 3.0 11.0 14.0 13.0 11.0 9.0 7.0 16.5 8.0 14.0 14.5 12.5 13.0 8.5 15.0 8.0 10.5 11.5 11.0 8.0
6.5 13.5 15.5 5.0 x 10.5 13.0 15.5 11.5 10.5 11.5 12.5 10.5 14.0 10.5 10.5 17.5 12.0 11.5 13.5 16.5 11.5 12.5 12.5 6.5 13.5 14.0 9.5 13.5 11.0 13.5 10.0 7.5 14.5 13.5 13.0 7.5 9.0 10.5 7.5 6.5 13.5 13.5 10.0 12.5 13.5 12.5 13.0 7.0 9.0 11.5 12.5 9.5 9.5 8.5 9.0 12.0 14.0 13.0 6.5 12.0 12.0 10.5 10.0 12.0 12.0 3.0 16.5 6.5 8.5 5.5 6.0 10.0 9.5 12.5 9.0 12.0 13.0 15.0 10.0 7.5 10.5 15.0 13.5 15.5 13.0 11.5 12.0 11.5 11.0 12.0 10.5 16.0 11.0 10.5 12.5 6.0 11.5 9.0 4.0
11.5 9.5 9.5 10.5 10.5 x 3.0 5.5 6.5 10.5 10.5 10.5 9.0 6.0 11.5 10.5 17.5 12.5 9.0 12.0 13.5 11.0 12.5 12.5 7.5 14.0 10.0 13.5 5.5 9.5 9.0 14.5 10.5 10.5 14.0 12.5 8.5 10.5 11.5 3.0 8.0 11.5 15.0 5.5 12.5 10.0 15.5 12.5 11.0 10.0 12.0 3.0 8.5 7.5 10.0 9.5 9.0 12.0 8.5 11.5 13.5 8.5 11.5 11.5 11.0 12.5 7.5 8.5 7.0 8.0 10.0 12.0 7.5 5.5 11.0 13.5 12.5 12.5 10.0 11.5 11.0 7.0 10.5 13.0 13.0 9.0 8.5 17.5 8.0 12.0 11.0 8.0 8.0 10.5 12.0 10.0 12.5 11.0 12.0 9.5
12.0 12.0 12.0 13.0 13.0 3.0 x 3.0 9.0 12.5 8.5 7.5 11.0 9.0 12.5 9.5 15.5 14.5 11.5 14.5 12.5 8.5 10.0 13.0 10.0 13.5 11.5 11.5 8.0 12.0 11.5 17.0 7.5 13.0 11.5 12.5 11.0 13.0 12.5 5.5 10.5 13.0 15.5 8.0 14.5 12.5 18.0 15.0 13.5 11.0 9.5 6.0 8.5 10.0 12.5 12.0 11.5 14.0 11.0 9.0 15.0 9.0 12.0 12.0 8.5 13.0 10.0 11.0 9.5 10.5 12.5 12.0 10.0 8.0 12.0 11.0 11.5 13.0 7.5 11.0 13.5 4.0 8.0 15.5 11.5 11.5 11.0 18.5 10.5 14.5 11.0 10.5 10.5 8.0 14.5 12.5 14.0 11.5 11.5 11.0
11.5 9.5 12.5 15.5 15.5 5.5 3.0 x 11.5 9.5 6.0 10.0 8.5 11.0 9.5 7.0 14.5 17.0 11.5 12.0 9.5 6.0 12.5 10.5 12.0 11.5 8.5 14.0 10.5 13.5 9.5 16.5 10.0 15.5 8.5 9.5 13.5 12.5 10.5 8.0 13.0 10.5 14.5 10.5 11.5 11.5 17.5 17.0 16.0 13.5 7.0 8.0 6.0 12.5 13.5 12.5 14.0 12.0 13.5 11.5 12.5 11.5 9.5 9.5 6.0 11.5 12.5 13.5 10.5 10.5 15.0 9.5 12.5 10.5 9.5 8.5 14.0 11.0 5.0 13.5 15.0 6.5 10.5 15.0 14.0 14.0 13.5 16.0 9.5 15.0 8.5 11.5 13.0 10.5 14.0 14.0 11.5 11.0 14.0 13.0
12.5 3.0 10.5 11.5 11.5 6.5 9.0 11.5 x 11.0 13.0 13.5 11.5 12.0 8.5 12.5 17.5 11.5 3.0 5.5 13.5 9.0 16.5 13.5 7.5 7.5 5.5 13.5 10.5 10.5 3.0 15.5 13.0 13.0 11.5 8.0 13.5 8.0 11.5 4.0 12.0 9.0 9.0 6.5 13.5 7.5 10.5 12.5 5.0 10.0 5.5 9.0 6.5 5.5 10.0 11.5 10.0 5.5 9.5 11.5 7.5 8.5 10.0 8.0 9.0 13.5 8.5 14.5 13.0 9.0 11.0 10.0 10.5 11.5 8.0 11.5 6.5 8.0 9.0 14.0 9.0 12.5 14.5 14.0 13.0 9.0 14.5 13.0 8.5 12.0 9.0 9.0 8.0 14.5 8.5 8.0 12.5 11.0 8.5 11.0
11.5 8.5 14.5 9.5 10.5 10.5 12.5 9.5 11.0 x 14.0 10.0 14.5 12.5 12.5 3.0 16.5 11.5 10.5 6.0 12.5 14.5 14.5 9.5 11.5 13.0 13.0 11.5 12.5 12.5 13.5 12.0 10.5 13.5 13.5 13.5 7.0 10.5 12.5 11.5 9.5 12.5 10.0 9.5 14.5 11.5 12.5 16.5 14.0 13.5 11.0 11.5 13.5 12.5 9.5 13.5 10.5 15.0 13.5 12.5 13.0 14.0 12.5 9.5 11.0 14.0 10.5 14.5 4.0 6.5 8.0 12.5 9.5 9.5 12.0 13.5 7.0 14.5 14.0 12.5 12.0 13.5 13.5 13.5 15.0 13.0 15.0 15.5 10.5 15.0 15.5 7.5 15.0 8.5 17.5 12.0 12.0 15.0 9.5 6.5
11.5 10.5 10.5 13.5 11.5 10.5 8.5 6.0 13.0 14.0 x 7.5 3.0 13.5 9.5 12.5 15.5 12.5 11.5 9.0 15.0 11.5 14.5 16.0 6.5 15.0 14.0 9.5 10.5 7.5 14.0 16.5 10.0 12.5 13.5 10.5 10.5 13.0 8.5 11.0 13.0 5.0 9.5 13.0 8.0 14.5 16.5 13.0 12.0 9.0 8.0 8.0 11.5 13.0 8.5 11.5 9.5 14.0 9.5 7.0 12.0 14.0 12.5 5.0 11.5 6.0 10.0 14.0 13.0 10.5 12.5 8.5 11.5 10.5 7.5 14.0 12.5 12.0 10.5 11.0 10.5 11.0 14.0 11.5 14.0 14.0 14.0 14.0 9.0 10.5 14.0 12.0 8.5 13.5 15.5 8.5 6.0 16.5 9.5 13.5
11.5 12.5 11.5 11.5 12.5 10.5 7.5 10.0 13.5 10.0 7.5 x 5.0 8.0 11.5 12.5 16.5 15.5 11.5 10.0 14.5 14.5 12.5 11.5 6.5 13.5 14.0 14.5 13.5 13.5 13.5 14.5 7.5 12.5 15.5 14.5 14.0 6.0 8.5 10.0 7.5 12.0 14.0 11.5 14.0 10.5 17.5 7.5 12.0 4.0 15.0 13.0 13.0 13.5 9.0 14.5 9.5 11.0 11.5 12.0 12.5 13.0 14.5 12.0 15.5 6.0 10.0 10.5 13.0 11.5 12.5 11.5 11.5 15.0 14.0 14.0 11.5 13.0 13.5 4.0 10.5 4.0 14.0 11.5 16.5 11.0 10.5 19.0 15.5 11.0 15.5 8.5 10.5 8.5 15.5 8.5 11.5 15.5 11.5 10.0
9.5 13.0 11.5 14.5 10.5 9.0 11.0 8.5 11.5 14.5 3.0 5.0 x 12.5 9.5 12.5 13.0 15.0 8.5 11.5 17.0 14.0 14.5 14.5 4.0 12.5 11.0 12.0 8.5 10.0 14.0 16.0 9.5 15.0 15.5 13.0 13.0 10.5 11.0 8.5 12.0 7.5 12.0 11.0 10.5 13.5 15.5 10.5 9.5 6.5 10.5 10.5 14.0 11.0 6.5 12.0 12.0 12.0 7.0 9.5 10.0 12.0 15.0 7.5 12.5 8.5 7.5 15.0 15.5 9.0 10.0 11.0 14.0 13.0 9.0 12.0 12.0 13.5 13.0 8.5 13.0 8.5 16.5 12.5 15.0 11.5 14.5 15.5 11.5 8.5 16.5 12.0 6.0 11.0 13.0 11.0 8.5 14.5 10.5 13.0
8.5 12.5 4.0 9.5 14.0 6.0 9.0 11.0 12.0 12.5 13.5 8.0 12.5 x 11.5 10.0 14.0 16.5 12.0 13.0 9.5 13.5 14.5 18.0 13.0 13.5 10.5 13.0 11.0 6.0 12.0 15.5 15.0 16.0 13.0 7.0 12.0 13.5 9.0 8.5 13.5 8.5 12.0 11.0 13.5 13.5 16.5 15.0 11.0 11.5 9.5 8.5 13.0 9.5 11.0 11.0 14.5 9.5 14.0 12.5 10.0 14.0 15.0 9.0 10.0 11.5 12.0 3.0 12.5 13.5 14.5 15.5 11.5 11.0 6.5 11.0 15.5 11.0 7.0 11.5 12.0 11.5 16.0 7.5 15.0 13.0 3.0 13.0 13.5 12.0 14.5 10.5 13.5 8.5 14.5 12.0 13.5 13.5 15.0 12.5
11.5 6.0 9.5 10.5 10.5 11.5 12.5 9.5 8.5 12.5 9.5 11.5 9.5 11.5 x 12.5 12.5 15.5 6.5 8.5 9.5 15.0 14.5 14.5 6.0 10.5 8.5 12.5 14.5 7.5 11.0 10.5 10.5 12.5 16.5 11.0 11.5 12.5 8.5 8.5 4.0 5.0 15.5 11.0 11.5 10.5 16.0 12.5 11.5 8.5 8.5 13.5 13.0 4.0 8.5 13.0 9.5 13.5 10.5 9.5 10.5 9.5 13.5 11.0 15.0 11.0 9.5 14.0 9.5 10.5 12.0 14.0 11.5 14.0 12.0 14.0 9.5 11.0 5.0 7.5 7.5 12.5 14.0 13.0 15.0 15.0 14.0 15.5 14.0 6.0 15.0 12.0 15.0 11.5 15.0 8.5 11.0 12.0 7.0 6.5
9.5 11.0 13.5 9.5 10.5 10.5 9.5 7.0 12.5 3.0 12.5 12.5 12.5 10.0 12.5 x 14.5 11.5 13.0 8.5 10.0 12.5 13.5 9.5 9.5 15.5 15.0 11.5 10.5 9.5 13.5 14.5 10.5 10.5 15.0 16.0 6.5 7.5 13.0 9.5 9.5 9.5 12.5 6.5 12.5 8.5 12.5 14.5 15.0 10.5 13.5 12.0 11.5 12.5 6.5 10.5 8.0 12.0 15.0 13.0 10.0 12.0 13.0 12.0 12.5 11.5 13.0 12.5 4.0 4.0 10.5 9.5 9.0 9.0 12.0 12.0 9.5 14.0 11.5 9.5 12.0 13.0 11.0 13.5 12.5 11.5 12.5 15.5 8.0 14.0 12.5 5.0 13.0 8.5 15.0 11.5 9.0 14.5 12.0 6.5
14.5 17.5 10.5 16.5 17.5 17.5 15.5 14.5 17.5 16.5 15.5 16.5 13.0 14.0 12.5 14.5 x 17.5 15.5 16.5 5.0 14.5 16.5 18.0 11.5 16.5 12.5 16.5 15.5 15.5 15.5 17.5 14.5 18.5 8.0 15.0 14.5 13.5 14.5 14.5 16.0 17.0 17.5 12.0 8.0 14.5 15.5 16.5 17.0 12.5 14.5 16.5 11.5 16.0 14.0 15.5 15.5 16.0 16.5 13.5 17.5 17.5 8.0 12.5 10.5 17.0 15.0 13.5 13.0 14.5 14.5 15.0 11.5 15.5 13.0 16.0 16.5 10.0 9.5 15.5 13.5 18.0 14.5 14.0 10.5 15.5 16.5 18.5 12.5 7.0 11.5 10.5 18.0 8.0 13.5 14.0 16.5 15.5 16.0 14.5
13.5 14.5 15.5 7.5 12.0 12.5 14.5 17.0 11.5 11.5 12.5 15.5 15.0 16.5 15.5 11.5 17.5 x 14.0 14.5 12.5 14.5 9.5 13.5 12.5 17.0 15.5 8.5 12.5 11.5 14.0 17.0 14.0 14.5 12.5 15.5 5.0 9.5 9.5 12.5 12.5 14.0 12.5 9.5 10.0 14.5 12.5 14.5 7.0 12.5 13.5 10.5 14.0 13.5 14.5 12.5 11.5 14.5 12.5 6.0 16.5 13.5 11.5 10.5 15.0 12.0 9.5 17.5 7.5 12.0 12.0 11.5 7.5 7.5 13.0 15.0 11.5 12.5 16.5 11.5 10.0 17.0 7.0 15.0 10.5 11.0 14.0 13.0 10.0 16.0 14.5 7.0 15.0 12.0 10.5 10.0 14.0 16.0 8.5 10.0
10.5 5.5 8.5 9.5 11.5 9.0 11.5 11.5 3.0 10.5 11.5 11.5 8.5 12.0 6.5 13.0 15.5 14.0 x 8.0 11.5 11.5 14.5 15.5 5.0 8.5 3.0 11.5 13.0 13.0 5.5 16.5 10.5 15.5 14.5 10.5 12.0 10.5 12.5 6.5 10.0 11.0 11.5 9.0 12.5 10.0 13.0 11.5 7.5 7.5 8.0 11.5 9.0 3.0 7.5 13.0 12.5 8.0 9.5 8.5 10.0 11.0 12.5 10.5 11.5 11.5 8.5 14.5 11.5 10.0 11.0 12.5 10.5 14.0 10.5 13.0 4.0 5.5 6.5 14.0 6.5 11.5 12.0 12.0 15.5 11.5 14.5 10.5 11.0 9.5 11.5 11.5 10.5 12.0 11.0 8.0 10.0 13.5 6.0 8.5
10.5 3.0 9.5 12.5 13.5 12.0 14.5 12.0 5.5 6.0 9.0 10.0 11.5 13.0 8.5 8.5 16.5 14.5 8.0 x 15.0 10.5 17.5 15.0 12.5 7.5 10.5 16.5 14.0 13.0 8.0 13.5 13.0 8.0 12.5 8.0 9.5 13.0 11.5 9.0 7.0 13.0 8.5 11.5 16.5 7.5 8.0 16.0 10.0 13.5 5.5 14.0 11.5 10.5 9.5 13.0 10.5 10.5 12.0 14.0 7.5 8.5 12.0 4.0 10.5 14.0 13.0 15.5 9.5 12.0 13.5 15.0 12.0 12.0 6.5 8.0 9.5 11.0 13.0 10.5 13.5 13.5 15.0 13.0 17.5 14.0 13.0 13.0 13.0 9.5 14.0 13.0 13.0 14.0 14.0 13.0 12.0 10.5 12.0 9.5
16.5 13.0 6.0 16.5 16.5 13.5 12.5 9.5 13.5 12.5 15.0 14.5 17.0 9.5 9.5 10.0 5.0 12.5 11.5 15.0 x 15.0 12.5 19.0 14.5 11.5 8.5 15.0 12.5 10.5 13.5 13.0 10.0 14.5 12.5 10.5 14.5 8.5 14.0 11.5 13.0 13.0 14.0 8.5 11.5 10.0 19.0 15.5 18.5 11.5 13.0 15.0 9.5 11.5 13.5 14.0 12.0 11.5 17.0 17.5 17.0 12.5 12.5 11.0 12.0 15.0 16.0 12.0 13.5 11.0 18.0 10.5 11.5 15.5 8.5 16.5 15.0 11.0 5.0 10.5 15.0 13.5 9.5 9.5 6.0 12.5 12.0 15.0 13.0 11.5 7.0 6.0 15.0 11.5 17.0 14.0 13.0 14.0 16.0 13.5
5.5 11.5 10.5 12.5 11.5 11.0 8.5 6.0 9.0 14.5 11.5 14.5 14.0 13.5 15.0 12.5 14.5 14.5 11.5 10.5 15.0 x 11.5 5.0 11.0 12.5 14.0 14.5 14.5 17.5 10.5 12.5 7.0 13.5 6.5 15.0 10.0 16.5 8.5 12.5 13.0 16.0 13.5 13.5 13.5 15.5 13.5 15.0 12.5 12.5 12.5 12.5 6.5 14.0 8.0 8.0 15.0 12.5 8.5 12.0 11.5 8.5 10.0 10.5 4.0 11.0 9.0 13.5 10.5 10.5 11.5 10.0 12.0 12.5 7.5 3.0 15.0 11.5 10.5 16.0 14.5 10.5 14.0 12.5 16.5 16.0 11.0 14.0 10.0 13.5 9.0 14.5 16.5 15.0 9.0 14.5 10.5 5.5 12.0 10.5
14.5 15.5 14.5 14.5 12.5 12.5 10.0 12.5 16.5 14.5 14.5 12.5 14.5 14.5 14.5 13.5 16.5 9.5 14.5 17.5 12.5 11.5 x 12.0 10.5 10.5 12.0 12.5 11.5 18.0 14.5 14.5 5.0 10.5 15.5 19.0 12.5 13.5 6.0 13.5 10.5 15.5 16.5 11.5 18.0 16.5 18.0 12.5 16.0 13.0 16.5 14.0 10.5 14.5 13.0 15.5 7.5 12.0 15.5 9.5 16.5 16.0 13.5 14.5 13.0 8.5 13.0 17.0 11.5 13.5 15.5 14.0 9.5 13.5 11.5 11.5 15.0 9.5 13.5 13.5 13.0 8.5 3.0 11.5 6.5 14.5 17.0 14.5 14.0 15.0 13.0 14.0 9.0 12.5 18.0 12.0 13.5 14.0 12.0 8.5
10.0 14.5 15.0 11.5 12.5 12.5 13.0 10.5 13.5 9.5 16.0 11.5 14.5 18.0 14.5 9.5 18.0 13.5 15.5 15.0 19.0 5.0 12.0 x 10.5 17.0 17.0 13.5 16.0 18.5 14.5 16.5 11.5 14.5 11.0 19.5 8.5 16.5 13.0 14.5 11.5 16.5 17.5 15.5 13.5 14.5 13.5 11.5 11.0 8.0 17.0 14.0 11.0 14.5 12.5 11.5 17.0 12.5 13.0 15.0 16.0 8.5 13.5 14.0 8.5 15.5 13.5 16.5 6.0 13.0 16.0 14.5 11.0 11.0 12.0 7.5 15.5 16.0 15.0 15.0 14.0 15.0 14.5 15.5 16.5 14.5 15.5 17.5 9.0 15.0 13.5 13.5 18.5 10.5 13.5 12.5 15.0 6.0 15.5 8.5
5.5 10.0 12.5 11.5 6.5 7.5 10.0 12.0 7.5 11.5 6.5 6.5 4.0 13.0 6.0 9.5 11.5 12.5 5.0 12.5 14.5 11.0 10.5 10.5 x 9.0 7.5 10.5 11.5 10.5 10.0 12.5 6.0 13.5 14.5 10.0 12.5 11.5 11.5 5.0 9.5 8.0 13.5 7.5 8.0 10.5 11.5 6.5 6.0 3.0 11.5 10.0 11.5 7.5 3.0 8.0 11.0 8.5 10.5 7.5 6.5 8.5 12.0 8.5 13.5 12.0 4.0 13.5 12.5 5.5 6.5 8.5 10.5 10.5 11.0 8.0 8.5 10.0 10.5 10.0 11.0 7.0 13.0 9.0 11.5 10.0 11.0 15.0 10.5 5.0 14.0 8.5 9.5 7.5 9.5 7.5 5.5 10.5 10.0 9.5
14.0 5.0 15.0 17.0 13.5 14.0 13.5 11.5 7.5 13.0 15.0 13.5 12.5 13.5 10.5 15.5 16.5 17.0 8.5 7.5 11.5 12.5 10.5 17.0 9.0 x 6.0 14.0 16.0 15.0 10.0 18.5 6.0 15.0 16.5 10.0 14.5 14.5 16.0 11.0 12.5 15.0 15.0 13.5 13.5 9.5 8.0 15.0 12.0 11.5 7.5 16.0 13.5 11.0 11.5 13.5 16.0 12.5 16.5 16.0 9.5 10.5 14.0 10.0 14.0 18.5 12.5 16.0 12.5 14.0 15.0 17.0 17.5 14.5 12.5 15.0 11.5 8.5 7.0 16.0 14.5 9.5 13.0 17.5 16.5 16.0 16.0 13.5 15.0 13.5 16.0 16.0 15.0 13.5 15.5 15.0 14.0 13.0 14.0 9.5
12.0 8.0 10.5 12.0 14.0 10.0 11.5 8.5 5.5 13.0 14.0 14.0 11.0 10.5 8.5 15.0 12.5 15.5 3.0 10.5 8.5 14.0 12.0 17.0 7.5 6.0 x 14.0 15.0 15.5 8.0 18.5 8.0 15.5 13.5 13.0 10.5 11.5 11.0 9.0 12.0 13.0 13.5 11.5 10.5 10.5 13.5 13.0 10.0 10.0 10.5 12.5 11.5 5.5 10.0 14.5 14.5 10.5 12.0 11.0 9.0 13.5 15.0 10.5 11.5 13.5 11.0 13.0 13.0 12.5 13.5 15.0 13.0 13.0 7.5 11.5 6.5 3.0 4.0 12.5 9.0 11.5 9.5 14.0 13.0 14.0 13.0 8.0 13.5 12.0 14.0 14.0 13.0 10.5 13.5 10.5 12.5 14.0 8.5 11.0
10.5 14.5 14.5 12.5 9.5 13.5 11.5 14.0 13.5 11.5 9.5 14.5 12.0 13.0 12.5 11.5 16.5 8.5 11.5 16.5 15.0 14.5 12.5 13.5 10.5 14.0 14.0 x 13.5 15.0 14.5 10.0 14.5 11.5 9.5 13.5 9.5 14.5 6.5 11.5 11.0 12.5 9.0 10.0 15.5 11.5 16.5 13.0 15.0 13.0 15.5 15.0 11.0 14.0 13.0 13.0 13.0 17.5 9.5 3.0 16.5 16.5 8.5 13.5 12.0 9.0 6.5 15.5 8.0 12.5 9.0 14.5 10.0 12.0 12.0 12.0 8.5 16.5 17.0 14.0 13.5 14.0 15.0 12.0 15.5 14.5 15.5 18.5 14.5 14.5 13.5 12.5 16.0 12.5 15.0 9.5 15.0 14.5 5.5 10.5
11.5 11.5 10.5 10.5 13.5 5.5 8.0 10.5 10.5 12.5 10.5 13.5 8.5 11.0 14.5 10.5 15.5 12.5 13.0 14.0 12.5 14.5 11.5 16.0 11.5 16.0 15.0 13.5 x 11.5 12.5 12.0 11.0 10.5 12.5 11.5 8.5 9.5 9.5 6.5 12.5 12.5 13.5 4.0 12.5 11.5 15.5 12.5 10.5 12.5 9.0 3.0 8.5 11.0 9.5 9.5 7.5 12.5 12.0 13.0 11.5 12.0 9.5 10.5 11.0 11.0 11.0 13.5 11.0 6.5 10.5 11.5 6.0 5.5 8.0 14.5 14.5 12.5 15.0 11.5 11.5 11.5 12.0 14.0 11.5 9.0 12.5 14.5 8.0 16.0 11.0 6.5 3.0 15.5 7.0 8.5 12.0 13.0 12.0 11.0
14.0 10.5 9.5 11.5 11.0 9.5 12.0 13.5 10.5 12.5 7.5 13.5 10.0 6.0 7.5 9.5 15.5 11.5 13.0 13.0 10.5 17.5 18.0 18.5 10.5 15.0 15.5 15.0 11.5 x 13.0 17.5 14.5 13.5 16.5 10.5 11.5 7.5 12.5 7.0 11.0 3.0 13.5 7.5 15.0 13.5 18.5 14.5 15.0 10.5 8.0 12.0 11.5 11.0 11.5 15.5 11.0 15.0 12.5 12.5 13.5 12.5 12.5 10.5 14.0 13.0 11.5 8.5 13.0 8.5 14.0 9.5 9.5 13.5 12.0 16.5 12.5 16.5 12.0 9.5 9.0 15.5 15.5 13.0 12.5 11.5 8.5 18.5 12.5 13.0 9.0 5.0 14.0 14.0 16.0 6.5 12.0 15.0 10.0 13.0
11.5 5.5 8.5 13.5 13.5 9.0 11.5 9.5 3.0 13.5 14.0 13.5 14.0 12.0 11.0 13.5 15.5 14.0 5.5 8.0 13.5 10.5 14.5 14.5 10.0 10.0 8.0 14.5 12.5 13.0 x 13.5 15.5 15.5 9.5 10.5 11.5 10.5 8.5 6.5 13.0 11.5 11.5 9.0 10.5 10.0 13.0 10.5 7.5 12.5 8.0 9.5 4.0 8.0 8.5 8.5 12.5 3.0 12.0 12.0 10.0 11.0 7.5 10.5 6.5 11.0 11.0 14.5 14.0 11.0 13.5 7.5 11.0 8.5 10.0 12.0 9.0 10.5 12.0 15.5 11.5 15.0 17.0 12.0 15.5 6.5 14.5 15.5 6.0 14.5 6.5 11.5 10.5 14.0 11.0 10.5 10.0 9.5 11.0 13.5
7.5 16.5 13.0 14.5 10.0 14.5 17.0 16.5 15.5 12.0 16.5 14.5 16.0 15.5 10.5 14.5 17.5 17.0 16.5 13.5 13.0 12.5 14.5 16.5 12.5 18.5 18.5 10.0 12.0 17.5 13.5 x 13.0 15.5 16.0 17.5 12.5 16.5 11.5 13.5 7.0 15.0 10.5 14.5 12.5 13.5 10.5 9.0 16.0 12.5 15.5 11.5 11.5 14.0 10.0 5.0 12.5 11.0 15.0 12.5 13.5 12.5 14.0 15.0 14.0 14.0 9.5 17.0 12.5 12.5 7.0 13.0 15.0 10.5 15.5 10.0 18.0 16.0 15.0 10.5 17.0 16.5 12.0 9.5 15.5 12.5 13.0 18.5 7.5 16.0 14.0 15.0 14.5 16.0 18.5 14.0 12.5 12.5 15.0 9.5
11.0 10.5 13.5 11.5 7.5 10.5 7.5 10.0 13.0 10.5 10.0 7.5 9.5 15.0 10.5 10.5 14.5 14.0 10.5 13.0 10.0 7.0 5.0 11.5 6.0 6.0 8.0 14.5 11.0 14.5 15.5 13.0 x 15.0 13.0 15.5 9.5 13.0 10.5 10.5 6.5 12.0 16.5 11.5 13.5 13.5 13.5 12.0 11.5 8.5 13.0 11.5 13.0 9.5 8.5 10.5 12.0 14.0 15.0 13.0 12.0 12.0 10.5 13.5 10.5 13.0 9.5 16.5 6.5 8.5 12.0 11.5 12.0 9.0 10.5 9.5 12.0 6.0 12.0 10.0 13.0 4.0 7.5 14.5 11.0 12.5 13.5 12.5 11.5 10.5 15.5 14.0 13.5 11.0 15.0 13.0 9.0 12.0 14.5 4.0
13.5 10.5 14.5 13.5 14.5 10.5 13.0 15.5 13.0 13.5 12.5 12.5 15.0 16.0 12.5 10.5 18.5 14.5 15.5 8.0 14.5 13.5 10.5 14.5 13.5 15.0 15.5 11.5 10.5 13.5 15.5 15.5 15.0 x 15.5 14.5 13.5 11.5 9.5 9.5 8.5 14.5 15.5 6.5 12.0 11.5 15.5 12.5 17.5 13.0 11.5 8.0 13.5 14.0 11.5 14.5 3.0 15.5 15.0 9.0 15.0 6.0 14.5 11.5 16.0 6.5 12.5 18.5 14.0 9.0 15.0 14.0 11.0 10.5 12.0 11.5 14.5 14.5 17.0 12.0 11.0 16.0 7.5 12.0 11.0 14.0 15.0 8.0 13.0 12.5 11.5 9.0 13.0 16.0 15.0 13.5 14.0 8.5 11.5 11.0
11.5 14.0 9.5 13.5 13.5 14.0 11.5 8.5 11.5 13.5 13.5 15.5 15.5 13.0 16.5 15.0 8.0 12.5 14.5 12.5 12.5 6.5 15.5 11.0 14.5 16.5 13.5 9.5 12.5 16.5 9.5 16.0 13.0 15.5 x 14.0 11.0 16.0 10.5 14.5 15.0 16.5 12.5 12.5 12.5 14.5 15.5 15.5 9.5 12.0 11.5 11.5 5.5 15.0 14.0 12.0 16.0 12.0 13.5 7.0 17.5 14.0 9.0 9.5 3.0 13.0 10.5 12.5 13.5 13.0 13.0 9.0 12.5 12.0 6.5 8.5 12.5 11.0 13.0 17.0 16.0 14.5 17.5 13.0 18.0 15.5 13.0 13.0 9.0 12.5 8.0 13.5 15.0 15.5 6.0 13.5 11.5 11.0 9.5 15.0
13.5 5.5 5.0 8.5 13.0 12.5 12.5 9.5 8.0 13.5 10.5 14.5 13.0 7.0 11.0 16.0 15.0 15.5 10.5 8.0 10.5 15.0 19.0 19.5 10.0 10.0 13.0 13.5 11.5 10.5 10.5 17.5 15.5 14.5 14.0 x 11.0 15.5 13.0 11.5 11.5 13.0 10.5 13.0 16.5 10.0 15.5 16.0 12.5 12.5 3.0 13.5 13.5 9.5 11.5 13.0 11.5 10.5 16.0 11.0 9.0 11.0 9.5 5.5 11.0 10.5 11.5 9.5 13.5 14.0 14.0 16.0 12.5 13.5 7.5 15.5 11.5 12.0 13.5 15.0 6.0 15.5 16.0 8.5 16.0 14.0 9.5 14.0 12.0 11.0 16.0 15.0 14.0 11.5 16.0 15.0 14.0 13.5 13.5 14.0
10.5 11.5 10.5 3.0 7.5 8.5 11.0 13.5 13.5 7.0 10.5 14.0 13.0 12.0 11.5 6.5 14.5 5.0 12.0 9.5 14.5 10.0 12.5 8.5 12.5 14.5 10.5 9.5 8.5 11.5 11.5 12.5 9.5 13.5 11.0 11.0 x 12.5 6.5 10.5 8.5 9.5 10.5 7.5 10.5 11.5 11.5 10.5 11.5 10.5 8.5 5.5 9.5 9.0 11.5 8.5 11.0 10.5 12.5 7.0 13.0 9.0 6.5 6.0 12.0 9.0 9.5 13.5 3.0 10.0 12.0 13.0 3.0 3.0 8.5 12.0 11.0 8.0 14.0 10.5 5.5 13.0 11.5 12.0 8.5 6.5 9.5 14.5 5.5 11.5 12.0 10.0 11.0 7.5 15.0 5.5 13.0 11.5 9.0 5.5
11.5 10.5 13.5 13.5 9.0 10.5 13.0 12.5 8.0 10.5 13.0 6.0 10.5 13.5 12.5 7.5 13.5 9.5 10.5 13.0 8.5 16.5 13.5 16.5 11.5 14.5 11.5 14.5 9.5 7.5 10.5 16.5 13.0 11.5 16.0 15.5 12.5 x 8.0 8.5 11.5 10.0 11.5 5.5 14.5 12.5 15.0 8.0 12.5 8.5 13.0 12.0 11.5 13.0 9.0 14.0 9.0 13.0 14.0 11.5 12.5 14.0 14.0 12.5 14.0 10.5 11.5 15.5 11.0 8.0 14.0 7.5 10.0 12.5 11.0 13.5 14.0 14.0 8.0 7.5 13.0 9.5 13.5 13.5 10.5 9.5 14.0 17.5 12.0 7.0 10.5 3.0 12.0 13.0 14.0 12.5 10.0 16.0 14.0 12.5
8.5 14.0 8.5 9.5 10.5 11.5 12.5 10.5 11.5 12.5 8.5 8.5 11.0 9.0 8.5 13.0 14.5 9.5 12.5 11.5 14.0 8.5 6.0 13.0 11.5 16.0 11.0 6.5 9.5 12.5 8.5 11.5 10.5 9.5 10.5 13.0 6.5 8.0 x 11.5 5.0 10.5 10.5 8.5 13.5 12.5 13.5 7.0 15.5 10.5 11.5 8.5 5.0 11.5 11.0 10.5 6.5 11.0 10.5 4.0 14.5 10.5 7.5 8.5 7.5 3.0 7.5 11.5 9.0 11.0 10.0 8.5 4.0 9.0 6.0 6.0 9.5 10.5 13.0 8.0 7.5 12.0 8.5 6.0 9.5 10.5 11.5 12.5 8.5 14.0 7.5 10.5 12.0 7.0 16.0 6.5 11.0 8.5 6.5 7.5
8.5 6.5 10.5 11.5 7.5 3.0 5.5 8.0 4.0 11.5 11.0 10.0 8.5 8.5 8.5 9.5 14.5 12.5 6.5 9.0 11.5 12.5 13.5 14.5 5.0 11.0 9.0 11.5 6.5 7.0 6.5 13.5 10.5 9.5 14.5 11.5 10.5 8.5 11.5 x 10.5 9.0 12.5 3.0 10.5 10.5 14.0 11.0 8.5 7.5 9.0 5.5 9.5 5.0 7.5 8.5 6.5 9.0 6.0 8.5 11.0 6.0 11.5 9.0 12.0 10.0 5.0 11.0 9.5 5.5 7.5 10.5 7.5 8.0 8.5 11.0 10.0 11.5 12.5 10.5 8.5 9.0 11.0 13.0 13.0 11.5 11.0 15.0 6.0 9.5 11.5 5.5 9.0 12.0 11.5 10.0 10.0 8.5 9.5 10.0
12.5 9.5 13.0 10.5 6.5 8.0 10.5 13.0 12.0 9.5 13.0 7.5 12.0 13.5 4.0 9.5 16.0 12.5 10.0 7.0 13.0 13.0 10.5 11.5 9.5 12.5 12.0 11.0 12.5 11.0 13.0 7.0 6.5 8.5 15.0 11.5 8.5 11.5 5.0 10.5 x 8.5 15.0 9.5 15.0 10.5 14.5 11.5 11.0 11.0 9.0 10.0 9.5 7.5 10.5 9.5 6.0 11.0 12.5 8.5 12.5 6.0 9.5 10.5 12.0 7.5 9.0 16.0 5.5 7.5 11.5 12.0 8.5 11.0 10.5 10.5 11.5 12.0 8.5 4.0 11.0 10.0 10.5 10.5 14.0 14.5 12.5 11.5 12.0 10.0 11.5 8.5 15.0 10.0 14.5 11.0 12.0 8.5 9.0 3.0
11.5 10.5 12.0 11.5 13.5 11.5 13.0 10.5 9.0 12.5 5.0 12.0 7.5 8.5 5.0 9.5 17.0 14.0 11.0 13.0 13.0 16.0 15.5 16.5 8.0 15.0 13.0 12.5 12.5 3.0 11.5 15.0 12.0 14.5 16.5 13.0 9.5 10.0 10.5 9.0 8.5 x 11.0 8.5 12.5 10.5 16.5 12.5 13.5 8.5 10.5 11.5 13.5 8.5 8.5 14.0 12.0 14.0 11.5 10.5 12.0 14.0 10.0 9.5 16.0 10.5 11.5 11.0 12.0 6.0 14.0 12.0 6.5 10.5 12.0 14.0 10.5 14.5 9.5 12.0 11.5 14.5 16.0 15.5 12.0 14.0 11.0 18.5 13.0 10.5 11.5 7.5 13.0 13.0 17.0 4.0 10.5 16.5 7.5 10.5
8.5 10.5 8.5 13.5 13.5 15.0 15.5 14.5 9.0 10.0 9.5 14.0 12.0 12.0 15.5 12.5 17.5 12.5 11.5 8.5 14.0 13.5 16.5 17.5 13.5 15.0 13.5 9.0 13.5 13.5 11.5 10.5 16.5 15.5 12.5 10.5 10.5 11.5 10.5 12.5 15.0 11.0 x 11.5 13.5 14.5 11.5 8.0 13.5 11.5 7.5 12.5 12.5 12.0 10.5 6.0 14.0 9.5 13.5 7.0 13.0 15.5 12.5 5.0 9.5 13.0 10.5 14.5 13.0 13.0 13.0 13.5 13.0 9.5 6.0 11.0 12.5 10.5 17.0 13.5 15.5 14.0 17.0 11.0 16.5 6.0 12.5 12.5 8.5 10.5 15.0 9.0 11.5 13.5 17.0 13.5 13.0 13.5 10.0 12.5
8.5 9.0 8.5 10.5 10.0 5.5 8.0 10.5 6.5 9.5 13.0 11.5 11.0 11.0 11.0 6.5 12.0 9.5 9.0 11.5 8.5 13.5 11.5 15.5 7.5 13.5 11.5 10.0 4.0 7.5 9.0 14.5 11.5 6.5 12.5 13.0 7.5 5.5 8.5 3.0 9.5 8.5 11.5 x 11.5 7.5 14.5 12.5 11.0 8.5 11.5 6.5 10.5 7.5 5.5 9.5 4.0 11.0 8.5 11.0 9.0 8.5 8.5 8.5 9.5 7.5 7.5 13.5 10.0 3.0 10.0 7.5 5.0 9.0 6.0 11.0 12.5 10.5 13.0 7.5 8.0 11.5 8.5 12.0 11.0 9.5 9.0 12.5 7.0 12.0 10.5 3.0 6.5 13.0 9.0 7.5 8.0 11.0 11.0 7.5
10.5 14.0 15.5 12.5 12.5 12.5 14.5 11.5 13.5 14.5 8.0 14.0 10.5 13.5 11.5 12.5 8.0 10.0 12.5 16.5 11.5 13.5 18.0 13.5 8.0 13.5 10.5 15.5 12.5 15.0 10.5 12.5 13.5 12.0 12.5 16.5 10.5 14.5 13.5 10.5 15.0 12.5 13.5 11.5 x 10.5 13.5 14.0 13.5 10.5 15.5 10.5 8.5 10.0 10.5 7.5 14.5 13.0 16.0 13.5 14.0 16.0 12.0 12.5 10.0 13.5 9.5 16.0 13.0 13.0 7.0 12.0 13.0 7.5 13.5 13.0 16.0 13.0 7.0 17.0 13.5 14.5 16.5 12.0 17.0 11.0 16.0 18.0 5.0 12.5 11.0 14.0 15.5 13.5 17.0 14.0 13.0 15.5 16.0 14.0
10.5 5.0 15.0 13.5 13.5 10.0 12.5 11.5 7.5 11.5 14.5 10.5 13.5 13.5 10.5 8.5 14.5 14.5 10.0 7.5 10.0 15.5 16.5 14.5 10.5 9.5 10.5 11.5 11.5 13.5 10.0 13.5 13.5 11.5 14.5 10.0 11.5 12.5 12.5 10.5 10.5 10.5 14.5 7.5 10.5 x 14.5 15.5 12.0 13.0 7.5 11.5 9.5 12.5 7.5 8.5 9.0 12.5 15.5 9.0 9.5 10.5 13.0 10.0 12.0 12.5 12.5 15.5 12.0 5.0 15.0 13.0 12.0 8.5 12.5 13.0 11.5 13.0 7.0 7.0 15.0 14.0 13.5 13.0 14.5 12.0 16.0 18.0 6.0 11.0 12.0 10.0 13.5 10.0 15.5 14.0 10.0 13.0 11.5 9.5
8.5 10.5 14.5 11.0 12.5 15.5 18.0 17.5 10.5 12.5 16.5 17.5 15.5 16.5 16.0 12.5 15.5 12.5 13.0 8.0 19.0 13.5 18.0 13.5 11.5 8.0 13.5 16.5 15.5 18.5 13.0 10.5 13.5 15.5 15.5 15.5 11.5 15.0 13.5 14.0 14.5 16.5 11.5 14.5 13.5 14.5 x 17.5 6.0 14.0 13.0 12.5 11.5 15.5 11.0 6.0 18.0 14.5 16.0 13.5 13.0 10.5 8.0 11.5 14.0 16.0 10.5 19.0 9.0 13.5 8.0 15.0 10.0 11.5 14.0 10.5 16.5 16.0 14.5 18.0 13.5 17.0 19.0 10.5 15.5 15.0 14.0 18.5 8.5 16.0 14.0 17.0 18.0 13.5 9.5 12.5 13.5 8.0 16.0 11.5
12.0 15.0 13.5 12.5 13.0 12.5 15.0 17.0 12.5 16.5 13.0 7.5 10.5 15.0 12.5 14.5 16.5 14.5 11.5 16.0 15.5 15.0 12.5 11.5 6.5 15.0 13.0 13.0 12.5 14.5 10.5 9.0 12.0 12.5 15.5 16.0 10.5 8.0 7.0 11.0 11.5 12.5 8.0 12.5 14.0 15.5 17.5 x 12.0 4.0 15.0 10.5 11.5 12.0 9.0 12.5 10.0 7.5 15.5 10.5 12.5 14.5 14.0 12.5 14.0 9.5 10.0 14.5 13.0 11.5 12.5 11.5 10.5 7.5 12.5 12.5 11.5 15.5 13.5 11.0 14.0 11.0 14.5 12.5 16.0 4.0 17.0 19.0 10.0 11.0 14.0 9.5 9.5 8.5 15.5 8.5 11.5 14.0 11.5 14.0
11.0 7.5 14.5 11.5 7.0 11.0 13.5 16.0 5.0 14.0 12.0 12.0 9.5 11.0 11.5 15.0 17.0 7.0 7.5 10.0 18.5 12.5 16.0 11.0 6.0 12.0 10.0 15.0 10.5 15.0 7.5 16.0 11.5 17.5 9.5 12.5 11.5 12.5 15.5 8.5 11.0 13.5 13.5 11.0 13.5 12.0 6.0 12.0 x 8.5 10.0 13.0 11.0 10.0 8.5 11.5 14.5 10.0 14.0 12.5 10.0 13.0 13.5 12.5 12.0 17.5 9.5 13.5 13.0 11.0 12.0 12.5 14.0 14.0 12.5 13.5 11.0 12.5 13.5 14.5 13.5 12.5 13.5 14.5 17.0 13.5 13.5 17.5 13.0 10.5 13.5 13.5 12.5 13.0 4.0 12.5 11.0 13.5 13.0 10.5
8.0 12.5 12.0 12.5 9.0 10.0 11.0 13.5 10.0 13.5 9.0 4.0 6.5 11.5 8.5 10.5 12.5 12.5 7.5 13.5 11.5 12.5 13.0 8.0 3.0 11.5 10.0 13.0 12.5 10.5 12.5 12.5 8.5 13.0 12.0 12.5 10.5 8.5 10.5 7.5 11.0 8.5 11.5 8.5 10.5 13.0 14.0 4.0 8.5 x 14.0 12.5 11.5 10.0 5.5 10.5 12.0 11.0 11.5 10.0 9.0 11.0 11.5 11.0 14.0 9.5 6.5 10.5 9.5 8.0 9.0 8.0 7.5 11.0 13.5 10.5 8.0 12.5 10.0 7.5 10.5 7.5 15.5 11.5 13.0 7.5 13.5 17.5 13.0 7.5 13.5 6.0 12.0 5.0 12.0 5.0 8.0 13.0 8.0 12.0
11.5 3.0 7.5 11.0 11.5 12.0 9.5 7.0 5.5 11.0 8.0 15.0 10.5 9.5 8.5 13.5 14.5 13.5 8.0 5.5 13.0 12.5 16.5 17.0 11.5 7.5 10.5 15.5 9.0 8.0 8.0 15.5 13.0 11.5 11.5 3.0 8.5 13.0 11.5 9.0 9.0 10.5 7.5 11.5 15.5 7.5 13.0 15.0 10.0 14.0 x 11.0 10.5 10.5 8.5 13.0 9.0 10.5 14.5 12.5 6.0 8.5 7.0 3.0 9.5 12.5 9.0 12.0 11.0 11.0 11.5 14.0 10.5 11.0 5.5 13.0 9.5 10.0 11.5 12.5 8.5 13.0 13.5 11.0 16.0 13.0 12.0 12.0 13.0 8.5 13.0 12.5 11.5 14.0 13.5 13.0 11.0 11.0 12.0 11.5
9.5 12.0 12.0 8.5 12.5 3.0 6.0 8.0 9.0 11.5 8.0 13.0 10.5 8.5 13.5 12.0 16.5 10.5 11.5 14.0 15.0 12.5 14.0 14.0 10.0 16.0 12.5 15.0 3.0 12.0 9.5 11.5 11.5 8.0 11.5 13.5 5.5 12.0 8.5 5.5 10.0 11.5 12.5 6.5 10.5 11.5 12.5 10.5 13.0 12.5 11.0 x 6.0 10.0 10.0 7.0 7.0 10.5 11.0 12.0 13.5 11.0 8.5 11.0 8.5 10.5 9.5 11.0 8.0 9.0 8.0 9.5 5.0 3.0 10.5 12.0 13.5 13.0 12.5 13.5 10.5 9.5 11.5 11.5 10.5 6.5 11.0 15.5 5.5 14.5 8.5 9.0 5.5 12.5 9.5 7.5 12.0 13.5 11.0 10.5
9.5 9.0 9.5 11.5 9.5 8.5 8.5 6.0 6.5 13.5 11.5 13.0 14.0 13.0 13.0 11.5 11.5 14.0 9.0 11.5 9.5 6.5 10.5 11.0 11.5 13.5 11.5 11.0 8.5 11.5 4.0 11.5 13.0 13.5 5.5 13.5 9.5 11.5 5.0 9.5 9.5 13.5 12.5 10.5 8.5 9.5 11.5 11.5 11.0 11.5 10.5 6.0 x 11.5 9.5 6.5 11.0 6.5 14.5 8.5 13.0 8.5 4.0 9.5 3.0 7.5 12.0 12.5 12.0 12.0 13.5 4.0 7.5 6.5 6.5 8.5 12.5 11.0 10.5 12.0 12.0 12.0 13.0 10.5 13.0 10.0 13.0 13.0 4.0 12.5 3.0 8.5 11.0 11.5 11.0 10.0 6.5 11.0 11.0 10.0
13.0 8.0 6.0 6.5 9.5 7.5 10.0 12.5 5.5 12.5 13.0 13.5 11.0 9.5 4.0 12.5 16.0 13.5 3.0 10.5 11.5 14.0 14.5 14.5 7.5 11.0 5.5 14.0 11.0 11.0 8.0 14.0 9.5 14.0 15.0 9.5 9.0 13.0 11.5 5.0 7.5 8.5 12.0 7.5 10.0 12.5 15.5 12.0 10.0 10.0 10.5 10.0 11.5 x 10.0 12.5 11.0 10.5 11.0 11.0 11.5 11.0 12.5 11.0 12.0 8.5 9.5 12.0 8.5 10.0 12.0 14.5 11.5 11.5 8.5 15.0 6.5 8.0 8.5 11.0 4.0 13.0 14.5 9.5 17.0 14.0 12.0 13.0 10.5 9.5 14.0 10.0 13.0 9.5 13.5 10.5 12.5 12.5 8.5 6.0
3.0 8.5 11.5 13.5 8.5 10.0 12.5 13.5 10.0 9.5 8.5 9.0 6.5 11.0 8.5 6.5 14.0 14.5 7.5 9.5 13.5 8.0 13.0 12.5 3.0 11.5 10.0 13.0 9.5 11.5 8.5 10.0 8.5 11.5 14.0 11.5 11.5 9.0 11.0 7.5 10.5 8.5 10.5 5.5 10.5 7.5 11.0 9.0 8.5 5.5 8.5 10.0 9.5 10.0 x 5.5 9.0 6.0 10.5 10.0 4.0 6.0 9.5 6.0 11.0 12.5 6.5 13.5 10.0 3.0 9.0 5.5 10.0 11.0 8.5 5.5 11.0 12.5 13.0 12.5 11.5 9.5 12.5 10.0 9.0 9.5 8.5 15.0 8.0 7.5 11.5 8.0 11.5 10.0 12.0 10.0 3.0 8.0 12.5 7.5
3.0 13.5 8.5 10.5 9.0 9.5 12.0 12.5 11.5 13.5 11.5 14.5 12.0 11.0 13.0 10.5 15.5 12.5 13.0 13.0 14.0 8.0 15.5 11.5 8.0 13.5 14.5 13.0 9.5 15.5 8.5 5.0 10.5 14.5 12.0 13.0 8.5 14.0 10.5 8.5 9.5 14.0 6.0 9.5 7.5 8.5 6.0 12.5 11.5 10.5 13.0 7.0 6.5 12.5 5.5 x 13.0 11.0 10.5 10.0 9.0 10.0 9.5 10.5 9.0 10.5 6.5 13.5 9.5 8.0 9.0 10.0 11.0 5.5 11.0 5.5 15.5 14.0 14.0 12.5 13.5 14.0 16.5 5.0 14.0 9.0 8.5 15.5 3.0 12.0 9.0 12.0 12.0 11.5 15.0 12.0 8.0 8.0 12.5 7.0
12.0 11.5 12.0 11.5 12.0 9.0 11.5 14.0 10.0 10.5 9.5 9.5 12.0 14.5 9.5 8.0 15.5 11.5 12.5 10.5 12.0 15.0 7.5 17.0 11.0 16.0 14.5 13.0 7.5 11.0 12.5 12.5 12.0 3.0 16.0 11.5 11.0 9.0 6.5 6.5 6.0 12.0 14.0 4.0 14.5 9.0 18.0 10.0 14.5 12.0 9.0 7.0 11.0 11.0 9.0 13.0 x 13.5 12.0 10.0 12.5 8.5 12.0 11.5 13.0 4.0 11.0 17.0 11.0 6.5 13.5 11.0 8.5 9.5 9.5 12.0 14.5 11.5 14.0 9.5 8.5 13.0 5.0 9.5 8.5 13.0 12.5 10.5 10.5 10.0 13.5 6.5 10.0 13.0 12.5 11.0 11.5 11.0 12.5 8.5
8.5 8.0 6.0 12.5 14.0 12.0 14.0 12.0 5.5 15.0 14.0 11.0 12.0 9.5 13.5 12.0 16.0 14.5 8.0 10.5 11.5 12.5 12.0 12.5 8.5 12.5 10.5 17.5 12.5 15.0 3.0 11.0 14.0 15.5 12.0 10.5 10.5 13.0 11.0 9.0 11.0 14.0 9.5 11.0 13.0 12.5 14.5 7.5 10.0 11.0 10.5 10.5 6.5 10.5 6.0 11.0 13.5 x 14.5 14.5 9.5 9.5 10.0 11.0 9.0 10.0 12.0 12.0 13.0 8.5 14.5 10.0 13.0 7.5 8.5 9.5 11.5 13.0 14.0 14.5 14.0 14.5 14.5 9.5 14.5 4.0 12.0 15.0 8.5 13.0 9.0 10.5 9.5 11.5 13.5 13.0 8.5 7.0 13.5 13.0
8.0 12.0 16.0 14.5 13.0 8.5 11.0 13.5 9.5 13.5 9.5 11.5 7.0 14.0 10.5 15.0 16.5 12.5 9.5 12.0 17.0 8.5 15.5 13.0 10.5 16.5 12.0 9.5 12.0 12.5 12.0 15.0 15.0 15.0 13.5 16.0 12.5 14.0 10.5 6.0 12.5 11.5 13.5 8.5 16.0 15.5 16.0 15.5 14.0 11.5 14.5 11.0 14.5 11.0 10.5 10.5 12.0 14.5 x 6.5 14.0 11.5 12.0 14.0 11.5 13.0 10.0 16.5 15.0 11.0 12.5 15.5 10.5 13.5 14.0 6.0 6.5 15.0 15.0 15.0 12.0 14.0 16.5 15.0 16.0 17.0 13.5 19.5 11.5 10.0 17.0 11.0 12.5 15.0 17.0 7.5 13.0 8.5 4.0 15.0
7.5 12.5 12.0 9.5 6.5 11.5 9.0 11.5 11.5 12.5 7.0 12.0 9.5 12.5 9.5 13.0 13.5 6.0 8.5 14.0 17.5 12.0 9.5 15.0 7.5 16.0 11.0 3.0 13.0 12.5 12.0 12.5 13.0 9.0 7.0 11.0 7.0 11.5 4.0 8.5 8.5 10.5 7.0 11.0 13.5 9.0 13.5 10.5 12.5 10.0 12.5 12.0 8.5 11.0 10.0 10.0 10.0 14.5 6.5 x 13.5 14.0 6.0 11.5 9.5 6.5 4.0 15.0 9.5 12.5 6.5 12.0 7.5 9.5 9.5 9.5 5.5 13.5 14.0 11.5 11.0 11.5 12.0 9.5 13.0 12.5 13.0 16.0 12.0 12.0 11.0 12.5 15.0 10.5 12.5 6.5 12.0 12.0 3.0 10.0
6.5 5.0 13.0 10.5 12.0 13.5 15.0 12.5 7.5 13.0 12.0 12.5 10.0 10.0 10.5 10.0 17.5 16.5 10.0 7.5 17.0 11.5 16.5 16.0 6.5 9.5 9.0 16.5 11.5 13.5 10.0 13.5 12.0 15.0 17.5 9.0 13.0 12.5 14.5 11.0 12.5 12.0 13.0 9.0 14.0 9.5 13.0 12.5 10.0 9.0 6.0 13.5 13.0 11.5 4.0 9.0 12.5 9.5 14.0 13.5 x 9.5 12.5 8.5 14.5 12.5 10.0 10.0 13.5 6.5 12.5 9.0 13.5 13.0 11.0 9.0 11.5 11.5 12.5 9.0 8.0 13.0 16.0 13.5 12.5 13.0 12.0 16.5 11.5 11.0 15.0 11.5 9.0 13.5 13.5 13.5 6.5 11.5 14.0 11.0
8.5 6.0 15.5 11.5 12.0 8.5 9.0 11.5 8.5 14.0 14.0 13.0 12.0 14.0 9.5 12.0 17.5 13.5 11.0 8.5 12.5 8.5 16.0 8.5 8.5 10.5 13.5 16.5 12.0 12.5 11.0 12.5 12.0 6.0 14.0 11.0 9.0 14.0 10.5 6.0 6.0 14.0 15.5 8.5 16.0 10.5 10.5 14.5 13.0 11.0 8.5 11.0 8.5 11.0 6.0 10.0 8.5 9.5 11.5 14.0 9.5 x 10.5 11.0 11.0 12.0 10.5 16.5 11.0 8.5 13.0 11.0 11.5 11.5 13.5 5.5 12.5 14.0 14.0 9.5 11.5 12.5 13.0 14.5 14.5 13.0 14.0 13.5 11.5 13.0 6.0 11.0 14.5 15.5 16.5 14.0 8.5 3.0 14.5 8.5
7.0 9.5 11.5 9.5 10.5 11.5 12.0 9.5 10.0 12.5 12.5 14.5 15.0 15.0 13.5 13.0 8.0 11.5 12.5 12.0 12.5 10.0 13.5 13.5 12.0 14.0 15.0 8.5 9.5 12.5 7.5 14.0 10.5 14.5 9.0 9.5 6.5 14.0 7.5 11.5 9.5 10.0 12.5 8.5 12.0 13.0 8.0 14.0 13.5 11.5 7.0 8.5 4.0 12.5 9.5 9.5 12.0 10.0 12.0 6.0 12.5 10.5 x 9.5 6.5 10.0 9.5 16.0 9.0 11.0 12.0 7.5 4.0 9.0 10.0 9.5 11.0 14.0 14.0 13.0 11.5 14.0 13.5 13.0 9.5 12.5 12.5 11.0 7.5 14.5 6.5 11.0 12.0 13.5 14.5 6.5 10.0 8.0 8.5 7.0
8.5 5.5 5.5 8.5 10.0 11.5 12.0 9.5 8.0 9.5 5.0 12.0 7.5 9.0 11.0 12.0 12.5 10.5 10.5 4.0 11.0 10.5 14.5 14.0 8.5 10.0 10.5 13.5 10.5 10.5 10.5 15.0 13.5 11.5 9.5 5.5 6.0 12.5 8.5 9.0 10.5 9.5 5.0 8.5 12.5 10.0 11.5 12.5 12.5 11.0 3.0 11.0 9.5 11.0 6.0 10.5 11.5 11.0 14.0 11.5 8.5 11.0 9.5 x 6.5 10.5 11.5 11.5 8.5 8.5 14.0 11.0 8.5 8.5 3.0 11.0 12.0 7.5 14.0 14.0 11.0 15.0 14.0 9.0 14.0 10.5 9.5 9.5 11.0 6.0 12.0 11.0 13.0 13.0 15.0 11.0 8.5 13.5 14.0 11.0
8.5 11.5 6.5 14.0 12.0 11.0 8.5 6.0 9.0 11.0 11.5 15.5 12.5 10.0 15.0 12.5 10.5 15.0 11.5 10.5 12.0 4.0 13.0 8.5 13.5 14.0 11.5 12.0 11.0 14.0 6.5 14.0 10.5 16.0 3.0 11.0 12.0 14.0 7.5 12.0 12.0 16.0 9.5 9.5 10.0 12.0 14.0 14.0 12.0 14.0 9.5 8.5 3.0 12.0 11.0 9.0 13.0 9.0 11.5 9.5 14.5 11.0 6.5 6.5 x 10.0 12.0 10.0 14.0 12.0 14.5 6.5 10.0 9.0 4.0 6.0 14.5 8.5 10.5 14.5 14.5 12.0 15.0 10.0 15.5 12.5 10.5 10.5 6.5 10.0 5.5 11.0 13.5 14.0 8.5 12.5 9.0 8.5 12.0 12.5
11.0 15.0 9.5 7.5 12.0 12.5 13.0 11.5 13.5 14.0 6.0 6.0 8.5 11.5 11.0 11.5 17.0 12.0 11.5 14.0 15.0 11.0 8.5 15.5 12.0 18.5 13.5 9.0 11.0 13.0 11.0 14.0 13.0 6.5 13.0 10.5 9.0 10.5 3.0 10.0 7.5 10.5 13.0 7.5 13.5 12.5 16.0 9.5 17.5 9.5 12.5 10.5 7.5 8.5 12.5 10.5 4.0 10.0 13.0 6.5 12.5 12.0 10.0 10.5 10.0 x 10.0 14.0 11.5 10.0 12.5 11.0 6.5 11.5 8.5 8.5 10.5 13.0 15.5 9.5 5.0 9.5 8.5 6.0 12.0 13.0 14.0 14.0 11.0 13.5 10.0 10.0 13.5 9.5 16.0 9.0 11.5 11.0 9.0 10.0
4.0 11.0 15.0 7.5 3.0 7.5 10.0 12.5 8.5 10.5 10.0 10.0 7.5 12.0 9.5 13.0 15.0 9.5 8.5 13.0 16.0 9.0 13.0 13.5 4.0 12.5 11.0 6.5 11.0 11.5 11.0 9.5 9.5 12.5 10.5 11.5 9.5 11.5 7.5 5.0 9.0 11.5 10.5 7.5 9.5 12.5 10.5 10.0 9.5 6.5 9.0 9.5 12.0 9.5 6.5 6.5 11.0 12.0 10.0 4.0 10.0 10.5 9.5 11.5 12.0 10.0 x 14.5 9.0 9.0 3.0 8.5 11.0 7.0 13.0 6.5 9.0 13.5 14.0 12.5 10.0 8.0 15.5 11.0 15.0 10.5 9.5 14.5 9.0 8.5 14.5 10.0 13.0 11.0 13.0 10.0 8.5 9.0 6.5 6.5
11.0 14.5 6.5 12.0 16.5 8.5 11.0 13.5 14.5 14.5 14.0 10.5 15.0 3.0 14.0 12.5 13.5 17.5 14.5 15.5 12.0 13.5 17.0 16.5 13.5 16.0 13.0 15.5 13.5 8.5 14.5 17.0 16.5 18.5 12.5 9.5 13.5 15.5 11.5 11.0 16.0 11.0 14.5 13.5 16.0 15.5 19.0 14.5 13.5 10.5 12.0 11.0 12.5 12.0 13.5 13.5 17.0 12.0 16.5 15.0 10.0 16.5 16.0 11.5 10.0 14.0 14.5 x 10.5 16.0 17.0 16.0 14.0 13.5 9.0 13.5 14.5 13.5 9.5 14.0 11.5 14.0 18.5 10.0 17.5 13.5 5.5 15.5 14.5 14.5 15.0 13.0 16.0 6.0 17.0 14.5 16.0 16.0 17.0 13.0
12.5 12.0 13.0 5.5 6.5 7.0 9.5 10.5 13.0 4.0 13.0 13.0 15.5 12.5 9.5 4.0 13.0 7.5 11.5 9.5 13.5 10.5 11.5 6.0 12.5 12.5 13.0 8.0 11.0 13.0 14.0 12.5 6.5 14.0 13.5 13.5 3.0 11.0 9.0 9.5 5.5 12.0 13.0 10.0 13.0 12.0 9.0 13.0 13.0 9.5 11.0 8.0 12.0 8.5 10.0 9.5 11.0 13.0 15.0 9.5 13.5 11.0 9.0 8.5 14.0 11.5 9.0 10.5 x 7.5 11.5 12.0 5.5 5.5 11.0 13.0 10.5 10.5 11.5 9.0 8.0 10.0 13.5 10.0 11.0 9.0 12.0 11.5 8.0 14.0 13.0 8.5 13.0 5.0 16.5 8.0 12.0 11.5 11.5 3.0
5.5 9.5 11.0 13.0 8.5 8.0 10.5 10.5 9.0 6.5 10.5 11.5 9.0 13.5 10.5 4.0 14.5 12.0 10.0 12.0 11.0 10.5 13.5 13.0 5.5 14.0 12.5 12.5 6.5 8.5 11.0 12.5 8.5 9.0 13.0 14.0 10.0 8.0 11.0 5.5 7.5 6.0 13.0 3.0 13.0 5.0 13.5 11.5 11.0 8.0 11.0 9.0 12.0 10.0 3.0 8.0 6.5 8.5 11.0 12.5 6.5 8.5 11.0 8.5 12.0 10.0 9.0 16.0 7.5 x 11.5 8.0 7.5 11.5 8.5 8.0 13.0 13.0 11.5 10.0 10.5 12.0 11.0 12.5 10.0 12.0 11.0 13.5 10.0 10.0 12.0 5.5 9.0 12.0 11.5 9.5 5.5 10.5 13.0 5.0
6.5 13.5 17.5 10.0 5.5 10.0 12.5 15.0 11.0 8.0 12.5 12.5 10.0 14.5 12.0 10.5 14.5 12.0 11.0 13.5 18.0 11.5 15.5 16.0 6.5 15.0 13.5 9.0 10.5 14.0 13.5 7.0 12.0 15.0 13.0 14.0 12.0 14.0 10.0 7.5 11.5 14.0 13.0 10.0 7.0 15.0 8.0 12.5 12.0 9.0 11.5 8.0 13.5 12.0 9.0 9.0 13.5 14.5 12.5 6.5 12.5 13.0 12.0 14.0 14.5 12.5 3.0 17.0 11.5 11.5 x 11.0 12.5 9.5 15.5 9.0 11.5 16.0 13.5 15.0 12.5 10.5 18.0 13.5 17.5 13.0 12.0 17.0 11.5 11.0 12.0 12.5 13.0 13.5 15.5 12.5 11.0 11.5 9.0 9.0
8.5 12.5 13.0 10.5 6.0 12.0 12.0 9.5 10.0 12.5 8.5 11.5 11.0 15.5 14.0 9.5 15.0 11.5 12.5 15.0 10.5 10.0 14.0 14.5 8.5 17.0 15.0 14.5 11.5 9.5 7.5 13.0 11.5 14.0 9.0 16.0 13.0 7.5 8.5 10.5 12.0 12.0 13.5 7.5 12.0 13.0 15.0 11.5 12.5 8.0 14.0 9.5 4.0 14.5 5.5 10.0 11.0 10.0 15.5 12.0 9.0 11.0 7.5 11.0 6.5 11.0 8.5 16.0 12.0 8.0 11.0 x 11.0 10.0 10.0 10.5 15.5 14.0 14.0 9.5 13.0 14.5 15.5 13.5 12.5 11.5 13.5 16.5 7.5 12.5 6.5 5.0 13.5 12.5 14.5 12.5 3.0 13.0 14.5 9.5
10.5 13.0 8.0 5.5 10.0 7.5 10.0 12.5 10.5 9.5 11.5 11.5 14.0 11.5 11.5 9.0 11.5 7.5 10.5 12.0 11.5 12.0 9.5 11.0 10.5 17.5 13.0 10.0 6.0 9.5 11.0 15.0 12.0 11.0 12.5 12.5 3.0 10.0 4.0 7.5 8.5 6.5 13.0 5.0 13.0 12.0 10.0 10.5 14.0 7.5 10.5 5.0 7.5 11.5 10.0 11.0 8.5 13.0 10.5 7.5 13.5 11.5 4.0 8.5 10.0 6.5 11.0 14.0 5.5 7.5 12.5 11.0 x 5.5 9.5 9.5 9.5 10.5 15.5 11.5 8.0 13.5 9.5 9.5 6.0 9.0 12.0 14.5 8.0 14.0 10.0 7.5 8.5 10.0 12.5 3.0 12.5 11.5 6.5 8.0
8.5 13.5 13.0 5.5 9.5 5.5 8.0 10.5 11.5 9.5 10.5 15.0 13.0 11.0 14.0 9.0 15.5 7.5 14.0 12.0 15.5 12.5 13.5 11.0 10.5 14.5 13.0 12.0 5.5 13.5 8.5 10.5 9.0 10.5 12.0 13.5 3.0 12.5 9.0 8.0 11.0 10.5 9.5 9.0 7.5 8.5 11.5 7.5 14.0 11.0 11.0 3.0 6.5 11.5 11.0 5.5 9.5 7.5 13.5 9.5 13.0 11.5 9.0 8.5 9.0 11.5 7.0 13.5 5.5 11.5 9.5 10.0 5.5 x 11.0 10.5 13.5 10.5 14.0 13.0 8.0 11.5 14.0 10.0 11.0 4.0 12.0 16.5 3.0 14.0 9.0 10.0 8.0 10.0 12.0 7.0 11.5 13.0 10.5 8.0
11.0 8.0 3.0 11.0 12.5 11.0 12.0 9.5 8.0 12.0 7.5 14.0 9.0 6.5 12.0 12.0 13.0 13.0 10.5 6.5 8.5 7.5 11.5 12.0 11.0 12.5 7.5 12.0 8.0 12.0 10.0 15.5 10.5 12.0 6.5 7.5 8.5 11.0 6.0 8.5 10.5 12.0 6.0 6.0 13.5 12.5 14.0 12.5 12.5 13.5 5.5 10.5 6.5 8.5 8.5 11.0 9.5 8.5 14.0 9.5 11.0 13.5 10.0 3.0 4.0 8.5 13.0 9.0 11.0 8.5 15.5 10.0 9.5 11.0 x 9.5 13.5 5.0 11.0 13.0 12.0 13.5 11.5 6.5 14.0 11.5 7.0 7.0 10.0 8.5 9.0 8.5 10.5 12.5 12.0 12.0 11.0 12.0 12.0 13.0
3.0 10.5 12.0 10.0 9.0 13.5 11.0 8.5 11.5 13.5 14.0 14.0 12.0 11.0 14.0 12.0 16.0 15.0 13.0 8.0 16.5 3.0 11.5 7.5 8.0 15.0 11.5 12.0 14.5 16.5 12.0 10.0 9.5 11.5 8.5 15.5 12.0 13.5 6.0 11.0 10.5 14.0 11.0 11.0 13.0 13.0 10.5 12.5 13.5 10.5 13.0 12.0 8.5 15.0 5.5 5.5 12.0 9.5 6.0 9.5 9.0 5.5 9.5 11.0 6.0 8.5 6.5 13.5 13.0 8.0 9.0 10.5 9.5 10.5 9.5 x 12.0 9.0 13.0 13.5 11.5 13.0 14.0 10.0 14.0 13.0 8.5 16.0 8.0 12.5 11.0 13.0 16.5 12.5 11.5 12.0 8.0 3.0 9.5 12.0
13.0 7.0 12.0 8.5 12.0 12.5 11.5 14.0 6.5 7.0 12.5 11.5 12.0 15.5 9.5 9.5 16.5 11.5 4.0 9.5 15.0 15.0 15.0 15.5 8.5 11.5 6.5 8.5 14.5 12.5 9.0 18.0 12.0 14.5 12.5 11.5 11.0 14.0 9.5 10.0 11.5 10.5 12.5 12.5 16.0 11.5 16.5 11.5 11.0 8.0 9.5 13.5 12.5 6.5 11.0 15.5 14.5 11.5 6.5 5.5 11.5 12.5 11.0 12.0 14.5 10.5 9.0 14.5 10.5 13.0 11.5 15.5 9.5 13.5 13.5 12.0 x 9.0 10.0 15.0 6.0 8.0 15.5 14.5 15.0 15.0 15.0 14.0 14.5 13.0 15.0 13.5 14.0 9.0 14.5 6.5 13.5 14.5 3.0 12.0
11.5 10.5 7.5 10.5 13.0 12.5 13.0 11.0 8.0 14.5 12.0 13.0 13.5 11.0 11.0 14.0 10.0 12.5 5.5 11.0 11.0 11.5 9.5 16.0 10.0 8.5 3.0 16.5 12.5 16.5 10.5 16.0 6.0 14.5 11.0 12.0 8.0 14.0 10.5 11.5 12.0 14.5 10.5 10.5 13.0 13.0 16.0 15.5 12.5 12.5 10.0 13.0 11.0 8.0 12.5 14.0 11.5 13.0 15.0 13.5 11.5 14.0 14.0 7.5 8.5 13.0 13.5 13.5 10.5 13.0 16.0 14.0 10.5 10.5 5.0 9.0 9.0 x 6.5 10.0 11.5 9.5 7.0 11.0 10.5 14.0 11.5 10.5 13.0 13.0 13.5 13.0 15.0 13.0 16.0 11.0 14.5 11.5 11.0 9.5
15.0 10.5 10.5 14.5 15.0 10.0 7.5 5.0 9.0 14.0 10.5 13.5 13.0 7.0 5.0 11.5 9.5 16.5 6.5 13.0 5.0 10.5 13.5 15.0 10.5 7.0 4.0 17.0 15.0 12.0 12.0 15.0 12.0 17.0 13.0 13.5 14.0 8.0 13.0 12.5 8.5 9.5 17.0 13.0 7.0 7.0 14.5 13.5 13.5 10.0 11.5 12.5 10.5 8.5 13.0 14.0 14.0 14.0 15.0 14.0 12.5 14.0 14.0 14.0 10.5 15.5 14.0 9.5 11.5 11.5 13.5 14.0 15.5 14.0 11.0 13.0 10.0 6.5 x 12.0 12.0 11.0 11.0 14.0 10.5 14.5 9.5 11.5 11.5 10.5 11.5 10.5 16.5 7.0 17.0 13.0 15.5 15.5 11.5 11.0
15.0 11.5 11.5 8.0 10.0 11.5 11.0 13.5 14.0 12.5 11.0 4.0 8.5 11.5 7.5 9.5 15.5 11.5 14.0 10.5 10.5 16.0 13.5 15.0 10.0 16.0 12.5 14.0 11.5 9.5 15.5 10.5 10.0 12.0 17.0 15.0 10.5 7.5 8.0 10.5 4.0 12.0 13.5 7.5 17.0 7.0 18.0 11.0 14.5 7.5 12.5 13.5 12.0 11.0 12.5 12.5 9.5 14.5 15.0 11.5 9.0 9.5 13.0 14.0 14.5 9.5 12.5 14.0 9.0 10.0 15.0 9.5 11.5 13.0 13.0 13.5 15.0 10.0 12.0 x 10.5 7.5 14.0 8.0 12.5 11.0 14.0 15.0 12.5 13.0 12.5 5.0 13.5 12.0 16.0 12.0 12.0 12.0 12.5 6.5
14.0 11.0 9.5 3.0 7.5 11.0 13.5 15.0 9.0 12.0 10.5 10.5 13.0 12.0 7.5 12.0 13.5 10.0 6.5 13.5 15.0 14.5 13.0 14.0 11.0 14.5 9.0 13.5 11.5 9.0 11.5 17.0 13.0 11.0 16.0 6.0 5.5 13.0 7.5 8.5 11.0 11.5 15.5 8.0 13.5 15.0 13.5 14.0 13.5 10.5 8.5 10.5 12.0 4.0 11.5 13.5 8.5 14.0 12.0 11.0 8.0 11.5 11.5 11.0 14.5 5.0 10.0 11.5 8.0 10.5 12.5 13.0 8.0 8.0 12.0 11.5 6.0 11.5 12.0 10.5 x 10.0 13.0 10.5 13.5 11.5 9.5 16.5 10.5 13.0 14.5 10.5 14.0 6.0 16.5 10.5 13.0 9.0 8.5 9.5
11.5 14.0 11.0 11.0 10.5 7.0 4.0 6.5 12.5 13.5 11.0 4.0 8.5 11.5 12.5 13.0 18.0 17.0 11.5 13.5 13.5 10.5 8.5 15.0 7.0 9.5 11.5 14.0 11.5 15.5 15.0 16.5 4.0 16.0 14.5 15.5 13.0 9.5 12.0 9.0 10.0 14.5 14.0 11.5 14.5 14.0 17.0 11.0 12.5 7.5 13.0 9.5 12.0 13.0 9.5 14.0 13.0 14.5 14.0 11.5 13.0 12.5 14.0 15.0 12.0 9.5 8.0 14.0 10.0 12.0 10.5 14.5 13.5 11.5 13.5 13.0 8.0 9.5 11.0 7.5 10.0 x 11.0 14.5 14.5 14.5 14.0 16.0 13.0 11.5 14.5 12.0 14.0 11.5 16.0 12.0 12.0 15.0 10.5 7.5
15.5 16.0 14.0 14.0 15.0 10.5 8.0 10.5 14.5 13.5 14.0 14.0 16.5 16.0 14.0 11.0 14.5 7.0 12.0 15.0 9.5 14.0 3.0 14.5 13.0 13.0 9.5 15.0 12.0 15.5 17.0 12.0 7.5 7.5 17.5 16.0 11.5 13.5 8.5 11.0 10.5 16.0 17.0 8.5 16.5 13.5 19.0 14.5 13.5 15.5 13.5 11.5 13.0 14.5 12.5 16.5 5.0 14.5 16.5 12.0 16.0 13.0 13.5 14.0 15.0 8.5 15.5 18.5 13.5 11.0 18.0 15.5 9.5 14.0 11.5 14.0 15.5 7.0 11.0 14.0 13.0 11.0 x 14.0 4.0 16.5 17.0 12.0 15.0 14.5 15.5 11.0 11.0 15.0 17.0 12.0 15.0 15.5 14.5 11.0
7.5 14.0 4.0 13.0 13.5 13.0 15.5 15.0 14.0 13.5 11.5 11.5 12.5 7.5 13.0 13.5 14.0 15.0 12.0 13.0 9.5 12.5 11.5 15.5 9.0 17.5 14.0 12.0 14.0 13.0 12.0 9.5 14.5 12.0 13.0 8.5 12.0 13.5 6.0 13.0 10.5 15.5 11.0 12.0 12.0 13.0 10.5 12.5 14.5 11.5 11.0 11.5 10.5 9.5 10.0 5.0 9.5 9.5 15.0 9.5 13.5 14.5 13.0 9.0 10.0 6.0 11.0 10.0 10.0 12.5 13.5 13.5 9.5 10.0 6.5 10.0 14.5 11.0 14.0 8.0 10.5 14.5 14.0 x 15.0 13.0 10.0 13.0 7.5 13.5 13.0 12.5 16.5 12.5 18.0 12.0 11.0 12.5 12.0 11.5
11.5 15.5 11.5 11.0 15.5 13.0 11.5 14.0 13.0 15.0 14.0 16.5 15.0 15.0 15.0 12.5 10.5 10.5 15.5 17.5 6.0 16.5 6.5 16.5 11.5 16.5 13.0 15.5 11.5 12.5 15.5 15.5 11.0 11.0 18.0 16.0 8.5 10.5 9.5 13.0 14.0 12.0 16.5 11.0 17.0 14.5 15.5 16.0 17.0 13.0 16.0 10.5 13.0 17.0 9.0 14.0 8.5 14.5 16.0 13.0 12.5 14.5 9.5 14.0 15.5 12.0 15.0 17.5 11.0 10.0 17.5 12.5 6.0 11.0 14.0 14.0 15.0 10.5 10.5 12.5 13.5 14.5 4.0 15.0 x 14.5 17.0 15.5 13.5 16.0 12.5 8.0 14.0 15.5 14.0 8.5 11.5 16.5 12.0 13.5
12.0 11.5 9.5 9.0 13.0 9.0 11.5 14.0 9.0 13.0 14.0 11.0 11.5 13.0 15.0 11.5 15.5 11.0 11.5 14.0 12.5 16.0 14.5 14.5 10.0 16.0 14.0 14.5 9.0 11.5 6.5 12.5 12.5 14.0 15.5 14.0 6.5 9.5 10.5 11.5 14.5 14.0 6.0 9.5 11.0 12.0 15.0 4.0 13.5 7.5 13.0 6.5 10.0 14.0 9.5 9.0 13.0 4.0 17.0 12.5 13.0 13.0 12.5 10.5 12.5 13.0 10.5 13.5 9.0 12.0 13.0 11.5 9.0 4.0 11.5 13.0 15.0 14.0 14.5 11.0 11.5 14.5 16.5 13.0 14.5 x 15.5 18.0 6.5 14.5 12.5 7.0 6.0 8.0 15.5 10.5 12.0 10.5 14.0 11.5
6.0 14.5 6.5 7.0 11.5 8.5 11.0 13.5 14.5 15.0 14.0 10.5 14.5 3.0 14.0 12.5 16.5 14.0 14.5 13.0 12.0 11.0 17.0 15.5 11.0 16.0 13.0 15.5 12.5 8.5 14.5 13.0 13.5 15.0 13.0 9.5 9.5 14.0 11.5 11.0 12.5 11.0 12.5 9.0 16.0 16.0 14.0 17.0 13.5 13.5 12.0 11.0 13.0 12.0 8.5 8.5 12.5 12.0 13.5 13.0 12.0 14.0 12.5 9.5 10.5 14.0 9.5 5.5 12.0 11.0 12.0 13.5 12.0 12.0 7.0 8.5 15.0 11.5 9.5 14.0 9.5 14.0 17.0 10.0 17.0 15.5 x 13.5 11.0 14.5 15.5 11.5 15.0 11.0 14.0 14.5 11.0 11.0 16.0 10.0
17.5 14.5 9.5 16.5 12.0 17.5 18.5 16.0 13.0 15.5 14.0 19.0 15.5 13.0 15.5 15.5 18.5 13.0 10.5 13.0 15.0 14.0 14.5 17.5 15.0 13.5 8.0 18.5 14.5 18.5 15.5 18.5 12.5 8.0 13.0 14.0 14.5 17.5 12.5 15.0 11.5 18.5 12.5 12.5 18.0 18.0 18.5 19.0 17.5 17.5 12.0 15.5 13.0 13.0 15.0 15.5 10.5 15.0 19.5 16.0 16.5 13.5 11.0 9.5 10.5 14.0 14.5 15.5 11.5 13.5 17.0 16.5 14.5 16.5 7.0 16.0 14.0 10.5 11.5 15.0 16.5 16.0 12.0 13.0 15.5 18.0 13.5 x 16.5 15.0 15.5 15.0 17.0 16.0 18.5 17.0 18.0 16.0 16.0 9.0
5.5 10.5 11.0 8.0 11.5 8.0 10.5 9.5 8.5 10.5 9.0 15.5 11.5 13.5 14.0 8.0 12.5 10.0 11.0 13.0 13.0 10.0 14.0 9.0 10.5 15.0 13.5 14.5 8.0 12.5 6.0 7.5 11.5 13.0 9.0 12.0 5.5 12.0 8.5 6.0 12.0 13.0 8.5 7.0 5.0 6.0 8.5 10.0 13.0 13.0 13.0 5.5 4.0 10.5 8.0 3.0 10.5 8.5 11.5 12.0 11.5 11.5 7.5 11.0 6.5 11.0 9.0 14.5 8.0 10.0 11.5 7.5 8.0 3.0 10.0 8.0 14.5 13.0 11.5 12.5 10.5 13.0 15.0 7.5 13.5 6.5 11.0 16.5 x 14.5 6.5 9.5 10.5 9.0 14.5 9.5 9.0 10.5 13.0 9.5
10.0 11.0 11.0 14.0 11.0 12.0 14.5 15.0 12.0 15.0 10.5 11.0 8.5 12.0 6.0 14.0 7.0 16.0 9.5 9.5 11.5 13.5 15.0 15.0 5.0 13.5 12.0 14.5 16.0 13.0 14.5 16.0 10.5 12.5 12.5 11.0 11.5 7.0 14.0 9.5 10.0 10.5 10.5 12.0 12.5 11.0 16.0 11.0 10.5 7.5 8.5 14.5 12.5 9.5 7.5 12.0 10.0 13.0 10.0 12.0 11.0 13.0 14.5 6.0 10.0 13.5 8.5 14.5 14.0 10.0 11.0 12.5 14.0 14.0 8.5 12.5 13.0 13.0 10.5 13.0 13.0 11.5 14.5 13.5 16.0 14.5 14.5 15.0 14.5 x 15.0 9.5 14.0 12.0 14.0 12.0 10.0 15.0 12.5 12.0
12.0 11.5 12.0 14.5 12.0 11.0 11.0 8.5 9.0 15.5 14.0 15.5 16.5 14.5 15.0 12.5 11.5 14.5 11.5 14.0 7.0 9.0 13.0 13.5 14.0 16.0 14.0 13.5 11.0 9.0 6.5 14.0 15.5 11.5 8.0 16.0 12.0 10.5 7.5 11.5 11.5 11.5 15.0 10.5 11.0 12.0 14.0 14.0 13.5 13.5 13.0 8.5 3.0 14.0 11.5 9.0 13.5 9.0 17.0 11.0 15.0 6.0 6.5 12.0 5.5 10.0 14.5 15.0 13.0 12.0 12.0 6.5 10.0 9.0 9.0 11.0 15.0 13.5 11.5 12.5 14.5 14.5 15.5 13.0 12.5 12.5 15.5 15.5 6.5 15.0 x 8.0 13.5 14.0 13.5 12.5 9.0 8.5 13.5 12.5
10.5 11.5 11.0 12.5 10.5 8.0 10.5 11.5 9.0 7.5 12.0 8.5 12.0 10.5 12.0 5.0 10.5 7.0 11.5 13.0 6.0 14.5 14.0 13.5 8.5 16.0 14.0 12.5 6.5 5.0 11.5 15.0 14.0 9.0 13.5 15.0 10.0 3.0 10.5 5.5 8.5 7.5 9.0 3.0 14.0 10.0 17.0 9.5 13.5 6.0 12.5 9.0 8.5 10.0 8.0 12.0 6.5 10.5 11.0 12.5 11.5 11.0 11.0 11.0 11.0 10.0 10.0 13.0 8.5 5.5 12.5 5.0 7.5 10.0 8.5 13.0 13.5 13.0 10.5 5.0 10.5 12.0 11.0 12.5 8.0 7.0 11.5 15.0 9.5 9.5 8.0 x 9.0 10.5 11.5 10.0 7.5 13.5 13.5 10.0
14.0 10.5 13.0 13.0 16.0 8.0 10.5 13.0 8.0 15.0 8.5 10.5 6.0 13.5 15.0 13.0 18.0 15.0 10.5 13.0 15.0 16.5 9.0 18.5 9.5 15.0 13.0 16.0 3.0 14.0 10.5 14.5 13.5 13.0 15.0 14.0 11.0 12.0 12.0 9.0 15.0 13.0 11.5 6.5 15.5 13.5 18.0 9.5 12.5 12.0 11.5 5.5 11.0 13.0 11.5 12.0 10.0 9.5 12.5 15.0 9.0 14.5 12.0 13.0 13.5 13.5 13.0 16.0 13.0 9.0 13.0 13.5 8.5 8.0 10.5 16.5 14.0 15.0 16.5 13.5 14.0 14.0 11.0 16.5 14.0 6.0 15.0 17.0 10.5 14.0 13.5 9.0 x 13.5 9.5 11.0 14.0 15.5 14.5 13.5
12.5 14.5 12.0 8.5 11.0 10.5 8.0 10.5 14.5 8.5 13.5 8.5 11.0 8.5 11.5 8.5 8.0 12.0 12.0 14.0 11.5 15.0 12.5 10.5 7.5 13.5 10.5 12.5 15.5 14.0 14.0 16.0 11.0 16.0 15.5 11.5 7.5 13.0 7.0 12.0 10.0 13.0 13.5 13.0 13.5 10.0 13.5 8.5 13.0 5.0 14.0 12.5 11.5 9.5 10.0 11.5 13.0 11.5 15.0 10.5 13.5 15.5 13.5 13.0 14.0 9.5 11.0 6.0 5.0 12.0 13.5 12.5 10.0 10.0 12.5 12.5 9.0 13.0 7.0 12.0 6.0 11.5 15.0 12.5 15.5 8.0 11.0 16.0 9.0 12.0 14.0 10.5 13.5 x 16.0 9.5 12.5 14.5 11.5 7.5
14.0 11.0 15.0 15.0 10.5 12.0 14.5 14.0 8.5 17.5 15.5 15.5 13.0 14.5 15.0 15.0 13.5 10.5 11.0 14.0 17.0 9.0 18.0 13.5 9.5 15.5 13.5 15.0 7.0 16.0 11.0 18.5 15.0 15.0 6.0 16.0 15.0 14.0 16.0 11.5 14.5 17.0 17.0 9.0 17.0 15.5 9.5 15.5 4.0 12.0 13.5 9.5 11.0 13.5 12.0 15.0 12.5 13.5 17.0 12.5 13.5 16.5 14.5 15.0 8.5 16.0 13.0 17.0 16.5 11.5 15.5 14.5 12.5 12.0 12.0 11.5 14.5 16.0 17.0 16.0 16.5 16.0 17.0 18.0 14.0 15.5 14.0 18.5 14.5 14.0 13.5 11.5 9.5 16.0 x 15.0 14.5 14.0 15.0 14.0
12.5 10.5 10.5 8.0 12.5 10.0 12.5 14.0 8.0 12.0 8.5 8.5 11.0 12.0 8.5 11.5 14.0 10.0 8.0 13.0 14.0 14.5 12.0 12.5 7.5 15.0 10.5 9.5 8.5 6.5 10.5 14.0 13.0 13.5 13.5 15.0 5.5 12.5 6.5 10.0 11.0 4.0 13.5 7.5 14.0 14.0 12.5 8.5 12.5 5.0 13.0 7.5 10.0 10.5 10.0 12.0 11.0 13.0 7.5 6.5 13.5 14.0 6.5 11.0 12.5 9.0 10.0 14.5 8.0 9.5 12.5 12.5 3.0 7.0 12.0 12.0 6.5 11.0 13.0 12.0 10.5 12.0 12.0 12.0 8.5 10.5 14.5 17.0 9.5 12.0 12.5 10.0 11.0 9.5 15.0 x 12.5 14.0 4.0 10.5
5.5 11.0 14.0 10.5 6.0 12.5 14.0 11.5 12.5 12.0 6.0 11.5 8.5 13.5 11.0 9.0 16.5 14.0 10.0 12.0 13.0 10.5 13.5 15.0 5.5 14.0 12.5 15.0 12.0 12.0 10.0 12.5 9.0 14.0 11.5 14.0 13.0 10.0 11.0 10.0 12.0 10.5 13.0 8.0 13.0 10.0 13.5 11.5 11.0 8.0 11.0 12.0 6.5 12.5 3.0 8.0 11.5 8.5 13.0 12.0 6.5 8.5 10.0 8.5 9.0 11.5 8.5 16.0 12.0 5.5 11.0 3.0 12.5 11.5 11.0 8.0 13.5 14.5 15.5 12.0 13.0 12.0 15.0 11.0 11.5 12.0 11.0 18.0 9.0 10.0 9.0 7.5 14.0 12.5 14.5 12.5 x 10.5 14.5 9.5
5.5 8.5 12.5 11.5 11.5 11.0 11.5 11.0 11.0 15.0 16.5 15.5 14.5 13.5 12.0 14.5 15.5 16.0 13.5 10.5 14.0 5.5 14.0 6.0 10.5 13.0 14.0 14.5 13.0 15.0 9.5 12.5 12.0 8.5 11.0 13.5 11.5 16.0 8.5 8.5 8.5 16.5 13.5 11.0 15.5 13.0 8.0 14.0 13.5 13.0 11.0 13.5 11.0 12.5 8.0 8.0 11.0 7.0 8.5 12.0 11.5 3.0 8.0 13.5 8.5 11.0 9.0 16.0 11.5 10.5 11.5 13.0 11.5 13.0 12.0 3.0 14.5 11.5 15.5 12.0 9.0 15.0 15.5 12.5 16.5 10.5 11.0 16.0 10.5 15.0 8.5 13.5 15.5 14.5 14.0 14.0 10.5 x 12.0 11.0
10.0 9.5 14.0 11.0 9.0 12.0 11.5 14.0 8.5 9.5 9.5 11.5 10.5 15.0 7.0 12.0 16.0 8.5 6.0 12.0 16.0 12.0 12.0 15.5 10.0 14.0 8.5 5.5 12.0 10.0 11.0 15.0 14.5 11.5 9.5 13.5 9.0 14.0 6.5 9.5 9.0 7.5 10.0 11.0 16.0 11.5 16.0 11.5 13.0 8.0 12.0 11.0 11.0 8.5 12.5 12.5 12.5 13.5 4.0 3.0 14.0 14.5 8.5 14.0 12.0 9.0 6.5 17.0 11.5 13.0 9.0 14.5 6.5 10.5 12.0 9.5 3.0 11.0 11.5 12.5 8.5 10.5 14.5 12.0 12.0 14.0 16.0 16.0 13.0 12.5 13.5 13.5 14.5 11.5 15.0 4.0 14.5 12.0 x 11.5
9.5 12.0 11.5 8.0 4.0 9.5 11.0 13.0 11.0 6.5 13.5 10.0 13.0 12.5 6.5 6.5 14.5 10.0 8.5 9.5 13.5 10.5 8.5 8.5 9.5 9.5 11.0 10.5 11.0 13.0 13.5 9.5 4.0 11.0 15.0 14.0 5.5 12.5 7.5 10.0 3.0 10.5 12.5 7.5 14.0 9.5 11.5 14.0 10.5 12.0 11.5 10.5 10.0 6.0 7.5 7.0 8.5 13.0 15.0 10.0 11.0 8.5 7.0 11.0 12.5 10.0 6.5 13.0 3.0 5.0 9.0 9.5 8.0 8.0 13.0 12.0 12.0 9.5 11.0 6.5 9.5 7.5 11.0 11.5 13.5 11.5 10.0 9.0 9.5 12.0 12.5 10.0 13.5 7.5 14.0 10.5 9.5 11.0 11.5 x
