40
20
Kled Lulu Skarner Shen Zeus Syndra Mirana Lycan Nocturne Rammus Renekton Gragas Visage Sven AncientApparition Nidalee Slardar ElderTitan Sion Xayah Yorick Timbersaw Axe EarthSpirit Blitzcrank Olaf Braum Jax Tidehunter TreantProtector Juggernaut Leshrac Twitch Tinker Sona EmberSpirit Dazzle Bloodseeker Katarina Enchantress 
EmberSpirit Leshrac Slardar Dazzle TreantProtector Braum Zeus Bloodseeker Sven Renekton Axe ElderTitan Nocturne Twitch Syndra Lycan Blitzcrank Xayah Lulu Shen 
Zeus
x 489.55969 x 480.64341 479.895 491.10475 x 449.64227 484.25105 252.35453 259.68147 346.36528 279.58992 434.63543 460.2457 390.34773 403.69616 356.99353 x x 375.47302 263.37472 366.21032 268.55843 x 303.06303 303.88165 x 410.04638 324.99649 457.20791 343.13552 261.49025 292.44819 471.03844 352.40772 368.31888 294.2833 365.07763 353.74072 
489.55969 x 352.00708 x x 449.02211 x 496.28414 419.07646 263.87227 427.72602 488.89592 319.01073 320.03238 373.16001 285.94057 393.09203 x 369.74662 255.62769 428.49133 409.47504 x 335.64093 387.86107 313.42532 284.33605 303.37883 366.08194 497.09312 475.16774 425.44559 260.2453 x 433.68877 x 438.1239 252.63359 x 338.8903 
x 352.00708 x 344.39159 x x x 371.7995 357.98902 313.46141 313.62229 298.68551 x 479.3124 374.93263 395.25576 368.5646 275.57325 425.91043 339.9801 387.08123 x 307.81752 450.61953 287.68906 342.4537 293.33728 414.81997 372.71701 403.39316 277.93536 329.85357 396.54428 423.04644 x 396.83192 412.47658 x 410.95362 463.07865 
480.64341 x 344.39159 x x 353.9958 359.54718 349.51039 486.14075 332.62931 463.40536 256.96987 307.1005 x 403.76154 276.35578 315.53901 285.73473 334.69425 291.20027 359.10839 x 426.22509 454.23087 463.6081 318.16605 366.74824 401.76784 495.59252 448.31785 x 451.64514 448.04832 264.60083 290.0056 x x 331.08576 376.90977 267.22828 
479.895 x x x x 304.12354 333.5803 487.2501 x 397.58483 460.24658 430.36811 296.12207 361.95872 338.01208 x 337.55089 379.52 481.44404 396.94327 487.10867 285.09224 382.38127 297.79117 267.55263 482.02716 334.74959 442.47726 x 467.2381 x 360.65062 329.12777 x 274.78523 390.47401 x 265.73288 481.26228 400.24974 
491.10475 449.02211 x 353.9958 304.12354 x 322.92314 x 307.53005 304.93146 347.91083 359.54646 419.30845 276.34655 421.15695 346.20534 402.34324 318.37697 264.69597 376.68151 464.69748 270.05862 x 400.43623 394.06704 273.21653 480.00421 454.41294 424.48922 304.44835 326.92524 347.8012 348.99517 268.87051 309.73917 x 357.71947 x 251.59124 257.98983 
x x x 359.54718 333.5803 322.92314 x x 462.68096 489.15887 468.18789 407.85387 422.72116 x 331.3384 x 446.44036 x 298.0139 339.54986 442.26337 296.60497 342.83985 254.99851 306.55155 450.22 353.85884 x 499.29366 x 488.21426 333.49272 274.51434 496.38382 370.21312 x x 453.75952 464.82518 x 
449.64227 496.28414 371.7995 349.51039 487.2501 x x x 290.09377 408.46461 427.2362 468.59052 x x 473.12511 437.49362 419.71587 485.05942 301.31908 329.22041 251.4592 x 427.84906 389.13572 495.82452 263.13178 402.12813 439.82148 350.5897 255.0835 346.12798 x 495.39543 374.89977 258.86472 484.39515 414.42158 445.43007 476.44432 458.90969 
484.25105 419.07646 357.98902 486.14075 x 307.53005 462.68096 290.09377 x 463.84726 x 450.02671 414.41907 338.2628 423.47406 x 413.21239 443.87899 270.25901 495.63658 x 486.81002 289.14385 326.6887 x 463.41163 405.3997 255.91823 397.12823 491.88894 397.64503 x 374.34717 377.56951 315.7025 467.82081 488.0734 470.00758 x 393.24539 
252.35453 263.87227 313.46141 332.62931 397.58483 304.93146 489.15887 408.46461 463.84726 x 431.20598 442.27959 399.10164 278.04614 x 400.712 374.65364 x 369.61256 334.88119 457.21155 490.82627 x 486.67425 379.02504 256.30375 307.65692 x 497.19024 258.2522 352.01242 355.82511 329.60269 298.0831 499.91529 395.89701 x 405.60311 479.50856 432.56716 
259.68147 427.72602 313.62229 463.40536 460.24658 347.91083 468.18789 427.2362 x 431.20598 x 296.27576 441.92327 405.01854 435.39667 368.19568 259.79535 x 343.05557 x x 350.6813 293.14699 488.5309 388.1075 x 303.8833 296.60178 466.10612 356.92723 374.08792 335.83088 338.80288 318.40542 305.9933 306.93019 324.81336 397.10384 441.12562 373.22846 
346.36528 488.89592 298.68551 256.96987 430.36811 359.54646 407.85387 468.59052 450.02671 442.27959 296.27576 x 324.00953 274.89161 x 398.28219 474.23344 418.56269 375.9784 369.42043 286.55781 315.00488 x 464.89075 464.79552 x x 439.83692 268.64966 485.32777 488.31897 371.09452 265.86762 449.20247 496.59651 267.79591 381.33004 486.56123 278.81952 327.80295 
279.58992 319.01073 x 307.1005 296.12207 419.30845 422.72116 x 414.41907 399.10164 441.92327 324.00953 x 293.7977 415.7408 410.24898 456.75404 406.53689 466.03156 492.20357 372.307 x 354.28284 x 413.87218 422.34472 x 259.78835 375.22562 481.40243 283.29014 276.57335 404.01924 368.25782 384.09027 373.47259 420.92196 475.5137 482.30621 440.8005 
434.63543 320.03238 479.3124 x 361.95872 276.34655 x x 338.2628 278.04614 405.01854 274.89161 293.7977 x 457.39276 x 402.28742 270.97582 260.95539 358.51858 x 415.30084 375.95836 394.12536 414.9472 297.9132 344.69736 365.75036 327.8892 254.7802 282.69611 458.78766 271.07822 342.32068 300.6146 x x 279.80405 478.57298 455.31605 
460.2457 373.16001 374.93263 403.76154 338.01208 421.15695 331.3384 473.12511 423.47406 x 435.39667 x 415.7408 457.39276 x 254.79235 x 446.48244 x 314.56308 492.7952 349.35123 320.20536 330.60059 x 395.7354 456.7918 259.24364 352.16141 407.66754 491.20128 467.27198 291.17702 x 443.77526 304.38809 419.19216 354.97755 x 430.45164 
390.34773 285.94057 395.25576 276.35578 x 346.20534 x 437.49362 x 400.712 368.19568 398.28219 410.24898 x 254.79235 x 344.79761 408.70642 353.57007 265.86055 340.70331 408.80374 x 304.61525 389.36653 271.19079 x x 380.21671 386.46635 x 339.13628 x 275.05448 456.45318 466.70403 490.54533 281.98844 437.94858 x 
403.69616 393.09203 368.5646 315.53901 337.55089 402.34324 446.44036 419.71587 413.21239 374.65364 259.79535 474.23344 456.75404 402.28742 x 344.79761 x 497.11182 276.42823 384.65512 x 378.09252 x 427.63765 x 309.947 423.6358 445.50683 259.52524 326.45084 461.07585 349.71477 480.41348 x 373.45443 441.26533 314.95556 x 355.56513 460.01394 
356.99353 x 275.57325 285.73473 379.52 318.37697 x 485.05942 443.87899 x x 418.56269 406.53689 270.97582 446.48244 408.70642 497.11182 x 350.97686 487.85832 356.5659 x x 436.03889 342.65888 x 446.68569 497.06351 490.14768 424.43348 363.63289 289.51949 x 313.8836 428.0884 394.78128 335.55133 x 447.57467 355.52076 
x 369.74662 425.91043 334.69425 481.44404 264.69597 298.0139 301.31908 270.25901 369.61256 343.05557 375.9784 466.03156 260.95539 x 353.57007 276.42823 350.97686 x 349.3212 x 260.57106 x 481.75385 x 269.19775 390.87057 x 428.22798 x 273.23209 351.00913 414.0311 376.81493 485.18667 446.78532 358.26028 x 438.17649 x 
x 255.62769 339.9801 291.20027 396.94327 376.68151 339.54986 329.22041 495.63658 334.88119 x 369.42043 492.20357 358.51858 314.56308 265.86055 384.65512 487.85832 349.3212 x 322.48914 257.96781 271.44387 436.5105 443.65585 427.32643 488.68619 479.91218 406.30361 x 399.09659 494.67297 459.87809 x 304.467 x x 497.79523 354.40486 361.20937 
375.47302 428.49133 387.08123 359.10839 487.10867 464.69748 442.26337 251.4592 x 457.21155 x 286.55781 372.307 x 492.7952 340.70331 x 356.5659 x 322.48914 x 303.21154 x 377.25405 491.39274 336.78696 370.83721 341.11063 x 409.23302 431.2375 336.58369 341.41128 438.99757 484.69932 391.15834 x 332.71646 343.47706 297.91974 
263.37472 409.47504 x x 285.09224 270.05862 296.60497 x 486.81002 490.82627 350.6813 315.00488 x 415.30084 349.35123 408.80374 378.09252 x 260.57106 257.96781 303.21154 x 499.81382 x 397.39006 281.76238 256.66804 x 308.06296 459.57366 269.66969 464.14323 x 283.47119 472.14834 355.6697 295.46642 466.3811 x 493.06922 
366.21032 x 307.81752 426.22509 382.38127 x 342.83985 427.84906 289.14385 x 293.14699 x 354.28284 375.95836 320.20536 x x x x 271.44387 x 499.81382 x 479.65492 x 292.29068 494.61559 292.72307 399.39158 480.73863 374.61826 355.64771 334.97886 499.65198 274.4767 330.96227 362.49087 415.80403 x 435.40727 
268.55843 335.64093 450.61953 454.23087 297.79117 400.43623 254.99851 389.13572 326.6887 486.67425 488.5309 464.89075 x 394.12536 330.60059 304.61525 427.63765 436.03889 481.75385 436.5105 377.25405 x 479.65492 x 372.12731 285.82179 x x 482.63376 442.03592 393.16871 315.3267 470.0616 483.41677 491.34499 463.93521 401.27926 x 466.17627 266.82051 
x 387.86107 287.68906 463.6081 267.55263 394.06704 306.55155 495.82452 x 379.02504 388.1075 464.79552 413.87218 414.9472 x 389.36653 x 342.65888 x 443.65585 491.39274 397.39006 x 372.12731 x 349.4742 436.15281 252.26084 x 336.06329 449.641 450.43974 349.04469 457.15339 x 255.76297 273.68721 382.18918 381.10743 443.96639 
303.06303 313.42532 342.4537 318.16605 482.02716 273.21653 450.22 263.13178 463.41163 256.30375 x x 422.34472 297.9132 395.7354 271.19079 309.947 x 269.19775 427.32643 336.78696 281.76238 292.29068 285.82179 349.4742 x 432.0524 258.68627 450.88697 409.26552 x 337.42858 369.04178 440.99202 258.96876 319.98306 284.78192 286.72139 443.30327 297.49832 
303.88165 284.33605 293.33728 366.74824 334.74959 480.00421 353.85884 402.12813 405.3997 307.65692 303.8833 x x 344.69736 456.7918 x 423.6358 446.68569 390.87057 488.68619 370.83721 256.66804 494.61559 x 436.15281 432.0524 x x 299.38901 400.60971 x 302.09387 444.96533 334.36355 373.75087 281.8234 312.59008 457.07048 453.16452 480.41273 
x 303.37883 414.81997 401.76784 442.47726 454.41294 x 439.82148 255.91823 x 296.60178 439.83692 259.78835 365.75036 259.24364 x 445.50683 497.06351 x 479.91218 341.11063 x 292.72307 x 252.26084 258.68627 x x x 290.76879 490.26171 479.96144 258.88883 x 341.63187 333.64195 x 480.4521 421.75389 447.0428 
410.04638 366.08194 372.71701 495.59252 x 424.48922 499.29366 350.5897 397.12823 497.19024 466.10612 268.64966 375.22562 327.8892 352.16141 380.21671 259.52524 490.14768 428.22798 406.30361 x 308.06296 399.39158 482.63376 x 450.88697 299.38901 x x 283.42722 x 398.30345 416.96222 372.5934 371.65771 427.74596 440.44508 279.26509 309.08179 348.84804 
324.99649 497.09312 403.39316 448.31785 467.2381 304.44835 x 255.0835 491.88894 258.2522 356.92723 485.32777 481.40243 254.7802 407.66754 386.46635 326.45084 424.43348 x x 409.23302 459.57366 480.73863 442.03592 336.06329 409.26552 400.60971 290.76879 283.42722 x 363.67621 488.10085 494.00307 470.66038 x 470.13619 467.38379 454.64604 449.12638 491.30107 
457.20791 475.16774 277.93536 x x 326.92524 488.21426 346.12798 397.64503 352.01242 374.08792 488.31897 283.29014 282.69611 491.20128 x 461.07585 363.63289 273.23209 399.09659 431.2375 269.66969 374.61826 393.16871 449.641 x x 490.26171 x 363.67621 x 371.92119 475.13451 348.48205 283.07764 452.17787 444.15934 275.11379 347.66342 333.67285 
343.13552 425.44559 329.85357 451.64514 360.65062 347.8012 333.49272 x x 355.82511 335.83088 371.09452 276.57335 458.78766 467.27198 339.13628 349.71477 289.51949 351.00913 494.67297 336.58369 464.14323 355.64771 315.3267 450.43974 337.42858 302.09387 479.96144 398.30345 488.10085 371.92119 x x 475.06248 493.4036 354.1012 368.15097 427.75457 x 262.27783 
261.49025 260.2453 396.54428 448.04832 329.12777 348.99517 274.51434 495.39543 374.34717 329.60269 338.80288 265.86762 404.01924 271.07822 291.17702 x 480.41348 x 414.0311 459.87809 341.41128 x 334.97886 470.0616 349.04469 369.04178 444.96533 258.88883 416.96222 494.00307 475.13451 x x 393.60391 x 427.0276 428.58019 x 273.57383 331.91299 
292.44819 x 423.04644 264.60083 x 268.87051 496.38382 374.89977 377.56951 298.0831 318.40542 449.20247 368.25782 342.32068 x 275.05448 x 313.8836 376.81493 x 438.99757 283.47119 499.65198 483.41677 457.15339 440.99202 334.36355 x 372.5934 470.66038 348.48205 475.06248 393.60391 x 374.60867 396.54557 291.24494 297.62838 401.70792 316.31592 
471.03844 433.68877 x 290.0056 274.78523 309.73917 370.21312 258.86472 315.7025 499.91529 305.9933 496.59651 384.09027 300.6146 443.77526 456.45318 373.45443 428.0884 485.18667 304.467 484.69932 472.14834 274.4767 491.34499 x 258.96876 373.75087 341.63187 371.65771 x 283.07764 493.4036 x 374.60867 x 403.65713 x 394.45697 x 364.54815 
352.40772 x 396.83192 x 390.47401 x x 484.39515 467.82081 395.89701 306.93019 267.79591 373.47259 x 304.38809 466.70403 441.26533 394.78128 446.78532 x 391.15834 355.6697 330.96227 463.93521 255.76297 319.98306 281.8234 333.64195 427.74596 470.13619 452.17787 354.1012 427.0276 396.54557 403.65713 x 329.93856 487.40102 x 376.36767 
368.31888 438.1239 412.47658 x x 357.71947 x 414.42158 488.0734 x 324.81336 381.33004 420.92196 x 419.19216 490.54533 314.95556 335.55133 358.26028 x x 295.46642 362.49087 401.27926 273.68721 284.78192 312.59008 x 440.44508 467.38379 444.15934 368.15097 428.58019 291.24494 x 329.93856 x 279.67913 486.28224 478.84325 
294.2833 252.63359 x 331.08576 265.73288 x 453.75952 445.43007 470.00758 405.60311 397.10384 486.56123 475.5137 279.80405 354.97755 281.98844 x x x 497.79523 332.71646 466.3811 415.80403 x 382.18918 286.72139 457.07048 480.4521 279.26509 454.64604 275.11379 427.75457 x 297.62838 394.45697 487.40102 279.67913 x 443.54165 x 
365.07763 x 410.95362 376.90977 481.26228 251.59124 464.82518 476.44432 x 479.50856 441.12562 278.81952 482.30621 478.57298 x 437.94858 355.56513 447.57467 438.17649 354.40486 343.47706 x x 466.17627 381.10743 443.30327 453.16452 421.75389 309.08179 449.12638 347.66342 x 273.57383 401.70792 x x 486.28224 443.54165 x 350.91469 
353.74072 338.8903 463.07865 267.22828 400.24974 257.98983 x 458.90969 393.24539 432.56716 373.22846 327.80295 440.8005 455.31605 430.45164 x 460.01394 355.52076 x 361.20937 297.91974 493.06922 435.40727 266.82051 443.96639 297.49832 480.41273 447.0428 348.84804 491.30107 333.67285 262.27783 331.91299 316.31592 364.54815 376.36767 478.84325 x 350.91469 x 
