81
32
L0 L1 L2 L3 L4 L5 L6 L7 L8 L9 L10 L11 L12 L13 L14 L15 L16 L17 L18 L19 L20 L21 L22 L23 L24 L25 L26 L27 L28 L29 L30 L31 L32 L33 L34 L35 L36 L37 L38 L39 L40 L41 L42 L43 L44 L45 L46 L47 L48 L49 L50 L51 L52 L53 L54 L55 L56 L57 L58 L59 L60 L61 L62 L63 L64 L65 L66 L67 L68 L69 L70 L71 L72 L73 L74 L75 L76 L77 L78 L79 L80 
L38 L54 L64 L26 L43 L76 L30 L56 L42 L25 L73 L3 L47 L63 L77 L17 L80 L62 L5 L78 L21 L72 L8 L79 L6 L75 L53 L4 L31 L27 L0 L51 
L31 
x 2.08193 1.61776 0.98936 x 0.54759 2.04991 1.2098 1.16225 1.59928 1.70503 2.03959 1.98852 1.43982 0.73313 0.91267 1.30949 1.54651 1.15592 1.56116 0.99691 1.6453 1.01381 x 1.6054 1.86545 1.74865 2.0937 x 1.37605 1.98964 1.6039 1.32504 1.26774 1.52648 x 1.76139 1.39029 2.66589 2.42046 1.16642 0.49731 x 1.47712 1.35171 0.97287 2.06003 1.70281 1.01783 1.49299 1.30458 1.71503 1.98133 x 1.56652 1.437 0.68802 x 1.68708 2.23565 1.81121 x 1.65774 1.57533 1.8122 1.26448 1.98615 2.1818 1.75829 2.44201 2.15384 1.94164 1.69989 2.92314 1.41879 2.03368 2.32293 1.88302 1.36348 x 1.80865 
2.08193 x 0.65897 2.0057 1.29632 x 1.32361 x x 1.30008 1.73826 0.86312 x 1.46104 1.5756 1.62629 1.26931 0.56501 1.84064 1.31793 1.93747 x 1.27603 0.64537 1.67223 0.97909 1.02235 x 1.098 1.79631 1.56284 x 1.43321 x x 0.55962 x 1.42352 x 2.34193 1.31472 1.58462 1.24937 1.06184 1.58267 1.30386 0.70873 1.40361 2.05015 1.53131 0.80694 x x 2.5283 1.36786 1.33176 1.4235 x 0.87766 0.57742 1.76742 1.89035 1.5525 0.6606 0.26973 1.4499 2.33086 2.83258 1.64752 1.52728 1.62499 1.2931 0.41163 0.84121 0.88994 0.50528 2.38976 1.54304 2.0482 0.85426 0.99128 
1.61776 0.65897 x 1.51194 1.28303 1.07017 x 1.62718 2.10209 1.41808 1.86355 1.50065 1.54249 1.58894 1.43982 1.43525 0.86346 1.02278 1.6785 1.43593 1.65322 1.62651 1.53639 0.94596 1.65894 1.31465 1.48012 1.42327 1.19574 x 1.54955 1.64337 0.77424 1.62892 x 1.21859 1.65508 x 1.45931 2.45993 x 1.60197 1.70714 0.92363 1.29842 0.64489 1.1665 1.52161 1.87141 1.64931 x 1.1913 x 2.6562 1.51323 1.45966 x 1.38842 0.71367 1.23639 1.75413 1.75457 1.23892 1.11837 0.7275 1.423 2.74015 2.70438 1.13837 1.63322 2.08276 1.39084 0.8694 1.50018 x 0.96305 2.37647 1.64078 x x 0.83524 
0.98936 2.0057 1.51194 x 1.38645 x 2.65968 1.10398 2.03175 1.36537 1.47112 2.0585 1.64591 x 1.72249 0.80685 1.80602 1.44069 1.0501 1.32725 1.87538 1.41139 0.7799 1.78777 1.68589 1.92736 2.35842 2.29086 1.80845 1.27023 x 1.50567 1.7549 1.74929 2.0281 2.33009 1.93201 1.15638 2.43198 x 1.0606 1.36681 2.65546 1.3713 1.52058 0.86705 2.13131 1.4689 1.88733 1.38717 1.19876 1.60921 1.9051 1.87336 x 1.70649 0.5822 2.25601 1.58126 x 1.32451 x 1.81905 1.81987 1.73597 1.03057 2.85565 1.26875 1.7185 2.50081 2.42524 2.00355 x x x 1.92786 2.28627 2.05189 1.25766 1.79092 1.70283 
x 1.29632 1.28303 1.38645 x 1.50096 1.94428 x x 1.76919 1.78035 1.34912 0.25946 0.81634 0.99593 1.70425 0.41957 0.73131 x 1.57919 1.70163 1.72062 1.44233 1.40223 0.37591 1.53512 1.77921 1.81438 1.65403 x 0.26652 0.65226 2.05727 0.98842 2.34923 x 1.2394 x 2.09666 1.46882 x 1.484 2.00623 x 1.34683 1.92624 1.46559 1.84249 1.91982 x 0.97324 0.89983 1.19572 2.0157 1.13202 0.94562 1.4796 x 1.1876 1.63482 x 1.31068 x 0.70269 1.02659 1.49199 2.97284 2.62031 1.26691 1.56937 2.00442 1.70544 0.88469 x 1.582 1.26214 1.09344 1.4555 1.61983 1.32337 1.30917 
0.54759 x 1.07017 x 1.50096 x 2.21791 0.66221 1.58998 x x x 1.76042 1.13544 1.28072 0.36508 1.85708 0.99892 0.60833 1.01357 1.43361 1.09771 0.46622 x 1.24412 1.61368 1.91665 1.84909 1.49477 0.82846 x 1.29952 1.44122 x x 2.01641 1.49024 0.8427 2.1183 2.11608 0.61883 x 2.21369 x 1.07881 0.42528 1.68954 1.15522 x x 0.75699 1.16744 1.46333 x 1.29362 1.26472 0.14043 1.81424 1.13949 1.68806 x 0.96597 1.37728 1.50619 1.2942 0.71689 2.41388 1.63421 1.27673 2.05904 2.11063 1.68987 1.1523 x 1.37558 1.48609 1.8445 x 0.81589 1.39808 x 
2.04991 1.32361 x 2.65968 1.94428 2.21791 x x 2.48776 1.68589 2.18935 1.47814 1.88798 1.77409 1.31678 x 1.52471 1.34916 2.37002 1.70374 x 2.12962 2.06018 0.95842 2.32019 1.29214 0.30126 1.69108 1.41105 1.38945 2.2108 1.91118 1.83255 1.66674 2.22621 1.88323 1.96412 x 2.12395 2.72774 2.09887 1.82282 2.03352 1.37489 2.04602 2.42627 1.02178 x 1.68946 1.91712 1.59109 1.51768 x x 1.83121 x 2.07748 x 1.19071 x 2.41538 1.63153 1.86555 1.44475 1.05388 1.91304 2.75261 1.95234 1.96057 x 2.73749 1.60615 x 2.16482 2.00244 x 3.03772 1.85609 2.49074 1.24007 1.10305 
1.2098 x 1.62718 1.10398 x 0.66221 x x 1.52203 0.89488 0.74901 1.31155 1.64042 x 1.65374 x 2.05343 1.38027 0.53832 x 1.5958 0.68928 0.81075 1.1458 1.61135 1.45687 1.59373 1.37997 x 1.20981 1.68407 1.29833 1.28441 1.25197 1.63434 1.70741 1.31068 0.43427 1.51782 2.11489 1.00018 0.85709 2.38657 0.86158 1.36024 1.08749 1.48934 0.99841 1.37761 0.81852 1.13834 x 1.68262 2.27925 1.26911 1.08271 0.52178 x x 1.02585 1.64497 1.62818 0.86197 x 1.52144 x 2.34593 2.01556 0.76142 1.83306 1.70313 x 1.53365 2.44448 x 1.28589 2.32888 1.783 0.74588 0.92896 0.79194 
1.16225 x 2.10209 2.03175 x 1.58998 2.48776 1.52203 x 1.99337 x 2.16818 1.07852 1.60745 1.81499 1.2249 1.23863 1.55037 1.91745 1.7911 1.40365 1.87524 x x 0.44315 x 2.1865 2.26133 1.91417 2.13758 x 1.47132 x 1.43537 2.44088 2.03197 1.93985 1.62023 2.91572 2.28788 x 0.66494 x 1.78935 1.75845 2.01526 2.22766 2.0969 1.18546 1.80522 x 1.71889 2.01478 2.46265 1.79103 1.60463 1.44955 1.93789 1.99931 2.45388 x 1.58063 1.82537 1.52175 1.84565 1.65857 2.15378 2.94333 1.92592 x 2.82348 2.10927 1.70375 2.95659 2.15404 2.0812 1.16068 2.27456 x 2.14243 2.12088 
1.59928 1.30008 1.41808 1.36537 1.76919 x 1.68589 0.89488 1.99337 x 0.77535 0.74799 1.56733 1.28101 1.68008 1.13591 1.64971 x x 0.63148 1.62245 0.71562 0.58547 0.9367 1.63769 0.56199 1.38463 1.17087 x x 1.50267 1.11693 0.86458 1.45309 1.06305 1.28869 1.24816 0.46061 2.10042 1.93349 1.3694 1.32843 1.49169 0.91437 1.38658 1.11291 0.83235 0.10353 1.64171 x 1.52782 1.19728 1.19948 2.48037 1.59669 1.41029 0.91126 1.13602 x 1.03369 1.70725 1.99483 1.53046 1.1241 1.27135 x 2.73089 x 1.42991 1.62396 1.72947 0.63818 1.41325 2.14129 0.99442 1.0358 2.35522 0.88812 0.80485 x 0.58284 
1.70503 1.73826 1.86355 1.47112 1.78035 x 2.18935 0.74901 x 0.77535 x 1.52334 1.52089 1.63903 1.53421 x 2.11057 1.33349 1.28733 0.48561 1.59551 0.56975 0.69122 1.44016 1.49182 1.33734 1.88809 1.67433 1.21843 1.70504 x x 1.16488 1.67901 1.51481 x 1.19115 x x 2.43695 1.47515 1.43418 2.26704 1.41783 x 1.21866 1.6077 x 1.8137 0.69899 1.57542 1.16497 1.63766 2.16974 1.45552 1.50975 1.01701 1.63948 1.20787 x 2.11994 1.84896 1.61098 1.07766 1.46853 0.44055 2.92302 2.43848 1.51043 1.94434 1.5836 1.41353 1.48687 x 0.84855 1.58025 1.76435 1.66347 1.49489 x 1.0863 
2.03959 0.86312 1.50065 2.0585 1.34912 x 1.47814 1.31155 2.16818 0.74799 1.52334 x 1.60858 1.20867 1.90043 1.60868 1.60216 0.61781 x 1.09493 1.50323 1.46361 1.32883 0.7999 1.72503 x 1.17688 x 0.30491 1.71944 1.61564 1.37275 0.72641 1.24865 1.81104 1.42274 0.87217 1.2086 1.86466 2.18931 1.74358 1.55414 1.35352 x 1.14843 1.80196 0.45636 x 1.72142 1.30831 0.85974 0.44929 0.96372 2.27593 0.93362 1.07939 x 1.42549 1.03219 0.2857 1.82022 2.21518 1.30013 1.28623 x 1.08279 2.10581 2.88054 1.40068 1.35282 1.94982 x x x 1.21477 0.65981 2.44256 x 1.55284 1.19381 1.15376 
1.98852 x 1.54249 1.64591 0.25946 1.76042 1.88798 1.64042 1.07852 1.56733 1.52089 1.60858 x 1.0758 1.25539 x 0.67903 0.99077 1.67173 1.37702 x 1.46116 1.4832 1.16043 0.63537 1.54346 1.58672 1.63774 1.66237 2.12878 0.52598 0.91172 1.95686 x 2.15674 0.95345 0.97994 1.20615 1.90417 1.72828 1.26066 1.74346 1.81374 1.1381 1.60629 2.01064 1.2731 1.67086 2.17928 1.5904 1.2327 1.15929 1.00323 2.27516 1.39148 1.20508 1.73906 1.60289 x x 0.73056 1.57014 1.42582 0.44323 0.8341 1.23253 2.95462 2.87977 x 1.30991 x x 0.976 1.94504 1.32254 1.06965 1.3529 1.71496 x 1.18673 1.04971 
1.43982 1.46104 1.58894 x 0.81634 1.13544 1.77409 x 1.60745 1.28101 1.63903 1.20867 1.0758 x 1.15785 1.21966 1.23591 1.11853 0.59593 1.15342 0.88529 1.20145 1.3208 x 1.19225 1.02267 1.47283 0.99804 1.14158 1.68304 0.54982 0.16408 1.56308 0.17208 1.79007 2.02066 1.70884 1.32429 2.26138 0.98064 x 0.94251 1.57089 1.03625 0.53049 1.18402 0.75231 1.38454 x 1.3668 1.36046 1.09865 1.36044 1.19936 0.31568 x 0.99501 1.28895 1.09378 1.49437 0.7544 1.45558 0.35002 x 1.19131 1.4501 2.43135 1.80397 x 2.01333 x x x 1.9348 x 0.95576 1.90978 x 0.80349 0.83519 0.97221 
0.73313 1.5756 1.43982 1.72249 0.99593 1.28072 1.31678 1.65374 1.81499 1.68008 1.53421 1.90043 1.25539 1.15785 x 1.6458 0.57636 1.56071 1.75378 1.39034 1.73004 0.96446 1.59595 1.67268 1.37184 1.71443 1.01552 x 1.83334 2.10371 1.26245 1.32193 x x 1.42285 2.07519 1.02826 1.21947 2.37594 2.13849 1.89955 1.23044 2.47882 1.69739 1.55624 x 1.73604 1.78361 1.75096 x x 1.72923 x 2.01305 1.34143 1.15503 1.42115 1.26413 x x 1.46703 0.31475 1.37577 1.56497 1.57594 1.34528 2.71928 x x 2.43165 x 2.02844 1.71409 x 0.68566 1.53259 2.08937 x 1.96134 1.78025 1.81731 
0.91267 1.62629 1.43525 0.80685 1.70425 0.36508 x x 1.2249 1.13591 x 1.60868 x 1.21966 1.6458 x 2.06749 1.08314 0.69255 0.7937 x 0.98641 x 0.98092 1.32834 1.59482 1.63808 x x 0.91268 1.55242 x 1.38769 1.33039 1.39614 1.76954 1.57446 0.7314 1.81495 2.2003 0.70305 0.55996 2.3362 0.56445 1.44389 0.79036 1.32446 1.23944 1.08048 0.58032 0.84121 1.25166 x 2.32304 1.53534 x 0.22465 1.44916 0.77441 x x 1.33105 1.1591 1.25932 1.35656 0.80111 2.0488 x x 1.69396 2.00026 x 1.23652 2.4675 x 1.12101 2.04587 x 0.90011 x 0.89598 
1.30949 1.26931 0.86346 1.80602 0.41957 1.85708 1.52471 2.05343 1.23863 1.64971 2.11057 1.60216 0.67903 1.23591 0.57636 2.06749 x 0.98435 1.83184 1.66756 2.1212 1.54082 1.69537 1.37522 0.79548 1.70894 1.59188 1.84952 1.82785 2.14594 0.68609 x 1.6377 1.40799 1.99921 x x 1.79583 2.06965 1.88839 1.42077 1.8068 1.97922 1.59302 1.7664 1.50835 x 1.75324 2.32732 1.88094 1.22628 x 1.16871 2.43527 x 1.36519 1.84284 1.81467 1.38306 1.84673 0.89067 x x 1.12226 0.99958 1.91156 3.16941 3.03988 1.68648 1.98894 1.99707 2.02295 x 2.11052 x 1.23513 1.51301 x 2.0394 1.20389 1.26149 
1.54651 0.56501 1.02278 1.44069 0.73131 0.99892 1.34916 1.38027 1.55037 x 1.33349 0.61781 0.99077 1.11853 1.56071 1.08314 0.98435 x 1.32639 x 1.37246 1.09686 0.71102 x 1.10722 x 1.0479 1.45344 0.92272 1.46931 0.99783 1.28261 1.34422 1.15851 1.61792 1.12463 x 1.01875 1.36535 2.09917 1.33689 1.45398 1.27492 x 1.01766 1.4242 0.73428 1.40002 x 1.06126 0.24193 0.16852 0.46441 x 0.80285 0.98925 0.85849 x 0.74384 0.90351 1.20241 x 1.20999 x 0.29528 0.96169 2.46511 2.26757 1.31054 1.55283 1.9888 1.11782 0.15338 1.40622 1.25375 x 1.82475 1.36776 1.53395 1.00243 0.86541 
1.15592 1.84064 1.6785 1.0501 x 0.60833 2.37002 0.53832 1.91745 x 1.28733 x 1.67173 0.59593 1.75378 0.69255 1.83184 1.32639 x 1.14346 x 1.2276 0.79369 1.66835 1.57159 1.3235 2.06876 x 1.20459 1.15593 1.14575 0.76001 x 0.76801 1.82456 2.0502 1.81771 0.97259 2.05614 1.57657 0.9463 1.25251 2.16682 1.25408 1.12642 1.03361 x 0.86504 1.60314 1.27287 1.08446 1.49491 1.7908 1.79529 x 0.72521 0.4679 1.88344 x 1.56417 1.35033 1.5743 0.76895 1.73551 x 1.04436 2.74135 1.96168 0.6684 2.35561 2.24145 1.39969 1.47977 2.53073 1.5064 1.55169 2.28912 x 0.20756 1.20733 1.33026 
1.56116 1.31793 1.43593 1.32725 1.57919 1.01357 1.70374 x 1.7911 0.63148 0.48561 1.09493 1.37702 1.15342 1.39034 0.7937 1.66756 x 1.14346 x 1.45164 0.42588 0.54735 x 1.34795 0.90893 1.40248 1.18872 0.79002 1.40572 x 1.13478 x 1.1934 1.0292 x 1.04728 0.17087 2.11827 1.95134 1.33128 1.29031 1.83863 0.93222 1.09684 1.07479 1.17929 0.73501 1.65956 0.21338 1.08981 0.67936 1.21733 2.22068 x x 0.87314 1.15387 x 1.38063 1.7251 1.70509 1.24488 0.93379 1.14316 x 2.74874 x x 1.64181 1.43973 0.98512 1.00126 2.15914 0.70468 1.09464 2.06548 1.23506 1.35102 0.46367 x 
0.99691 1.93747 1.65322 1.87538 1.70163 1.43361 x 1.5958 1.40365 1.62245 1.59551 1.50323 x 0.88529 1.73004 x 2.1212 1.37246 x 1.45164 x 1.02576 1.48167 1.72258 1.8468 1.45006 1.60639 x 1.33115 2.21135 x 1.04937 1.56644 0.92527 2.16938 2.49709 1.64716 1.28077 2.73781 1.86593 2.00172 0.73871 1.48968 1.66298 0.3548 1.00833 1.37904 1.51892 0.21819 1.66502 1.61439 1.35258 x 1.95255 0.56961 0.75601 1.52332 1.35778 1.56782 1.78893 1.63969 x x 2.04369 1.66774 1.40658 2.22755 2.55716 1.0773 2.48737 2.03961 1.13605 1.52584 x 1.30456 1.58249 2.56433 x 1.59251 1.41408 1.5511 
1.6453 x 1.62651 1.41139 1.72062 1.09771 2.12962 0.68928 1.87524 0.71562 0.56975 1.46361 1.46116 1.20145 0.96446 0.98641 1.54082 1.09686 1.2276 0.42588 1.02576 x 0.63149 1.38043 1.43209 1.27761 1.82836 1.6146 1.1587 1.64531 1.75127 x 1.10515 x 1.45508 1.52815 0.6214 0.25501 1.96908 2.18209 1.41542 1.37445 1.80584 x x 1.15893 1.54797 0.81915 1.24395 x 1.33879 1.10524 1.06814 2.26871 0.88577 1.07217 0.95728 x 1.14814 1.71513 1.95585 x x 1.01793 x 0.38082 2.52731 2.37875 1.39346 1.88461 1.01385 1.3538 1.25024 2.00995 0.2788 1.47282 2.14962 1.20227 x 0.88955 1.02657 
1.01381 1.27603 1.53639 0.7799 1.44233 0.46622 2.06018 0.81075 x 0.58547 0.69122 1.32883 1.4832 1.3208 1.59595 x 1.69537 0.71102 0.79369 0.54735 1.48167 0.63149 x 1.38194 1.40922 1.14746 1.75892 1.73607 x 1.01382 1.59563 x 0.975 x 1.57655 1.55019 x x x 2.02645 0.78393 0.74296 1.98594 x 1.30245 0.8915 1.41782 0.689 1.26348 x 0.94235 0.87954 x 2.35187 1.51387 1.45008 0.32579 1.70122 x 1.61453 1.42872 1.43219 1.56264 1.03997 x 0.25067 2.2318 1.74726 1.46209 1.90665 1.64534 1.22365 0.8644 2.11724 0.91029 1.24185 2.12675 1.47359 1.00125 x 1.14804 
x 0.64537 0.94596 1.78777 1.40223 x 0.95842 1.1458 x 0.9367 1.44016 0.7999 1.16043 x 1.67268 0.98092 1.37522 x 1.66835 x 1.72258 1.38043 1.38194 x x 0.6139 0.65716 x x 1.38123 1.54773 1.16199 1.15431 1.13583 1.26779 1.20499 1.0057 1.12542 1.44571 1.97855 1.42063 1.54088 1.35528 0.41647 1.36778 1.59085 x 1.04023 1.68677 x 0.91285 0.83944 0.54477 2.16311 x 0.96657 1.20557 0.90577 0.23229 1.0856 1.75231 x 1.1027 x 0.37564 1.25123 1.79419 2.69935 1.00215 1.15184 2.06916 0.92791 0.51754 x 1.33411 0.14009 2.43076 1.17785 1.74155 0.49088 0.35386 
1.6054 1.67223 1.65894 1.68589 0.37591 1.24412 2.32019 1.61135 0.44315 1.63769 1.49182 1.72503 0.63537 1.19225 1.37184 1.32834 0.79548 1.10722 1.57159 1.34795 1.8468 1.43209 1.40922 x x 1.91103 2.15512 x 2.02994 1.79172 0.64243 1.02817 1.93582 1.36433 2.37715 1.58882 1.4967 1.17708 2.47257 1.84473 0.62529 1.10809 2.38214 1.77347 x 1.6694 1.8415 x x x 1.34915 1.27574 x x x 1.32153 1.10369 x 1.56351 2.01073 0.84701 x 1.54227 1.0786 1.4025 1.30289 2.59693 x 1.64282 x 2.38033 2.08135 1.2606 x 1.71089 1.63805 0.71753 1.83141 1.77915 1.69928 1.68508 
1.86545 0.97909 1.31465 1.92736 1.53512 1.61368 1.29214 1.45687 x 0.56199 1.33734 x 1.54346 1.02267 1.71443 1.59482 1.70894 x 1.3235 0.90893 1.45006 1.27761 1.14746 0.6139 1.91103 x 0.99088 1.55579 0.11891 1.53344 1.57249 1.18675 0.54041 1.06265 1.62504 1.53871 0.68617 1.0226 x 2.00331 1.55758 x 1.16752 1.03037 1.09526 x 0.27036 0.66552 x 1.12231 x 0.63529 0.87849 2.08993 1.07979 0.89339 1.47325 1.23949 0.84619 0.4717 x 2.02918 1.11413 1.10023 0.70936 0.89679 2.29181 2.69454 1.21468 x x 0.31401 x 1.8203 1.02877 x 2.62856 0.56395 x 1.00781 0.96776 
1.74865 1.02235 1.48012 2.35842 1.77921 1.91665 0.30126 1.59373 2.1865 1.38463 1.88809 1.17688 1.58672 1.47283 1.01552 1.63808 1.59188 1.0479 2.06876 1.40248 1.60639 1.82836 1.75892 0.65716 2.15512 0.99088 x 1.38982 x 1.08819 1.99566 1.60992 1.53129 1.36548 1.92495 1.58197 1.66286 1.57335 1.82269 2.42648 x x x x 1.74476 2.12501 0.72052 1.48816 1.3882 1.61586 x 1.21642 0.92175 2.39276 x 1.34355 x 0.24861 x 1.46258 2.20024 1.33027 1.56429 1.14349 0.75262 1.69916 2.45135 2.2536 1.65931 1.45071 x 1.30489 0.89452 1.86356 1.70118 0.51707 x 1.55483 2.18948 0.93881 0.80179 
2.0937 x 1.42327 2.29086 1.81438 1.84909 1.69108 1.37997 2.26133 1.17087 1.67433 x 1.63774 0.99804 x x 1.84952 1.45344 x 1.18872 x 1.6146 1.73607 x x 1.55579 1.38982 x 1.61395 1.6671 1.54786 1.16212 2.00572 0.82596 x 1.70473 1.73122 1.35959 x 1.97868 2.18706 1.59639 2.2436 0.91956 1.39643 1.95308 1.28543 1.2744 1.92094 1.4021 1.69537 1.62196 1.47871 1.85324 x 0.99522 1.70866 1.14121 0.7096 1.60415 x 1.90013 1.21596 1.19451 1.31753 1.4854 2.73608 x 1.31651 1.62915 2.137 1.80187 x 2.42052 1.8934 1.08198 2.90782 1.64003 1.80153 x 0.58803 
x 1.098 1.19574 1.80845 1.65403 1.49477 1.41105 x 1.91417 x 1.21843 0.30491 1.66237 1.14158 1.83334 x 1.82785 0.92272 1.20459 0.79002 1.33115 1.1587 x x 2.02994 0.11891 x 1.61395 x 1.65235 1.63402 1.24828 0.4215 x 1.50613 x 0.80508 0.90369 1.89834 2.06484 1.67649 1.24923 1.04861 1.14928 0.97635 x 0.38927 0.54661 1.54934 x 1.16465 0.7542 0.9974 x 1.19116 1.0123 1.35434 x 0.9651 x 1.8386 x x 1.21914 0.82827 0.77788 2.41072 x x x 1.88273 0.1951 x x x 0.59272 2.74747 x 1.24793 0.8889 1.02592 
1.37605 1.79631 x 1.27023 x 0.82846 1.38945 1.20981 2.13758 x 1.70504 1.71944 2.12878 1.68304 2.10371 0.91268 2.14594 1.46931 1.15593 1.40572 2.21135 1.64531 1.01382 1.38123 1.79172 1.53344 1.08819 1.6671 1.65235 x 1.9989 1.61316 1.98882 1.85512 x 1.57142 2.03784 x 2.59665 2.42972 1.16643 1.47264 2.4606 1.4106 1.90727 1.25374 1.26308 1.4914 1.99316 1.493 1.30459 1.30079 1.69571 2.78642 1.99872 1.81232 0.68803 1.3368 1.20064 2.00514 1.81122 1.79443 x 1.68555 1.70208 x 2.96148 2.18181 1.82433 2.12019 2.65823 1.84745 x 2.63752 1.92318 1.46653 2.50925 1.85703 1.36349 0.94205 1.07907 
1.98964 1.56284 1.54955 x 0.26652 x 2.2108 1.68407 x 1.50267 x 1.61564 0.52598 0.54982 1.26245 1.55242 0.68609 0.99783 1.14575 x x 1.75127 1.59563 1.54773 0.64243 1.57249 1.99566 1.54786 1.63402 1.9989 x 0.38574 2.05552 0.7219 x 1.47943 1.50592 1.69139 2.36318 1.2023 0.84937 1.49233 1.79255 1.5254 1.08031 1.73384 1.30213 x 1.6533 1.7339 1.23976 1.16635 1.46224 1.74918 0.8655 0.6791 1.32777 1.74705 1.31544 1.90134 0.20458 x 0.89984 x 1.29311 1.75851 2.98117 2.35379 1.00039 1.83589 2.18238 1.43892 1.15121 2.30473 x 1.50558 1.35996 1.18898 1.35331 1.05685 1.19387 
1.6039 x 1.64337 1.50567 0.65226 1.29952 1.91118 1.29833 1.47132 1.11693 x 1.37275 0.91172 0.16408 1.32193 x x 1.28261 0.76001 1.13478 1.04937 x x 1.16199 1.02817 1.18675 1.60992 1.16212 1.24828 1.61316 0.38574 x x 0.33616 1.95415 1.86517 x 1.30565 2.32571 0.81656 1.23511 1.10659 x 1.13966 0.69457 1.3481 0.91639 x x 1.34816 1.52454 1.26273 1.42477 1.36344 0.47976 0.29336 1.15909 1.36131 0.9297 x 0.59032 x 0.5141 1.35495 1.35539 1.43146 x 1.96805 0.61465 1.84925 1.99182 1.05318 1.43599 1.91899 1.5594 1.11984 1.7457 x 0.96757 0.67111 0.80813 
1.32504 1.43321 0.77424 1.7549 2.05727 1.44122 1.83255 1.28441 x 0.86458 1.16488 0.72641 1.95686 1.56308 x 1.38769 1.6377 1.34422 x x 1.56644 1.10515 0.975 1.15431 1.93582 0.54041 1.53129 2.00572 0.4215 1.98882 2.05552 x x 1.59816 1.92763 1.99283 1.22658 0.85014 2.15482 x 1.75893 0.82773 1.47011 1.08616 x 1.41913 0.81077 x 1.34825 1.23439 1.58615 1.1757 1.33261 2.62544 1.61266 x 1.30079 1.7799 1.29612 x 2.2601 1.74342 1.65454 1.51363 1.24977 0.72433 2.31657 2.72226 1.67184 1.70723 2.119 0.6166 1.39167 2.27442 1.38395 x 2.65335 0.86654 1.66943 1.3104 1.41769 
1.26774 x 1.62892 1.74929 0.98842 x 1.66674 1.25197 1.43537 1.45309 1.67901 1.24865 x 0.17208 x 1.33039 1.40799 1.15851 0.76801 1.1934 0.92527 x x 1.13583 1.36433 1.06265 1.36548 0.82596 x 1.85512 0.7219 0.33616 1.59816 x 1.61799 2.06064 1.74882 1.36427 2.30136 1.15272 x 0.77043 x x 0.57047 1.224 0.79229 1.55662 1.14346 1.40678 1.40044 1.13863 1.40042 1.02728 0.35566 0.16926 1.16709 1.11687 1.26586 1.53435 x 1.30052 x 1.62216 1.23129 1.49008 x 1.63189 x 2.18541 1.86772 1.35172 1.31189 1.97478 1.4353 0.99574 2.08186 1.10178 x x 1.14429 
1.52648 x x 2.0281 2.34923 x 2.22621 1.63434 2.44088 1.06305 1.51481 1.81104 2.15674 1.79007 1.42285 1.39614 1.99921 1.61792 1.82456 1.0292 2.16938 1.45508 1.57655 1.26779 2.37715 1.62504 1.92495 x 1.50613 x x 1.95415 1.92763 1.61799 x 1.61253 1.59555 1.20007 x 2.44616 2.09919 x 2.30228 1.68426 x 1.16105 1.61133 1.16658 2.38757 x 1.85985 x 1.15351 2.64527 x 1.78725 1.62079 x 1.50008 1.63033 2.54447 1.1081 2.00799 1.71351 1.32264 x 2.85843 x 2.10854 2.41963 1.34497 1.70123 1.46454 1.89412 1.73388 x 3.09468 x x 1.49287 1.38006 
x 0.55962 1.21859 2.33009 x 2.01641 1.88323 1.70741 2.03197 1.28869 x 1.42274 0.95345 2.02066 2.07519 1.76954 x 1.12463 2.0502 x 2.49709 1.52815 1.55019 1.20499 1.58882 1.53871 1.58197 1.70473 x 1.57142 1.47943 1.86517 1.99283 2.06064 1.61253 x 1.04693 1.27314 x 2.68173 1.87434 2.14424 1.80899 1.20509 x 1.86348 1.26835 1.39222 2.44961 1.65739 1.36656 x 0.66022 3.08792 x 1.89138 1.87598 1.66988 0.99513 1.13704 1.68401 2.38994 1.89132 0.51022 0.82935 1.29952 2.89048 3.29745 1.79077 1.3769 2.12458 1.85272 0.97125 1.40083 1.38953 1.0649 2.30635 2.10266 2.09354 1.25372 1.1167 
1.76139 x 1.65508 1.93201 1.2394 1.49024 1.96412 1.31068 1.93985 1.24816 1.19115 0.87217 0.97994 1.70884 1.02826 1.57446 x x 1.81771 1.04728 1.64716 0.6214 x 1.0057 1.4967 0.68617 1.66286 1.73122 0.80508 2.03784 1.50592 x 1.22658 1.74882 1.59555 1.04693 x 0.87641 1.99765 2.68948 0.87141 1.99585 x 1.23158 1.29236 1.78033 0.95653 1.35169 x 1.26066 1.46479 1.32146 1.09671 2.7761 1.50717 x 1.34981 1.69637 1.02162 1.15787 1.5162 1.34301 1.3879 0.53671 0.92758 1.00222 2.59111 2.84359 x 1.40339 x 1.00018 1.06948 2.03852 0.3426 1.14579 2.21423 1.25012 2.02527 1.28021 1.14319 
1.39029 1.42352 x 1.15638 x 0.8427 x 0.43427 1.62023 0.46061 x 1.2086 1.20615 1.32429 1.21947 0.7314 1.79583 1.01875 0.97259 0.17087 1.28077 0.25501 x 1.12542 1.17708 1.0226 1.57335 1.35959 0.90369 x 1.69139 1.30565 0.85014 1.36427 1.20007 1.27314 0.87641 x 1.95209 2.12221 1.16041 1.11944 1.9523 1.10309 0.92597 0.90392 x 0.56414 1.49896 x 1.26068 x 1.32292 2.39155 1.14078 1.19501 0.70227 1.32474 0.89313 1.46012 1.8052 1.53422 x 0.76292 1.15379 x 2.60828 2.12374 x 1.6296 1.26886 x 1.17213 2.26473 0.53381 1.26551 1.89461 1.34873 1.18015 0.63454 0.77156 
2.66589 x 1.45931 2.43198 2.09666 2.1183 2.12395 1.51782 2.91572 2.10042 x 1.86466 1.90417 2.26138 2.37594 1.81495 2.06965 1.36535 2.05614 2.11827 2.73781 1.96908 x 1.44571 2.47257 x 1.82269 x 1.89834 2.59665 2.36318 2.32571 2.15482 2.30136 x x 1.99765 1.95209 x 3.14227 2.11506 2.37491 2.04971 x 2.38301 2.1042 1.50907 2.20395 x x 1.60728 1.53387 0.90094 3.25804 2.1682 x 1.97787 x 1.678 x 2.56776 2.69069 2.35284 1.46094 1.07007 1.90275 1.32932 3.39934 x 2.32762 2.42533 2.09344 1.21197 1.84275 1.69028 1.30562 x 2.34338 2.2637 1.6546 1.79162 
2.42046 2.34193 2.45993 x 1.46882 2.11608 2.72774 2.11489 2.28788 1.93349 2.43695 2.18931 1.72828 0.98064 2.13849 2.2003 1.88839 2.09917 1.57657 1.95134 1.86593 2.18209 2.02645 1.97855 1.84473 2.00331 2.42648 1.97868 2.06484 2.42972 1.2023 0.81656 x 1.15272 2.44616 2.68173 2.68948 2.12221 3.14227 x 2.05167 x 2.22337 x 1.51113 2.16466 x 2.03702 x 2.16472 x 2.07929 2.24133 2.18 1.29632 1.10992 1.97565 2.17787 1.74626 2.47501 1.40688 2.43622 1.33066 2.17151 2.17195 2.24802 3.41199 2.78461 x 2.66581 2.80838 1.86974 2.25255 2.73555 2.37596 1.9364 2.56226 x x 1.48767 1.62469 
1.16642 1.31472 x 1.0606 x 0.61883 2.09887 1.00018 x 1.3694 1.47515 1.74358 1.26066 x 1.89955 0.70305 1.42077 1.33689 0.9463 1.33128 2.00172 1.41542 0.78393 1.42063 0.62529 1.55758 x 2.18706 1.67649 1.16643 0.84937 1.23511 1.75893 x 2.09919 1.87434 0.87141 1.16041 2.11506 2.05167 x 1.26301 x 1.2675 1.69764 1.04411 1.48399 1.47293 1.78353 x 1.09496 1.50541 1.21412 2.57679 1.71487 1.52847 0.4784 2.04622 1.47746 x x 1.5848 1.71525 1.40812 1.04499 x 2.64751 1.97218 1.6147 2.19646 1.94906 1.87159 1.18689 2.15593 1.21401 x 1.34282 2.03835 1.15386 1.73605 1.59903 
0.49731 1.58462 1.60197 1.36681 1.484 x 1.82282 0.85709 0.66494 1.32843 1.43418 1.55414 1.74346 0.94251 1.23044 0.55996 1.8068 1.45398 1.25251 1.29031 0.73871 1.37445 0.74296 1.54088 1.10809 x x 1.59639 1.24923 1.47264 1.49233 1.10659 0.82773 0.77043 x 2.14424 1.99585 1.11944 2.37491 x 1.26301 x 2.22839 1.12441 x 1.35032 1.56272 1.43196 0.52052 x 1.40117 1.6225 1.48402 1.79771 1.12609 0.93969 0.78461 1.27295 1.33437 x 1.69691 x 1.16043 1.70576 1.31489 0.99363 1.48884 2.27839 1.26098 2.25392 2.3883 x 1.45679 2.42583 1.65325 1.55044 x 1.62482 x 1.59296 1.45594 
x 1.24937 1.70714 2.65546 2.00623 2.21369 2.03352 2.38657 x 1.49169 2.26704 1.35352 1.81374 1.57089 2.47882 2.3362 1.97922 1.27492 2.16682 1.83863 1.48968 1.80584 1.98594 1.35528 2.38214 1.16752 x 2.2436 1.04861 2.4606 1.79255 x 1.47011 x 2.30228 1.80899 x 1.9523 2.04971 2.22337 x 2.22839 x 1.77175 x 1.78841 1.41864 1.59522 1.70787 2.05201 1.51685 1.44344 1.14877 2.52033 1.34969 1.53609 2.13341 x 1.58757 1.63922 1.99713 2.79357 1.75683 x x x 3.14947 x 1.85738 2.23719 2.67316 x 1.12154 2.09058 1.93811 1.21519 3.09967 0.60357 2.29654 1.51855 x 
1.47712 1.06184 0.92363 1.3713 x x 1.37489 0.86158 1.78935 0.91437 1.41783 x 1.1381 1.03625 1.69739 0.56445 1.59302 x 1.25408 0.93222 1.66298 x x 0.41647 1.77347 1.03037 x 0.91956 1.14928 1.4106 1.5254 1.13966 1.08616 x 1.68426 1.20509 1.23158 1.10309 x x 1.2675 1.12441 1.77175 x 1.30818 1.35481 0.76001 x 1.64493 1.14477 1.19573 1.12232 0.96124 x x 0.90697 0.7891 0.88471 0.20996 0.94932 1.72998 1.38264 x 0.69487 0.79211 1.2289 2.21066 x 0.58568 1.12951 2.30923 1.34438 0.93401 1.90305 1.57418 x x 1.38353 1.46164 0.46855 0.33153 
1.35171 1.58267 1.29842 1.52058 1.34683 1.07881 2.04602 1.36024 1.75845 1.38658 x 1.14843 1.60629 0.53049 1.55624 1.44389 1.7664 1.01766 1.12642 1.09684 0.3548 x 1.30245 1.36778 x 1.09526 1.74476 1.39643 0.97635 1.90727 1.08031 0.69457 x 0.57047 x x 1.29236 0.92597 2.38301 1.51113 1.69764 x x 1.30818 x 0.65353 1.02424 1.49011 x 1.31022 x 0.99778 1.48207 x 0.21481 0.40121 1.21924 1.68734 x x 1.28489 1.72751 0.62195 1.68889 1.31294 1.05178 2.58235 x 0.7225 2.13257 1.68481 0.78125 x 2.20673 0.94976 1.22769 x 0.53131 1.33398 1.36568 1.33459 
0.97287 1.30386 0.64489 0.86705 1.92624 0.42528 2.42627 1.08749 2.01526 1.11291 1.21866 1.80196 2.01064 1.18402 x 0.79036 1.50835 1.4242 1.03361 1.07479 1.00833 1.15893 0.8915 1.59085 1.6694 x 2.12501 1.95308 x 1.25374 1.73384 1.3481 1.41913 1.224 1.16105 1.86348 1.78033 0.90392 2.1042 2.16466 1.04411 1.35032 1.78841 1.35481 0.65353 x x 1.21644 1.22652 1.28817 1.18227 1.59272 1.20326 2.25128 x 1.05474 0.56571 x 1.35856 x 1.6889 1.39125 x 1.56741 1.37239 0.77811 x 2.05949 1.37603 2.27811 2.17278 x 1.51429 2.14507 1.43773 1.60794 2.26978 1.18484 x 1.53846 1.48013 
2.06003 0.70873 1.1665 2.13131 1.46559 1.68954 1.02178 1.48934 2.22766 0.83235 1.6077 0.45636 1.2731 0.75231 1.73604 1.32446 x 0.73428 x 1.17929 1.37904 1.54797 1.41782 x 1.8415 0.27036 0.72052 1.28543 0.38927 1.26308 1.30213 0.91639 0.81077 0.79229 1.61133 1.26835 0.95653 x 1.50907 x 1.48399 1.56272 1.41864 0.76001 1.02424 x x x 1.59723 x 0.97621 x 0.60813 1.81957 x 0.62303 1.54911 0.96913 0.57583 0.74206 1.50671 1.94933 0.84377 0.82987 0.439 1.16715 2.13773 x 0.94432 1.43718 2.03418 0.58437 0.5809 1.54994 1.29913 0.20345 2.55903 0.83431 x 0.83442 0.6974 
1.70281 1.40361 1.52161 1.4689 1.84249 1.15522 x 0.99841 2.0969 0.10353 x x 1.67086 1.38454 1.78361 1.23944 1.75324 1.40002 0.86504 0.73501 1.51892 0.81915 0.689 1.04023 x 0.66552 1.48816 1.2744 0.54661 1.4914 x x x 1.55662 1.16658 1.39222 1.35169 0.56414 2.20395 2.03702 1.47293 1.43196 1.59522 x 1.49011 1.21644 x x 1.73711 x 1.63135 x 1.30301 2.5839 1.70022 x 1.01479 1.23955 x x 1.78055 2.09836 1.63399 1.22763 1.37488 x 2.83442 2.43626 1.53344 1.72749 1.833 0.74171 1.51678 2.24482 1.09795 1.13933 2.45875 0.99165 0.90838 x 0.68637 
1.01783 2.05015 1.87141 1.88733 1.91982 x 1.68946 1.37761 1.18546 1.64171 1.8137 1.72142 2.17928 x 1.75096 1.08048 2.32732 x 1.60314 1.65956 0.21819 1.24395 1.26348 1.68677 x x 1.3882 1.92094 1.54934 1.99316 1.6533 x 1.34825 1.14346 2.38757 2.44961 x 1.49896 x x 1.78353 0.52052 1.70787 1.64493 x 1.22652 1.59723 1.73711 x 1.6608 1.83258 1.57077 1.94955 2.17074 0.7878 0.9742 1.30513 1.13959 1.45448 2.00712 1.85788 1.43621 1.19494 1.93939 1.83541 1.51415 2.00936 2.77535 1.29549 2.34169 2.2578 x x 2.77972 1.52275 1.80068 2.34614 1.1043 1.8107 1.19589 1.33291 
1.49299 1.53131 1.64931 1.38717 x x 1.91712 0.81852 1.80522 x 0.69899 1.30831 1.5904 1.3668 x 0.58032 1.88094 1.06126 1.27287 0.21338 1.66502 x x x x 1.12231 1.61586 1.4021 x 1.493 1.7339 1.34816 1.23439 1.40678 x 1.65739 1.26066 x x 2.16472 x x 2.05201 1.14477 1.31022 1.28817 x x 1.6608 x 1.30319 0.89274 1.43071 x 1.4053 1.23752 0.80497 1.36725 0.93564 1.59401 1.92816 1.91137 1.45826 1.14717 1.35654 0.51006 2.62912 x 1.55881 1.85519 1.65311 1.1985 1.21464 2.37252 0.91806 1.30802 2.27886 1.44844 1.48043 0.67705 0.81407 
1.30458 0.80694 x 1.19876 0.97324 0.75699 1.59109 1.13834 x 1.52782 1.57542 0.85974 1.2327 1.36046 x 0.84121 1.22628 0.24193 1.08446 1.08981 1.61439 1.33879 0.94235 0.91285 1.34915 x x 1.69537 1.16465 1.30459 1.23976 1.52454 1.58615 1.40044 1.85985 1.36656 1.46479 1.26068 1.60728 x 1.09496 1.40117 1.51685 1.19573 x 1.18227 0.97621 1.63135 1.83258 1.30319 x 0.41045 0.70634 2.42772 1.04478 1.23118 x x 0.98577 1.14544 1.44434 1.72296 1.45192 0.92808 0.53721 1.19302 2.70704 2.11034 1.55247 1.79476 2.23073 1.35975 0.39531 1.64815 1.49568 0.77276 2.06668 1.60969 1.29202 1.24436 1.10734 
1.71503 x 1.1913 1.60921 0.89983 1.16744 1.51768 x 1.71889 1.19728 1.16497 0.44929 1.15929 1.09865 1.72923 1.25166 x 0.16852 1.49491 0.67936 1.35258 1.10524 0.87954 0.83944 1.27574 0.63529 1.21642 1.62196 0.7542 1.30079 1.16635 1.26273 1.1757 1.13863 x x 1.32146 x 1.53387 2.07929 1.50541 1.6225 1.44344 1.12232 0.99778 1.59272 x x 1.57077 0.89274 0.41045 x 0.63293 2.16591 0.78297 0.96937 1.02701 1.46503 0.91236 x 1.37093 2.04398 x 0.85467 0.4638 0.97604 2.5551 2.43609 1.29066 1.72135 2.11909 0.9493 0.3219 x x 0.69935 1.99327 x 1.70247 1.14303 1.03393 
1.98133 x x 1.9051 1.19572 1.46333 x 1.68262 2.01478 1.19948 1.63766 0.96372 1.00323 1.36044 x x 1.16871 0.46441 1.7908 1.21733 x 1.06814 x 0.54477 x 0.87849 0.92175 1.47871 0.9974 1.69571 1.46224 1.42477 1.33261 1.40042 1.15351 0.66022 1.09671 1.32292 0.90094 2.24133 1.21412 1.48402 1.14877 0.96124 1.48207 1.20326 0.60813 1.30301 1.94955 1.43071 0.70634 0.63293 x 2.4277 1.26726 1.23116 1.3229 1.17036 x 0.67802 1.66682 1.78975 1.4519 0.56 0.16913 1.3493 x 2.73198 1.54692 1.42668 1.52439 1.1925 0.31103 0.94181 x x x 1.44244 1.99836 0.75366 0.89068 
x 2.5283 2.6562 1.87336 2.0157 x x 2.27925 2.46265 2.48037 2.16974 2.27593 2.27516 1.19936 2.01305 2.32304 2.43527 x 1.79529 2.22068 1.95255 2.26871 2.35187 2.16311 x 2.08993 2.39276 1.85324 x 2.78642 1.74918 1.36344 2.62544 1.02728 2.64527 3.08792 2.7761 2.39155 3.25804 2.18 2.57679 1.79771 2.52033 x x 2.25128 1.81957 2.5839 2.17074 x 2.42772 2.16591 2.4277 x 1.38294 1.19654 2.09839 2.14415 2.29314 2.56163 x 2.3278 1.41728 2.64944 2.25857 2.51736 1.92872 0.60461 1.51783 3.21269 x 2.379 2.33917 1.74046 2.46258 x 3.10914 x x 2.03455 2.17157 
1.56652 1.36786 1.51323 x 1.13202 1.29362 1.83121 1.26911 1.79103 1.59669 1.45552 0.93362 1.39148 0.31568 1.34143 1.53534 x 0.80285 x x 0.56961 0.88577 1.51387 x x 1.07979 x x 1.19116 1.99872 0.8655 0.47976 1.61266 0.35566 x x 1.50717 1.14078 2.1682 1.29632 1.71487 1.12609 1.34969 x 0.21481 x x 1.70022 0.7878 1.4053 1.04478 0.78297 1.26726 1.38294 x 0.1864 1.31069 1.47253 1.30333 1.21932 1.07008 1.5127 0.40714 1.489 x 1.26659 2.61493 x 0.50769 2.22288 1.64892 0.99606 x 1.99192 1.16457 x 2.22546 0.74612 1.11917 1.15087 1.28789 
1.437 1.33176 1.45966 1.70649 0.94562 1.26472 x 1.08271 1.60463 1.41029 1.50975 1.07939 1.20508 x 1.15503 x 1.36519 0.98925 0.72521 x 0.75601 1.07217 1.45008 0.96657 1.32153 0.89339 1.34355 0.99522 1.0123 1.81232 0.6791 0.29336 x 0.16926 1.78725 1.89138 x 1.19501 x 1.10992 1.52847 0.93969 1.53609 0.90697 0.40121 1.05474 0.62303 x 0.9742 1.23752 1.23118 0.96937 1.23116 1.19654 0.1864 x 1.12429 1.28613 1.11693 1.36509 0.88368 x 0.22074 1.4529 x 1.32082 2.42853 1.80115 0.32129 2.03648 x 1.18246 1.14263 1.80552 1.26604 x 2.03906 x 0.93277 x 1.10149 
0.68802 1.4235 x 0.5822 1.4796 0.14043 2.07748 0.52178 1.44955 0.91126 1.01701 x 1.73906 0.99501 1.42115 0.22465 1.84284 0.85849 0.4679 0.87314 1.52332 0.95728 0.32579 1.20557 1.10369 1.47325 x 1.70866 1.35434 0.68803 1.32777 1.15909 1.30079 1.16709 1.62079 1.87598 1.34981 0.70227 1.97787 1.97565 0.4784 0.78461 2.13341 0.7891 1.21924 0.56571 1.54911 1.01479 1.30513 0.80497 x 1.02701 1.3229 2.09839 1.31069 1.12429 x 1.67381 x x 1.12319 1.1064 1.23685 1.36576 1.15377 0.57646 2.27345 1.49378 1.1363 1.91861 x 1.54944 1.01187 2.26471 x 1.34566 1.82122 1.75055 0.67546 1.25765 1.12063 
x x 1.38842 2.25601 x 1.81424 x x 1.93789 1.13602 1.63948 1.42549 1.60289 1.28895 1.26413 1.44916 1.81467 x 1.88344 1.15387 1.35778 x 1.70122 0.90577 x 1.23949 0.24861 1.14121 x 1.3368 1.74705 1.36131 1.7799 1.11687 x 1.66988 1.69637 1.32474 x 2.17787 2.04622 1.27295 x 0.88471 1.68734 x 0.96913 1.23955 1.13959 1.36725 x 1.46503 1.17036 2.14415 1.47253 1.28613 1.67381 x 0.67475 1.5693 1.95163 1.57888 x 1.15966 1.00123 1.45055 2.69996 2.50221 1.47039 1.2021 2.5936 1.5535 1.14313 2.11217 1.85855 x 2.95579 1.60518 1.94087 x 0.55318 
1.68708 0.87766 0.71367 1.58126 1.1876 1.13949 1.19071 x 1.99931 x 1.20787 1.03219 x 1.09378 x 0.77441 1.38306 0.74384 x x 1.56782 1.14814 x 0.23229 1.56351 0.84619 x 0.7096 0.9651 1.20064 1.31544 0.9297 1.29612 1.26586 1.50008 0.99513 1.02162 0.89313 1.678 1.74626 1.47746 1.33437 1.58757 0.20996 x 1.35856 0.57583 x 1.45448 0.93564 0.98577 0.91236 x 2.29314 1.30333 1.11693 x 0.67475 x 0.89455 x 1.5926 0.89619 0.48491 0.60793 1.01894 2.02648 2.49284 0.79564 0.91955 x 1.1602 0.74983 1.71887 1.36422 x 2.28104 1.17357 1.50926 x 0.12157 
2.23565 0.57742 1.23639 x 1.63482 1.68806 x 1.02585 2.45388 1.03369 x 0.2857 x 1.49437 x x 1.84673 0.90351 1.56417 1.38063 1.78893 1.71513 1.61453 1.0856 2.01073 0.4717 1.46258 1.60415 x 2.00514 1.90134 x x 1.53435 1.63033 1.13704 1.15787 1.46012 x 2.47501 x x 1.63922 0.94932 x x 0.74206 x 2.00712 1.59401 1.14544 x 0.67802 2.56163 1.21932 1.36509 x 1.5693 0.89455 x 2.10592 2.33196 1.58583 1.23802 0.84715 1.36849 1.82011 3.04141 1.535 1.63852 2.20241 0.78571 0.98905 x 1.46736 0.94551 x 1.03565 x 1.15314 1.01612 
1.81121 1.76742 1.75413 1.32451 x x 2.41538 1.64497 x 1.70725 2.11994 1.82022 0.73056 0.7544 1.46703 x 0.89067 1.20241 1.35033 1.7251 1.63969 1.95585 1.42872 1.75231 0.84701 x 2.20024 x 1.8386 1.81122 0.20458 0.59032 2.2601 x 2.54447 1.68401 1.5162 1.8052 2.56776 1.40688 x 1.69691 1.99713 1.72998 1.28489 1.6889 1.50671 1.78055 1.85788 1.92816 1.44434 1.37093 1.66682 x 1.07008 0.88368 1.12319 1.95163 x 2.10592 x 1.78178 1.10442 1.17379 1.49769 1.67939 3.18575 2.55837 1.20497 x 1.9778 1.6435 1.35579 2.50931 x 1.71016 1.56454 1.39356 1.55789 x 1.39845 
x 1.89035 1.75457 x 1.31068 0.96597 1.63153 1.62818 1.58063 1.99483 1.84896 2.21518 1.57014 1.45558 0.31475 1.33105 x x 1.5743 1.70509 x x 1.43219 x x 2.02918 1.33027 1.90013 x 1.79443 x x 1.74342 1.30052 1.1081 2.38994 1.34301 1.53422 2.69069 2.43622 1.5848 x 2.79357 1.38264 1.72751 1.39125 1.94933 2.09836 1.43621 1.91137 1.72296 2.04398 1.78975 2.3278 1.5127 x 1.1064 1.57888 1.5926 2.33196 1.78178 x 1.54704 x x 1.66003 x 2.60018 x 2.51215 1.73546 2.34319 2.02884 2.73156 1.00041 1.84734 2.40412 2.25882 x 1.85119 x 
1.65774 1.5525 1.23892 1.81905 x 1.37728 1.86555 0.86197 1.82537 1.53046 1.61098 1.30013 1.42582 0.35002 1.37577 1.1591 x 1.20999 0.76895 1.24488 x x 1.56264 1.1027 1.54227 1.11413 1.56429 1.21596 x x 0.89984 0.5141 1.65454 x 2.00799 1.89132 1.3879 x 2.35284 1.33066 1.71525 1.16043 1.75683 x 0.62195 x 0.84377 1.63399 1.19494 1.45826 1.45192 x 1.4519 1.41728 0.40714 0.22074 1.23685 x 0.89619 1.58583 1.10442 1.54704 x 1.3811 1.28277 1.42205 2.64927 2.02189 0.10055 1.81574 1.78035 1.4032 1.36337 2.02626 1.0453 1.04722 2.2598 x 0.97651 x 1.01776 
1.57533 0.6606 1.11837 1.81987 0.70269 1.50619 1.44475 x 1.52175 1.1241 1.07766 1.28623 0.44323 x 1.56497 1.25932 1.12226 x 1.73551 0.93379 2.04369 1.01793 1.03997 x 1.0786 1.10023 1.14349 1.19451 1.21914 1.68555 x 1.35495 1.51363 1.62216 1.71351 0.51022 0.53671 0.76292 1.46094 2.17151 1.40812 1.70576 x 0.69487 1.68889 1.56741 0.82987 1.22763 1.93939 1.14717 0.92808 0.85467 0.56 2.64944 1.489 1.4529 1.36576 1.15966 0.48491 1.23802 1.17379 x 1.3811 x 0.39087 0.7893 2.51139 2.78723 1.28055 0.86668 1.61436 1.41424 0.53277 1.50181 0.87931 x x 1.65848 1.92895 0.7435 0.60648 
1.8122 0.26973 0.7275 1.73597 1.02659 1.2942 1.05388 1.52144 1.84565 1.27135 1.46853 x 0.8341 1.19131 1.57594 1.35656 0.99958 0.29528 x 1.14316 1.66774 x x 0.37564 1.4025 0.70936 0.75262 1.31753 0.82827 1.70208 1.29311 1.35539 1.24977 1.23129 1.32264 0.82935 0.92758 1.15379 1.07007 2.17195 1.04499 1.31489 x 0.79211 1.31294 1.37239 0.439 1.37488 1.83541 1.35654 0.53721 0.4638 0.16913 2.25857 x x 1.15377 1.00123 0.60793 0.84715 1.49769 x 1.28277 0.39087 x 1.18017 x 2.56285 1.37779 1.25755 1.69352 1.02337 0.1419 1.11094 0.95847 0.23555 2.12003 1.27331 1.82923 0.86652 0.7295 
1.26448 1.4499 1.423 1.03057 1.49199 0.71689 1.91304 x 1.65857 x 0.44055 1.08279 1.23253 1.4501 1.34528 0.80111 1.91156 0.96169 1.04436 x 1.40658 0.38082 0.25067 1.25123 1.30289 0.89679 1.69916 1.4854 0.77788 x 1.75851 1.43146 0.72433 1.49008 x 1.29952 1.00222 x 1.90275 2.24802 x 0.99363 x 1.2289 1.05178 0.77811 1.16715 x 1.51415 0.51006 1.19302 0.97604 1.3493 2.51736 1.26659 1.32082 0.57646 1.45055 1.01894 1.36849 1.67939 1.66003 1.42205 0.7893 1.18017 x 2.48247 1.99793 x x 1.39467 0.97298 1.11507 2.29111 0.65962 1.3706 2.02042 1.22292 1.13965 0.76035 0.89737 
1.98615 2.33086 2.74015 2.85565 2.97284 2.41388 2.75261 2.34593 2.15378 2.73089 2.92302 2.10581 2.95462 2.43135 2.71928 2.0488 3.16941 2.46511 2.74135 2.74874 2.22755 2.52731 2.2318 1.79419 2.59693 2.29181 2.45135 2.73608 2.41072 2.96148 2.98117 x 2.31657 x 2.85843 2.89048 2.59111 2.60828 1.32932 3.41199 2.64751 1.48884 3.14947 2.21066 2.58235 x 2.13773 2.83442 2.00936 2.62912 2.70704 2.5551 x 1.92872 2.61493 2.42853 2.27345 2.69996 2.02648 1.82011 3.18575 x 2.64927 2.51139 x 2.48247 x 2.53333 2.74982 x 1.51346 x 2.31173 x 2.24851 1.93428 3.31446 2.85576 2.94891 2.28507 2.14805 
2.1818 2.83258 2.70438 1.26875 2.62031 1.63421 1.95234 2.01556 2.94333 x 2.43848 2.88054 2.87977 1.80397 x x 3.03988 2.26757 1.96168 x 2.55716 2.37875 1.74726 2.69935 x 2.69454 2.2536 x x 2.18181 2.35379 1.96805 2.72226 1.63189 x 3.29745 2.84359 2.12374 3.39934 2.78461 1.97218 2.27839 x x x 2.05949 x 2.43626 2.77535 x 2.11034 2.43609 2.73198 0.60461 x 1.80115 1.49378 2.50221 2.49284 3.04141 2.55837 2.60018 2.02189 2.78723 2.56285 1.99793 2.53333 x x 3.41239 3.3926 x 2.42095 2.34507 x 2.62763 3.315 2.73367 2.16924 2.63916 2.61441 
1.75829 1.64752 1.13837 1.7185 1.26691 1.27673 1.96057 0.76142 1.92592 1.42991 1.51043 1.40068 x x x x 1.68648 1.31054 0.6684 x 1.0773 1.39346 1.46209 1.00215 1.64282 1.21468 1.65931 1.31651 x 1.82433 1.00039 0.61465 1.67184 x 2.10854 1.79077 x x x x 1.6147 1.26098 1.85738 0.58568 0.7225 1.37603 0.94432 1.53344 1.29549 1.55881 1.55247 1.29066 1.54692 1.51783 0.50769 0.32129 1.1363 1.47039 0.79564 1.535 1.20497 x 0.10055 1.28055 1.37779 x 2.74982 x x x x 1.50375 1.46392 2.12681 1.14585 x x 1.25381 0.87596 1.05423 x 
2.44201 1.52728 1.63322 2.50081 1.56937 2.05904 x 1.83306 x 1.62396 1.94434 1.35282 1.30991 2.01333 2.43165 1.69396 1.98894 1.55283 2.35561 1.64181 2.48737 1.88461 1.90665 1.15184 x x 1.45071 1.62915 x 2.12019 1.83589 1.84925 1.70723 2.18541 2.41963 1.3769 1.40339 1.6296 2.32762 2.66581 2.19646 2.25392 2.23719 1.12951 2.13257 2.27811 1.43718 1.72749 2.34169 1.85519 1.79476 1.72135 1.42668 3.21269 2.22288 2.03648 1.91861 1.2021 0.91955 1.63852 x 2.51215 1.81574 0.86668 1.25755 x x 3.41239 x x 2.48104 1.48083 1.39945 2.36849 1.74599 1.29193 2.66281 1.73077 2.42881 1.17814 1.04112 
2.15384 1.62499 2.08276 2.42524 2.00442 2.11063 2.73749 1.70313 2.82348 1.72947 1.5836 1.94982 x x x 2.00026 1.99707 1.9888 2.24145 1.43973 2.03961 1.01385 1.64534 2.06916 2.38033 x x 2.137 1.88273 2.65823 2.18238 1.99182 2.119 1.86772 1.34497 2.12458 x 1.26886 2.42533 2.80838 1.94906 2.3883 2.67316 2.30923 1.68481 2.17278 2.03418 1.833 2.2578 1.65311 2.23073 2.11909 1.52439 x 1.64892 x x 2.5936 x 2.20241 1.9778 1.73546 1.78035 1.61436 1.69352 1.39467 1.51346 3.3926 x 2.48104 x x 1.83542 2.4662 0.73505 1.92907 3.09786 2.21612 2.44901 x 2.04042 
1.94164 1.2931 1.39084 2.00355 1.70544 1.68987 1.60615 x 2.10927 0.63818 1.41353 x x x 2.02844 x 2.02295 1.11782 1.39969 0.98512 1.13605 1.3538 1.22365 0.92791 2.08135 0.31401 1.30489 1.80187 0.1951 1.84745 1.43892 1.05318 0.6166 1.35172 1.70123 1.85272 1.00018 x 2.09344 1.86974 1.87159 x x 1.34438 0.78125 x 0.58437 0.74171 x 1.1985 1.35975 0.9493 1.1925 2.379 0.99606 1.18246 1.54944 1.5535 1.1602 0.78571 1.6435 2.34319 1.4032 1.41424 1.02337 0.97298 x x 1.50375 1.48083 x x 1.16527 2.13431 x 0.78782 2.79888 x 1.44303 1.084 1.21384 
1.69989 0.41163 0.8694 x 0.88469 1.1523 x 1.53365 1.70375 1.41325 1.48687 x 0.976 x 1.71409 1.23652 x 0.15338 1.47977 1.00126 1.52584 1.25024 0.8644 0.51754 1.2606 x 0.89452 x x x 1.15121 1.43599 1.39167 1.31189 1.46454 0.97125 1.06948 1.17213 1.21197 2.25255 1.18689 1.45679 1.12154 0.93401 x 1.51429 0.5809 1.51678 x 1.21464 0.39531 0.3219 0.31103 2.33917 x 1.14263 1.01187 1.14313 0.74983 0.98905 1.35579 2.02884 1.36337 0.53277 0.1419 1.11507 2.31173 2.42095 1.46392 1.39945 1.83542 1.16527 x 1.25284 1.10037 0.37745 1.97813 1.41521 1.68733 1.00842 x 
2.92314 0.84121 1.50018 x x x 2.16482 2.44448 2.95659 2.14129 x x 1.94504 1.9348 x 2.4675 2.11052 1.40622 2.53073 2.15914 x 2.00995 2.11724 x x 1.8203 1.86356 2.42052 x 2.63752 2.30473 1.91899 2.27442 1.97478 1.89412 1.40083 2.03852 2.26473 1.84275 2.73555 2.15593 2.42583 2.09058 1.90305 2.20673 2.14507 1.54994 2.24482 2.77972 2.37252 1.64815 x 0.94181 1.74046 1.99192 1.80552 2.26471 2.11217 1.71887 x 2.50931 2.73156 2.02626 1.50181 1.11094 2.29111 x 2.34507 2.12681 2.36849 2.4662 2.13431 1.25284 x 1.73115 1.34649 3.23097 2.38425 2.73829 1.69547 1.83249 
1.41879 0.88994 x x 1.582 1.37558 2.00244 x 2.15404 0.99442 0.84855 1.21477 1.32254 x 0.68566 x x 1.25375 1.5064 0.70468 1.30456 0.2788 0.91029 1.33411 1.71089 1.02877 1.70118 1.8934 x 1.92318 x 1.5594 1.38395 1.4353 1.73388 1.38953 0.3426 0.53381 1.69028 2.37596 1.21401 1.65325 1.93811 1.57418 0.94976 1.43773 1.29913 1.09795 1.52275 0.91806 1.49568 x x 2.46258 1.16457 1.26604 x 1.85855 1.36422 1.46736 x 1.00041 1.0453 0.87931 0.95847 0.65962 2.24851 x 1.14585 1.74599 0.73505 x 1.10037 1.73115 x 1.19402 x 1.48107 1.71396 x 1.30537 
2.03368 0.50528 0.96305 1.92786 1.26214 1.48609 x 1.28589 2.0812 1.0358 1.58025 0.65981 1.06965 0.95576 1.53259 1.12101 1.23513 x 1.55169 1.09464 1.58249 1.47282 1.24185 0.14009 1.63805 x 0.51707 1.08198 0.59272 1.46653 1.50558 1.11984 x 0.99574 x 1.0649 1.14579 1.26551 1.30562 1.9364 x 1.55044 1.21519 x 1.22769 1.60794 0.20345 1.13933 1.80068 1.30802 0.77276 0.69935 x x x x 1.34566 x x 0.94551 1.71016 1.84734 1.04722 x 0.23555 1.3706 1.93428 2.62763 x 1.29193 1.92907 0.78782 0.37745 1.34649 1.19402 x x 1.03776 1.75925 0.63097 x 
2.32293 2.38976 2.37647 2.28627 1.09344 1.8445 3.03772 2.32888 1.16068 2.35522 1.76435 2.44256 1.3529 1.90978 2.08937 2.04587 1.51301 1.82475 2.28912 2.06548 2.56433 2.14962 2.12675 2.43076 0.71753 2.62856 x 2.90782 2.74747 2.50925 1.35996 1.7457 2.65335 2.08186 3.09468 2.30635 2.21423 1.89461 x 2.56226 1.34282 x 3.09967 x x 2.26978 2.55903 2.45875 2.34614 2.27886 2.06668 1.99327 x 3.10914 2.22546 2.03906 1.82122 2.95579 2.28104 x 1.56454 2.40412 2.2598 x 2.12003 2.02042 3.31446 3.315 x 2.66281 3.09786 2.79888 1.97813 3.23097 x x x 2.54894 x 2.41681 2.40261 
1.88302 1.54304 1.64078 2.05189 1.4555 x 1.85609 1.783 2.27456 0.88812 1.66347 x 1.71496 x x x x 1.36776 x 1.23506 x 1.20227 1.47359 1.17785 1.83141 0.56395 1.55483 1.64003 x 1.85703 1.18898 x 0.86654 1.10178 x 2.10266 1.25012 1.34873 2.34338 x 2.03835 1.62482 0.60357 1.38353 0.53131 1.18484 0.83431 0.99165 1.1043 1.44844 1.60969 x 1.44244 x 0.74612 x 1.75055 1.60518 1.17357 1.03565 1.39356 2.25882 x 1.65848 1.27331 1.22292 2.85576 2.73367 1.25381 1.73077 2.21612 x 1.41521 2.38425 1.48107 1.03776 2.54894 x 1.69297 x 1.052 
1.36348 2.0482 x 1.25766 1.61983 0.81589 2.49074 0.74588 x 0.80485 1.49489 1.55284 x 0.80349 1.96134 0.90011 2.0394 1.53395 0.20756 1.35102 1.59251 x 1.00125 1.74155 1.77915 x 2.18948 1.80153 1.24793 1.36349 1.35331 0.96757 1.66943 x x 2.09354 2.02527 1.18015 2.2637 x 1.15386 x 2.29654 1.46164 1.33398 x x 0.90838 1.8107 1.48043 1.29202 1.70247 1.99836 x 1.11917 0.93277 0.67546 1.94087 1.50926 x 1.55789 x 0.97651 1.92895 1.82923 1.13965 2.94891 2.16924 0.87596 2.42881 2.44901 1.44303 1.68733 2.73829 1.71396 1.75925 x 1.69297 x 1.25067 1.38769 
x 0.85426 x 1.79092 1.32337 1.39808 1.24007 0.92896 2.14243 x x 1.19381 1.18673 0.83519 1.78025 x 1.20389 1.00243 1.20733 0.46367 1.41408 0.88955 x 0.49088 1.69928 1.00781 0.93881 x 0.8889 0.94205 1.05685 0.67111 1.3104 x 1.49287 1.25372 1.28021 0.63454 1.6546 1.48767 1.73605 1.59296 1.51855 0.46855 1.36568 1.53846 0.83442 x 1.19589 0.67705 1.24436 1.14303 0.75366 2.03455 1.15087 x 1.25765 x x 1.15314 x 1.85119 x 0.7435 0.86652 0.76035 2.28507 2.63916 1.05423 1.17814 x 1.084 1.00842 1.69547 x 0.63097 2.41681 x 1.25067 x x 
1.80865 0.99128 0.83524 1.70283 1.30917 x 1.10305 0.79194 2.12088 0.58284 1.0863 1.15376 1.04971 0.97221 1.81731 0.89598 1.26149 0.86541 1.33026 x 1.5511 1.02657 1.14804 0.35386 1.68508 0.96776 0.80179 0.58803 1.02592 1.07907 1.19387 0.80813 1.41769 1.14429 1.38006 1.1167 1.14319 0.77156 1.79162 1.62469 1.59903 1.45594 x 0.33153 1.33459 1.48013 0.6974 0.68637 1.33291 0.81407 1.10734 1.03393 0.89068 2.17157 1.28789 1.10149 1.12063 0.55318 0.12157 1.01612 1.39845 x 1.01776 0.60648 0.7295 0.89737 2.14805 2.61441 x 1.04112 2.04042 1.21384 x 1.83249 1.30537 x 2.40261 1.052 1.38769 x x 
