50
25
location1 location2 location3 location4 location5 location6 location7 location8 location9 location10 location11 location12 location13 location14 location15 location16 location17 location18 location19 location20 location21 location22 location23 location24 location25 location26 location27 location28 location29 location30 location31 location32 location33 location34 location35 location36 location37 location38 location39 location40 location41 location42 location43 location44 location45 location46 location47 location48 location49 location50 
location10 location31 location17 location6 location49 location46 location26 location11 location44 location38 location24 location15 location16 location39 location23 location5 location14 location12 location28 location32 location42 location27 location33 location37 location48 
location1
x 258686407 216920868 236902821 196475760 213051959 199642280 343647183 310006524 270781177 243679417 174618497 244822581 120344956 312202113 277523474 268568818 361398291 366313060 254786550 201419318 249973938 230228167 282943222 286310553 117804731 177940878 190927288 326185283 247141095 385548027 171241297 336918957 150372368 289408239 197271618 193224242 168455611 277356416 261576226 200779236 191063007 100550304 246767535 204996780 193089233 279371957 432713863 244638215 311531627
258686407 x 184495040 60803108 244137056 115856610 137614148 234209275 130100373 75565191 231094790 112590365 114321419 173055772 264627623 181112351 153856426 310602400 171097074 153193641 91981410 142547096 209878730 200640164 262691562 144786623 80745529 148868959 258283680 215059229 269244999 109213165 266046640 108314039 150698658 242835279 151165913 94135743 162644024 131075064 96926693 149004678 162041050 249265467 172914914 151030904 216661045 256614150 14048192 130690311
216920868 184495040 x 197878671 267141038 138860592 160618130 324854923 272692834 209387442 198961752 135594347 170631214 204839684 238010746 218244182 242149703 333606382 304919325 203470664 276476450 192301955 192914477 243919072 241592888 167790605 103749511 116735921 306690356 238063211 311356660 132217147 327841073 76181001 252094549 159957928 119032875 117139725 236712509 187384859 161755086 116871640 185045032 209453845 195918896 118897866 242058267 393689713 170446848 260215741
236902821 60803108 197878671 x 230740259 129240241 87308107 254887463 190903481 136368299 242258711 62284324 161010863 168438905 239111850 185213376 157957451 260296359 231900182 167069885 152784518 203350204 190911065 139837056 284889847 131389826 94129160 162252590 297070005 201662432 330048107 65661524 291440294 121697670 211501766 195850912 164549544 80738946 166745049 177764508 36123585 162388309 148644253 188462359 159518117 164414535 155857937 195811042 74851300 191493419
196475760 244137056 267141038 230740259 x 198502608 193479718 240738856 191226865 252326879 189545849 168455935 230273230 195463270 225041857 171064769 161384040 366467970 275194299 186883885 276537632 276058054 218360076 276780660 232176985 192923045 163391527 231514957 366332372 113366457 330371491 165078735 203144319 190960037 211825150 235953648 233811911 150001313 152596442 247026875 194616674 231650676 175668618 265497261 71222142 233676902 232892839 404511117 230088864 293077329
213051959 115856610 138860592 129240241 198502608 x 91979700 276666472 245956983 70526850 185460342 66955917 31770622 136201254 224509336 170055731 197311656 264967952 166058733 134832234 207838020 151314436 188828258 175280642 180140765 99152175 35111081 103234511 238051926 169424781 297855250 63578717 259202643 62679591 248008330 207546977 105531465 48501295 188524058 48524267 93116656 103370230 116406602 245455430 127280466 105396456 212851008 325051283 101808418 191577311
199642280 137614148 160618130 87308107 193479718 91979700 x 269948400 228302183 145803971 161975076 25023783 123750322 131178364 201851309 195819133 173018388 172988252 241335854 129809344 212252726 200558083 148523826 83300942 204606212 94129285 56868619 124992049 259809464 164401891 319612788 28400983 254179753 84437129 207703898 115567277 127289003 43478405 181805986 140503967 51184522 125127768 111383712 165063194 122257576 127153994 170918874 283119149 123565956 186554421
343647183 234209275 324854923 254887463 240738856 276666472 269948400 x 233684405 235835695 233270396 244924617 244895850 223302227 190126013 106610741 96930012 433283699 210740271 285178457 142227865 295895360 153906048 353249342 275901532 260351306 261686099 303453634 412100679 211661029 324542733 248301817 301438891 262898714 213086120 186862597 224369310 248295885 88142414 261649495 218763878 222208075 243096879 173467677 169516714 305615579 168438811 340057089 248257467 333836616
310006524 130100373 272692834 190903481 191226865 245956983 228302183 233684405 x 205665564 159142705 208405098 244421792 189661568 247525590 127073664 154329589 359156008 268139848 235666466 222081783 260573787 79778357 161707554 201773841 226710647 210845902 278969332 256588742 162149038 139144626 205027898 251926900 238414412 20598285 112734906 239071582 198783894 145541991 261175437 227027066 241232817 209456220 162230823 120004723 281131277 133117238 359023971 144148565 260790684
270781177 75565191 209387442 136368299 252326879 70526850 145803971 235835695 205665564 x 229757507 120780188 38756228 190025525 249676880 166161608 156480879 318792223 95531883 169961755 167546601 80787586 213456915 229104913 187126371 152976446 105637931 173761361 182718489 223249052 300162605 117402988 190481449 133206441 226263849 246413464 176058315 102325566 147693281 55509873 146940927 173897080 170230873 240848557 181104737 154191675 208244135 317200649 61516999 178159118
243679417 231094790 198961752 242258711 189545849 185460342 161975076 233270396 159142705 229757507 x 182194097 191001279 123334461 138302412 126659655 153915580 200013303 267725839 233985450 204408823 238901705 79364348 245276018 42631136 160383540 150349261 163335671 271982716 160468022 257090761 178816897 250245884 122780751 138544420 46407799 79928877 163739475 145127982 174247634 206135126 82090112 143129113 95903716 118323707 165497616 128508138 231656531 217046598 306815491
174618497 112590365 135594347 62284324 168455935 66955917 25023783 244924617 208405098 120780188 182194097 x 98726539 106154581 176827526 175250530 147994605 198012035 216312071 104785561 187228943 175534300 128626741 108324725 224825233 69105502 31844836 99968266 234785681 139378108 294589005 3377200 229155970 59413346 187806813 140591060 102265220 18454622 156782203 115480184 26160739 100103985 86359929 178499513 97233793 102130211 145895091 258095366 98542173 161530638
244822581 114321419 170631214 161010863 230273230 31770622 123750322 244895850 244421792 38756228 191001279 98726539 x 167971876 256279958 138285109 165541034 296738574 134288111 166602856 206302829 119543814 185580416 207051264 148370143 130922797 66881703 135005133 221474717 201195403 329625872 95349339 229237677 94450213 244760488 218536965 137302087 80271917 156753436 16753645 124887278 135140852 148177224 268032882 159051088 137167078 237049833 355956877 100273227 216915346
120344956 173055772 204839684 168438905 195463270 136201254 131178364 223302227 189661568 190025525 123334461 106154581 167971876 x 258995059 157178518 148223862 280642639 279609317 174030898 81074362 169218286 109883211 214479306 165965597 37049079 101090173 169213603 245429631 166385443 287609624 102777381 256163305 128658683 169063283 76926662 171510557 87699959 157011460 184725521 132315320 169349322 19794652 126422579 124241128 171375548 159027001 354990992 167787510 230775975
312202113 264627623 238010746 239111850 225041857 224509336 201851309 190126013 247525590 249676880 138302412 176827526 256279958 258995059 x 120451926 110771197 338315715 224581456 281613087 273979318 192516969 167747233 285152251 180933548 245933028 189398255 202384665 368215235 225502214 338383918 180204726 315280076 161829745 226927305 184710211 204681619 195282148 101983599 273033603 202988265 202520384 263187455 214884418 183357899 119112880 182279996 353898274 256095592 272506031
277523474 181112351 218244182 185213376 171064769 170055731 195819133 106610741 127073664 166161608 126659655 175250530 138285109 157178518 120451926 x 27255925 326672958 141066184 215504370 238252880 226221273 47295307 279120075 169290791 194227597 192012012 233779547 342426592 141986942 225021720 172544848 231764804 193224627 106475379 80251856 154695223 178621798 18468327 155038754 149089791 152533988 176973170 129747773 99842627 235941492 98764724 270383002 195160543 311802662
268568818 153856426 242149703 157957451 161384040 197311656 173018388 96930012 154329589 156480879 153915580 147994605 165541034 148223862 110771197 27255925 x 346006640 131385455 205823641 229298224 198965348 74551232 256319330 196546716 185272941 179839441 206523622 315170667 132306213 227612721 151371805 222084075 165968702 133731304 107507781 127439298 166449227 8787598 182294679 121833866 125278063 168018514 104113221 90161898 208685567 71508799 260702273 167904618 284546737
361398291 310602400 333606382 260296359 366467970 264967952 172988252 433283699 359156008 318792223 200013303 198012035 296738574 280642639 338315715 326672958 346006640 x 414324106 302797596 361717001 373546335 279377651 256289194 157382167 267117537 229856871 297980301 432797716 337390143 457104064 201389235 427168005 257425381 338557723 246421102 279942180 216466657 345141285 288998665 224172774 282103415 260847987 295917019 295245828 300142246 328521441 431669834 296554208 359542673
366313060 171097074 304919325 231900182 275194299 166058733 241335854 210740271 268139848 95531883 267725839 216312071 134288111 279609317 224581456 141066184 131385455 414324106 x 265493638 263078484 176319469 188361491 324636796 262104489 248508329 201169814 269293244 278250372 246116472 358998176 212934871 286013332 228738324 247541563 221318040 258824753 197857449 122597857 151041756 242472810 256663518 265762756 235498676 203972157 249723558 202894254 374512532 157048882 273691001
254786550 153193641 203470664 167069885 186883885 134832234 129809344 285178457 235666466 169961755 233985450 104785561 166602856 174030898 281613087 215504370 205823641 302797596 265493638 x 245175051 89174169 226657902 213110286 276616586 136981819 99721153 167844583 302661998 73517428 362465322 101408361 247583920 127289663 256264751 245376621 170141537 86330939 197036043 183356501 130946300 167980302 154236246 249235140 115661743 162578258 216630718 325587232 166418490 229406955
201419318 91981410 276476450 152784518 276537632 207838020 212252726 142227865 222081783 167546601 204408823 187228943 206302829 81074362 273979318 238252880 229298224 361717001 263078484 245175051 x 234528506 190957573 292621574 247039959 118123441 172726939 240850369 326503993 247459805 211121830 183851743 337237667 200295449 242680068 158001024 243147323 168774321 230370279 223056474 188908103 240986088 100869014 207496941 205315490 243012314 240101363 348595560 106029602 222671721
249973938 142547096 192301955 203350204 276058054 151314436 200558083 295895360 260573787 80787586 238901705 175534300 119543814 169218286 192516969 226221273 198965348 373546335 176319469 89174169 234528506 x 180795430 283859025 267913957 166678061 143689464 156675874 263506075 162691597 351296613 172157100 271269035 116120954 239975502 209556888 158972828 157079678 207752946 136297459 201695039 156811593 149423634 160060971 204835912 73404089 127456549 236413063 128498904 226797240
230228167 209878730 192914477 190911065 218360076 188828258 148523826 153906048 79778357 213456915 79364348 128626741 185580416 109883211 167747233 47295307 74551232 279377651 188361491 226657902 190957573 180795430 x 231824768 121995484 146932290 153717177 221840607 295170529 189282249 177726413 125249541 279060111 181285687 59180072 32956549 159293225 140326963 65763634 202334061 154787480 161454460 129677863 82452466 147137934 224002552 53338881 279245614 220414514 283402979
282943222 200640164 243919072 139837056 276780660 175280642 83300942 353249342 161707554 229104913 245276018 108324725 207051264 214479306 285152251 279120075 256319330 256289194 324636796 213110286 292621574 283859025 231824768 x 287907154 177430227 140169561 208292991 343110406 196504557 300852180 111701925 337480695 167738071 182305839 198868219 210589945 126779347 265106928 223804909 134485464 208428710 194684654 248364136 205558518 210454936 254219816 335648098 206866898 269855363
286310553 262691562 241592888 284889847 232176985 180140765 204606212 275901532 201773841 187126371 42631136 224825233 148370143 165965597 180933548 169290791 196546716 157382167 262104489 276616586 247039959 267913957 121995484 287907154 x 203014676 192980397 205966807 314613852 203099158 299721897 221448033 292877020 165411887 181175556 89038935 122560013 206370611 187759118 131616498 248766262 124721248 185760249 138534852 160954843 208128752 171139274 274287667 248643370 349446627
117804731 144786623 167790605 131389826 192923045 99152175 94129285 260351306 226710647 152976446 160383540 69105502 130922797 37049079 245933028 194227597 185272941 267117537 248508329 136981819 118123441 166678061 146932290 177430227 203014676 x 64041094 132164524 208380552 163845218 324658703 65728302 253623080 91609604 206112362 113975741 134461478 50650880 194060539 147676442 95266241 132300243 17254427 163471658 121700903 134326469 196076080 327200868 130738431 193726896
177940878 80745529 103749511 94129160 163391527 35111081 56868619 261686099 210845902 105637931 150349261 31844836 66881703 101090173 189398255 192012012 179839441 229856871 201169814 99721153 172726939 143689464 153717177 140169561 192980397 64041094 x 68123430 202940845 134313700 262744169 28467636 224091562 27568510 212897249 172435896 70420384 13390214 173543685 83635348 58005575 68259149 81295521 210344349 92169385 70285375 177739927 289940202 66697337 156466230
190927288 148868959 116735921 162252590 231514957 103234511 124992049 303453634 278969332 173761361 163335671 99968266 135005133 169213603 202384665 233779547 206523622 297980301 269293244 167844583 240850369 156675874 221840607 208292991 205966807 132164524 68123430 x 271064275 202437130 235379733 96591066 292214992 40554920 281020679 209743470 83406794 81513644 215311220 151758778 126129005 81245559 149418951 259239387 160292815 83271785 239243397 358063632 134820767 224589660
326185283 258283680 306690356 297070005 366332372 238051926 259809464 412100679 256588742 182718489 271982716 234785681 221474717 245429631 368215235 342426592 315170667 432797716 278250372 302661998 326503993 263506075 295170529 343110406 314613852 208380552 202940845 271064275 x 337254545 117444116 231408481 373199938 230509355 235990457 318390515 192053839 216331059 323958265 238228362 260946420 189892604 225634979 358802045 295110230 249102355 347890442 160901808 244235488 358875673
247141095 215059229 238063211 201662432 113366457 169424781 164401891 211661029 162149038 223249052 160468022 139378108 201195403 166385443 225502214 141986942 132306213 337390143 246116472 73517428 247459805 162691597 189282249 196504557 203099158 163845218 134313700 202437130 337254545 x 301293664 136000908 174066492 161882210 182747323 206875821 204734084 120923486 123518615 217949048 165538847 202572849 146590791 236419434 42144315 204599075 203815012 375433290 201011037 263999502
385548027 269244999 311356660 330048107 330371491 297855250 319612788 324542733 139144626 300162605 257090761 294589005 329625872 287609624 338383918 225021720 227612721 457104064 358998176 362465322 211121830 351296613 177726413 300852180 299721897 324658703 262744169 235379733 117444116 301293664 x 291211805 391071526 235175659 118546341 210682962 192323785 276134383 236400319 346379517 320749744 194485020 307404276 260178879 259149349 277892524 231065294 278345924 283293191 399935310
171241297 109213165 132217147 65661524 165078735 63578717 28400983 248301817 205027898 117402988 178816897 3377200 95349339 102777381 180204726 172544848 151371805 201389235 212934871 101408361 183851743 172157100 125249541 111701925 221448033 65728302 28467636 96591066 231408481 136000908 291211805 x 225778770 56036146 184429613 143968260 98888020 15077422 160159403 112102984 29537939 96726785 82982729 181876713 93856593 98753011 149272291 261472566 95164973 158153438
336918957 266046640 327841073 291440294 203144319 259202643 254179753 301438891 251926900 190481449 250245884 229155970 229237677 256163305 315280076 231764804 222084075 427168005 286013332 247583920 337237667 271269035 279060111 337480695 292877020 253623080 224091562 292214992 373199938 174066492 391071526 225778770 x 251660072 272525185 296653683 294511946 210701348 213296477 245991322 255316709 292350711 236368653 326197296 131922177 294376937 293592874 465211152 251998448 353777364
150372368 108314039 76181001 121697670 190960037 62679591 84437129 262898714 238414412 133206441 122780751 59413346 94450213 128658683 161829745 193224627 165968702 257425381 228738324 127289663 200295449 116120954 181285687 167738071 165411887 91609604 27568510 40554920 230509355 161882210 235175659 56036146 251660072 x 240465759 169188550 42851874 40958724 174756300 111203858 85574085 40690639 108864031 218684467 119737895 42716865 198688477 317508712 94265847 184034740
289408239 150698658 252094549 211501766 211825150 248008330 207703898 213086120 20598285 226263849 138544420 187806813 244760488 169063283 226927305 106475379 133731304 338557723 247541563 256264751 242680068 239975502 59180072 182305839 181175556 206112362 212897249 281020679 235990457 182747323 118546341 184429613 272525185 240465759 x 92136621 218473297 199507035 124943706 261514133 213967552 220634532 188857935 141632538 140603008 283182624 112518953 338425686 164746850 281388969
197271618 242835279 159957928 195850912 235953648 207546977 115567277 186862597 112734906 246413464 46407799 140591060 218536965 76926662 184710211 80251856 107507781 246421102 221318040 245376621 158001024 209556888 32956549 198868219 89038935 113975741 172435896 209743470 318390515 206875821 210682962 143968260 296653683 169188550 92136621 x 126336676 159045682 98720183 220655433 159727327 128497911 96721314 49495917 164731506 211905415 82100339 278064330 239133233 302121698
193224242 151165913 119032875 164549544 233811911 105531465 127289003 224369310 239071582 176058315 79928877 102265220 137302087 171510557 204681619 154695223 127439298 279942180 258824753 170141537 243147323 158972828 159293225 210589945 122560013 134461478 70420384 83406794 192053839 204734084 192323785 98888020 294511946 42851874 218473297 126336676 x 83810598 136226896 154055732 128425959 2161235 151715905 175832593 162589769 85568739 160159073 311585408 137117721 226886614
168455611 94135743 117139725 80738946 150001313 48501295 43478405 248295885 198783894 102325566 163739475 18454622 80271917 87699959 195282148 178621798 166449227 216466657 197857449 86330939 168774321 157079678 140326963 126779347 206370611 50650880 13390214 81513644 216331059 120923486 276134383 15077422 210701348 40958724 199507035 159045682 83810598 x 160153471 97025562 44615361 81649363 67905307 196954135 78779171 83675589 164349713 276549988 80087551 143076016
277356416 162644024 236712509 166745049 152596442 188524058 181805986 88142414 145541991 147693281 145127982 156782203 156753436 157011460 101983599 18468327 8787598 345141285 122597857 197036043 230370279 207752946 65763634 265106928 187759118 194060539 173543685 215311220 323958265 123518615 236400319 160159403 213296477 174756300 124943706 98720183 136226896 160153471 x 173507081 130621464 134065661 176806112 112900819 81374300 217473165 80296397 251914675 176692216 293334335
261576226 131075064 187384859 177764508 247026875 48524267 140503967 261649495 261175437 55509873 174247634 115480184 16753645 184725521 273033603 155038754 182294679 288998665 151041756 183356501 223056474 136297459 202334061 223804909 131616498 147676442 83635348 151758778 238228362 217949048 346379517 112102984 245991322 111203858 261514133 220655433 154055732 97025562 173507081 x 141640923 151894497 164930869 270151350 175804733 153920723 253803478 372710522 117026872 233668991
200779236 96926693 161755086 36123585 194616674 93116656 51184522 218763878 227027066 146940927 206135126 26160739 124887278 132315320 202988265 149089791 121833866 224172774 242472810 130946300 188908103 201695039 154787480 134485464 248766262 95266241 58005575 126129005 260946420 165538847 320749744 29537939 255316709 85574085 213967552 159727327 128425959 44615361 130621464 141640923 x 126264724 112520668 152338774 123394532 128290950 119734352 231934627 110974885 187691377
191063007 149004678 116871640 162388309 231650676 103370230 125127768 222208075 241232817 173897080 82090112 100103985 135140852 169349322 202520384 152533988 125278063 282103415 256663518 167980302 240986088 156811593 161454460 208428710 124721248 132300243 68259149 81245559 189892604 202572849 194485020 96726785 292350711 40690639 220634532 128497911 2161235 81649363 134065661 151894497 126264724 x 149554670 177993828 160428534 83407504 157997838 313746643 134956486 224725379
100550304 162041050 185045032 148644253 175668618 116406602 111383712 243096879 209456220 170230873 143129113 86359929 148177224 19794652 263187455 176973170 168018514 260847987 265762756 154236246 100869014 149423634 129677863 194684654 185760249 17254427 81295521 149418951 225634979 146590791 307404276 82982729 236368653 108864031 188857935 96721314 151715905 67905307 176806112 164930869 112520668 149554670 x 146217231 104446476 151580896 178821653 344455295 147992858 210981323
246767535 249265467 209453845 188462359 265497261 245455430 165063194 173467677 162230823 240848557 95903716 178499513 268032882 126422579 214884418 129747773 104113221 295917019 235498676 249235140 207496941 160060971 82452466 248364136 138534852 163471658 210344349 259239387 358802045 236419434 260178879 181876713 326197296 218684467 141632538 49495917 175832593 196954135 112900819 270151350 152338774 177993828 146217231 x 194275119 233465060 32604422 258511155 263313659 340030151
204996780 172914914 195918896 159518117 71222142 127280466 122257576 169516714 120004723 181104737 118323707 97233793 159051088 124241128 183357899 99842627 90161898 295245828 203972157 115661743 205315490 204835912 147137934 205558518 160954843 121700903 92169385 160292815 295110230 42144315 259149349 93856593 131922177 119737895 140603008 164731506 162589769 78779171 81374300 175804733 123394532 160428534 104446476 194275119 x 162454760 161670697 333288975 158866722 221855187
193089233 151030904 118897866 164414535 233676902 105396456 127153994 305615579 281131277 154191675 165497616 102130211 137167078 171375548 119112880 235941492 208685567 300142246 249723558 162578258 243012314 73404089 224002552 210454936 208128752 134326469 70285375 83271785 249102355 204599075 277892524 98753011 294376937 42716865 283182624 211905415 85568739 83675589 217473165 153920723 128290950 83407504 151580896 233465060 162454760 x 200860638 309817152 136982712 153393151
279371957 216661045 242058267 155857937 232892839 212851008 170918874 168438811 133117238 208244135 128508138 145895091 237049833 159027001 182279996 98764724 71508799 328521441 202894254 216630718 240101363 127456549 53338881 254219816 171139274 196076080 177739927 239243397 347890442 203815012 231065294 149272291 293592874 198688477 112518953 82100339 160159073 164349713 80296397 253803478 119734352 157997838 178821653 32604422 161670697 200860638 x 225906733 230709237 307425729
432713863 256614150 393689713 195811042 404511117 325051283 283119149 340057089 359023971 317200649 231656531 258095366 355956877 354990992 353898274 270383002 260702273 431669834 374512532 325587232 348595560 236413063 279245614 335648098 274287667 327200868 289940202 358063632 160901808 375433290 278345924 261472566 465211152 317508712 338425686 278064330 311585408 276549988 251914675 372710522 231934627 313746643 344455295 258511155 333288975 309817152 225906733 x 270662342 387304461
244638215 14048192 170446848 74851300 230088864 101808418 123565956 248257467 144148565 61516999 217046598 98542173 100273227 167787510 256095592 195160543 167904618 296554208 157048882 166418490 106029602 128498904 220414514 206866898 248643370 130738431 66697337 134820767 244235488 201011037 283293191 95164973 251998448 94265847 164746850 239133233 137117721 80087551 176692216 117026872 110974885 134956486 147992858 263313659 158866722 136982712 230709237 270662342 x 116642119
311531627 130690311 260215741 191493419 293077329 191577311 186554421 333836616 260790684 178159118 306815491 161530638 216915346 230775975 272506031 311802662 284546737 359542673 273691001 229406955 222671721 226797240 283402979 269855363 349446627 193726896 156466230 224589660 358875673 263999502 399935310 158153438 353777364 184034740 281388969 302121698 226886614 143076016 293334335 233668991 187691377 224725379 210981323 340030151 221855187 153393151 307425729 387304461 116642119 x
