50
25
0 1 2 3 4 5 6 7 8 9 10 11 12 13 14 15 16 17 18 19 20 21 22 23 24 25 26 27 28 29 30 31 32 33 34 35 36 37 38 39 40 41 42 43 44 45 46 47 48 49
1 2 3 4 5 6 7 8 9 10 11 12 13 14 15 16 17 18 19 20 21 22 23 24 25
0
x 4956.43602 2779.66940 852.67696 4777.05872 4695.64777 2175.76929 x 4116.67791 5283.88683 3225.89228 4193.59810 x 1912.39379 932.80759 1583.92077 659.11001 2316.32057 4333.45416 3536.10647 2540.12283 1180.10847 x 898.31899 x 4105.61725 x 1545.10129 x 2651.29421 3393.90571 3851.75934 384.48017 3926.20249 3450.36418 2422.34927 3012.19123 5247.76562 412.17108 3776.23953 1828.00903 746.14342 1324.69242 3122.34799 1619.48912 3759.44264 3569.69523 2199.86954 760.58004 946.37889
4956.43602 x 2308.38645 4494.48951 x 855.13157 3792.83667 5190.91052 857.94697 x 1730.87406 836.12260 2930.78164 4538.61741 4605.01292 3474.14867 4686.10371 3815.89374 2307.69604 2601.82724 3150.07841 4320.44558 3577.84418 5679.17468 3790.46936 1677.67726 1130.61090 3412.03751 2640.24734 2361.93840 1718.51622 1863.39260 5098.52734 1865.94426 3870.57890 3066.72757 x 304.84422 4992.05218 1582.54889 4216.25580 4711.69821 3860.70719 4116.75807 3341.91816 1709.40019 4061.85795 2854.01121 4415.46827 5870.17248
2779.66940 2308.38645 x x 2175.65622 2344.84498 1573.64354 2981.46407 1574.20615 2600.41727 x 1484.19439 1090.87350 2279.34026 2307.74869 1591.88222 2413.35783 1639.16595 2819.36039 2374.07603 x 2015.14516 1452.44793 x 1530.44634 x 2276.06085 1290.95623 1350.57691 218.68013 622.40341 2082.22957 2857.07420 2161.13766 3303.06297 845.54479 1271.16089 2572.01128 2743.42505 x 1942.53057 2731.98023 1570.64191 2232.93820 1294.71425 1851.84368 2396.63973 581.32607 2404.54237 3723.79820
852.67696 4494.48951 x x 4294.96682 4116.42879 2460.52393 1120.72298 3637.21940 4836.65690 2789.57577 3800.61534 3080.63906 2444.79611 x 1022.64608 1280.71386 2615.56743 x 2769.58571 2623.01544 1618.53576 x 1212.80378 2280.08114 3917.80257 4770.02191 1256.93118 1910.90607 2360.25952 3100.64800 3172.53779 1224.95265 3240.93937 2598.29271 2450.83210 2420.50780 4795.87427 1215.10041 3530.61878 2254.18389 218.96118 x 3491.90564 1243.97950 3117.67301 3904.12218 2007.22694 185.39687 1480.00034
4777.05872 x 2175.65622 4294.96682 x 663.44706 3692.48236 5015.95694 661.59278 575.19562 1553.44424 749.00267 2869.27883 4430.80580 x 3277.21787 4526.75071 3724.12527 2096.68429 2371.86867 x 4177.40518 3399.98485 5485.64682 3680.20353 1689.15393 1281.95203 x x 2211.95683 1609.02517 1634.04039 4930.05690 1638.11233 3640.91266 2960.18952 1917.66368 527.31964 4825.49324 1532.75601 4102.98001 4512.81952 3709.98706 4071.29083 3159.02279 1478.50769 4042.13632 2705.12477 4220.59806 5683.92092
4695.64777 855.13157 2344.84498 4116.42879 663.44706 x 3916.29417 4952.03009 813.61723 1126.93922 1596.81715 1191.51206 3214.55767 4620.81140 4503.22040 3131.77410 4534.86692 3972.20908 1461.35588 x 3315.33467 4253.10475 3348.41291 5327.29059 3874.36550 2214.04630 1943.05970 3193.46990 2205.61919 2318.41605 1886.33189 1127.77746 4895.42450 x 3105.58867 3182.02263 1697.98115 x 4800.17552 1957.46290 4280.62063 4335.14129 x 4434.12866 3089.66293 1052.73406 4462.98555 2794.12419 4069.00602 5560.88347
2175.76929 3792.83667 1573.64354 2460.52393 3692.48236 3916.29417 x 2240.65035 3131.45797 4044.15331 2349.31501 2957.63503 1030.28006 x 1308.67032 x x 156.01602 4279.26921 3691.64692 650.33222 1006.15903 1561.27032 3069.56430 180.49931 2405.64690 3450.52590 1533.56121 2492.61710 1638.59849 2083.60649 3572.07195 2032.81799 3654.25588 4307.35104 x 2667.82983 4024.16103 x x 485.80758 2560.85025 982.63421 1042.55887 1679.51213 3363.64341 1443.64539 1257.35039 x 3033.72131
x 5190.91052 2981.46407 1120.72298 5015.95694 4952.03009 2240.65035 x 4357.17259 5514.53298 3462.75916 x 3140.67270 1883.20790 942.21017 1853.43060 687.83719 2372.07525 4611.58769 3815.20969 2661.93201 1234.75747 1616.86641 860.72586 2083.72023 4282.21263 5250.06295 1780.61562 2804.46537 x 3600.63467 4123.52568 x 4198.54499 3718.44658 2562.45390 3275.06733 5479.45344 333.21615 3969.18392 1849.76025 992.76785 1470.88681 3136.02057 1866.47502 4026.83213 3590.97898 2400.14083 1038.43344 797.54436
4116.67791 857.94697 1574.20615 3637.21940 661.59278 813.61723 3131.45797 4357.17259 x 1203.80439 897.66920 479.64362 2401.27674 3851.89784 3817.31961 2617.80710 3878.70094 3179.10994 1877.70285 1932.30743 2517.00715 3547.20806 x 4825.06000 x 1475.41520 1525.19769 2576.62434 1788.44430 x x 1243.30407 4274.79801 1277.90493 3187.01271 2395.04092 1289.07913 1161.17053 4171.55319 1163.82903 3516.50395 3854.66484 3071.94417 x 2498.05124 1024.74387 3652.80125 2073.24986 3560.38607 5022.33492
5283.88683 x 2600.41727 4836.65690 575.19562 1126.93922 4044.15331 5514.53298 1203.80439 x 2062.42309 1116.23698 3141.66214 x x 3815.21127 4996.32285 4057.38943 2587.65628 2930.21859 3396.10659 4615.55674 3905.33187 6017.04421 x 1815.54978 1063.25021 3738.78617 2989.23736 2669.26825 1994.19959 2190.22784 5416.60050 x 4196.40382 3327.98618 2483.48223 50.35871 5308.51627 1798.67757 x 5053.39985 4164.10783 4300.73354 3673.54393 2047.57540 4212.28394 3158.34925 4754.71745 6202.61534
3225.89228 1730.87406 x 2789.57577 1553.44424 1596.81715 2349.31501 3462.75916 897.66920 2062.42309 x 1015.30882 1812.14790 3032.64917 2927.21933 1767.44788 x 2421.16707 2081.10596 1758.66142 1790.19021 2665.16885 1847.64715 3957.24475 2292.26722 1485.40230 2057.44356 1682.45208 1076.62296 723.72923 627.91480 1336.82647 3377.51447 1411.45917 2859.85454 1628.37250 715.48934 2024.71356 3273.95327 x 2690.19144 3003.90163 2183.36277 2998.85745 1611.46952 1094.25134 3124.53917 1198.23078 x 4140.39732
4193.59810 836.12260 1484.19439 3800.61534 749.00267 1191.51206 2957.63503 x 479.64362 1116.23698 1015.30882 x 2120.41600 3702.54845 3790.16161 2780.00072 3884.29826 2983.36756 2357.33960 x 2316.74794 3499.33951 x 4955.47071 2954.36711 1025.33117 1104.59133 2651.56199 2053.00390 1558.41586 x 1711.14026 4311.25411 1750.46080 3612.38592 2230.62166 1595.92512 1088.12361 4201.50568 791.52511 3380.30442 4013.51031 3049.15611 3325.01820 2599.58651 1481.88596 3309.73307 2044.55105 3703.54006 5122.64248
x 2930.78164 1090.87350 3080.63906 2869.27883 3214.55767 1030.28006 3140.67270 2401.27674 3141.66214 1812.14790 2120.41600 x 1766.02746 2258.46519 2345.74849 2466.38703 984.32210 3888.83453 3464.59146 480.42585 1936.88022 1997.93894 3914.57814 x 1406.30722 2449.72692 1887.16745 2394.62920 1274.60111 1331.86523 3145.86792 2955.19407 3222.00016 4346.40909 629.81346 2362.02985 3128.39080 2834.00812 1348.82616 1515.78692 3231.82874 1700.05559 1219.69258 x 2905.98589 1313.63199 1220.45606 x 3936.83452
1912.39379 4538.61741 2279.34026 2444.79611 4430.80580 4620.81140 x 1883.20790 3851.89784 x 3032.64917 3702.54845 1766.02746 x 982.99542 2338.89397 1255.76112 781.99808 4857.94452 4205.31438 1406.85252 828.84619 1839.30123 2743.92365 751.22966 3158.06476 4203.66566 1879.66167 2994.70366 2309.54130 2822.99593 4181.06207 1654.02086 4263.92730 4650.50890 1472.00068 3255.82954 4775.09309 1553.66824 3013.65974 345.39398 2482.05157 1161.07709 1288.75017 2039.22657 x 1749.39818 1866.36438 x 2624.47576
932.80759 4605.01292 2307.74869 x x 4503.22040 1308.67032 942.21017 3817.31961 x 2927.21933 3790.16161 2258.46519 982.99542 x 1691.32286 273.78824 1434.36850 4440.91939 3703.31973 1790.33461 322.70420 1252.43802 x 1161.61698 3499.60355 4510.03426 1369.31516 2543.08671 x 2925.37348 3843.77835 726.29815 3924.75477 3921.47179 1728.41257 2927.16552 4876.24466 610.59397 3238.44855 908.37712 1520.61172 x 2199.17826 1512.02679 3697.10603 2651.70172 1751.28867 1340.91610 1727.75837
1583.92077 3474.14867 1591.88222 1022.64608 3277.21787 3131.77410 x 1853.43060 2617.80710 3815.21127 1767.44788 2780.00072 2345.74849 2338.89397 1691.32286 x 1599.53399 x x x 1952.37829 x 500.40783 2210.20044 1872.70526 x 3767.96629 505.91402 951.66643 1393.82926 2111.59395 2270.72345 1839.98370 2346.39489 2312.41865 x 1436.63391 3774.79867 1766.07644 2554.95205 2042.01714 x 1177.97496 3060.06699 376.40669 2175.83685 3404.19521 1145.30913 944.66555 2429.43491
659.11001 4686.10371 2413.35783 1280.71386 4526.75071 4534.86692 x 687.83719 3878.70094 4996.32285 x 3884.29826 2466.38703 1255.76112 273.78824 1599.53399 x 1685.44267 4383.30617 x 1990.68079 546.92047 1212.96702 1527.31169 1396.28149 3658.59331 4652.20647 1352.37865 x 2327.06188 3035.49831 3816.68023 488.92228 3896.21611 x 1906.89538 2915.73696 4964.50864 x 3373.50337 1175.01532 1268.82781 847.85140 2468.42966 x 3685.22794 x 1840.32714 1118.51688 x
2316.32057 3815.89374 1639.16595 2615.56743 3724.12527 3972.20908 156.01602 2372.07525 3179.10994 4057.38943 2421.16707 2983.36756 984.32210 781.99808 1434.36850 x 1685.44267 x 4380.88256 3809.00512 667.09894 1140.58099 1713.91073 3207.41266 336.16811 x 3427.43403 x 2616.06518 x 2118.84332 3666.90946 2160.47078 3748.68470 4448.09825 x 2771.59250 4039.18866 2043.49211 2262.49287 566.97443 2714.14167 1138.33782 886.86865 x 3453.57438 x 1367.13459 2431.17770 3162.00253
4333.45416 2307.69604 2819.36039 x 2096.68429 1461.35588 4279.26921 4611.58769 1877.70285 2587.65628 2081.10596 2357.33960 3888.83453 4857.94452 4440.91939 x 4383.30617 4380.88256 x 814.60911 3808.14404 4272.09281 x 4754.84805 x 3316.60580 3331.16976 3077.94428 1900.16447 2681.62824 2653.06106 744.33930 4623.70868 x 1796.01837 3618.18642 x x 4555.49339 x 4516.10097 3782.68225 3786.90546 5051.21332 x x x 3023.47631 3599.17893 5055.19297
3536.10647 2601.82724 2374.07603 2769.58571 2371.86867 x 3691.64692 3815.20969 1932.30743 2930.21859 1758.66142 x 3464.59146 4205.31438 3703.31973 x x 3809.00512 814.60911 x x 3560.90789 2456.00204 3940.29847 3571.53258 x 3457.39092 2363.46039 1211.14533 2196.33558 2384.68887 740.06284 3837.88509 750.41389 1269.53929 3092.01569 1103.91349 x 3775.14238 2758.90594 3871.25458 2970.04125 3089.66681 4553.18789 2208.27897 912.03509 4762.16600 2443.84717 2794.24498 4242.05846
2540.12283 3150.07841 x 2623.01544 x 3315.33467 650.33222 2661.93201 2517.00715 3396.10659 1790.19021 2316.74794 480.42585 1406.85252 1790.33461 1952.37829 1990.68079 667.09894 3808.14404 x x 1467.73840 1562.80293 3434.40490 692.43339 1768.80440 2810.39232 x 2152.58356 1126.57401 x 3078.35053 2479.02904 3158.54555 4071.35420 217.62353 2219.19265 3376.84883 2357.79494 1607.32853 1113.54614 2766.79634 1220.51546 x 1576.43427 2853.52852 1500.52924 897.53551 2450.08775 3457.52064
1180.10847 4320.44558 2015.14516 1618.53576 4177.40518 4253.10475 1006.15903 1234.75747 3547.20806 4615.55674 2665.16885 3499.33951 1936.88022 828.84619 322.70420 x 546.92047 1140.58099 4272.09281 3560.90789 1467.73840 x 1111.94649 2067.21092 850.09647 3181.35899 x 1198.31966 2373.05541 1966.52206 x 3647.01659 1030.69346 3729.00013 3880.93971 x 2721.17622 4587.06224 911.06805 2928.44139 658.41097 1667.46814 494.87170 1947.90169 1352.63040 3486.74074 2391.32181 1474.13771 x 2029.40016
x 3577.84418 1452.44793 x 3399.98485 3348.41291 1561.27032 1616.86641 x 3905.33187 1847.64715 x 1997.93894 1839.30123 1252.43802 500.40783 1212.96702 1713.91073 x 2456.00204 1562.80293 1111.94649 x 2153.86397 1390.44058 2824.52474 3719.09478 167.59773 1292.58849 1296.91943 x x 1547.16386 2684.38242 2812.78936 1372.25690 1704.33125 3869.09046 1452.32848 2455.53171 1541.91115 1290.67928 678.23079 2595.94337 265.93608 2472.93712 2960.67915 900.86680 961.18521 2303.76084
898.31899 5679.17468 x 1212.80378 5485.64682 5327.29059 3069.56430 860.72586 4825.06000 6017.04421 3957.24475 4955.47071 3914.57814 2743.92365 x 2210.20044 1527.31169 3207.41266 4754.84805 3940.29847 3434.40490 2067.21092 2153.86397 x 2904.76935 4954.88466 5872.38827 2320.00539 3122.50300 x 4199.70725 x 1090.18989 4447.26444 3557.96824 3309.57414 3629.97534 5977.82711 1191.94127 4603.78909 2701.12643 995.55462 2215.18961 3992.00000 2356.74691 4330.12148 4444.89111 x 1265.58010 370.10809
x 3790.46936 1530.44634 2280.08114 3680.20353 3874.36550 180.49931 2083.72023 x x 2292.26722 2954.36711 x 751.22966 1161.61698 1872.70526 1396.28149 336.16811 x 3571.53258 692.43339 850.09647 1390.44058 2904.76935 x 2461.09589 3501.63005 1370.43716 2366.10228 x 2073.30943 3481.91355 1880.60974 3564.48622 4154.05164 724.81170 2567.94548 4030.71458 1761.15218 2281.74780 428.46353 2381.35298 802.19324 1221.31282 1519.60949 3280.21783 1624.05049 1157.65366 2095.88788 2879.32162
4105.61725 1677.67726 x 3917.80257 1689.15393 2214.04630 2405.64690 4282.21263 1475.41520 1815.54978 1485.40230 1025.33117 1406.30722 3158.06476 3499.60355 x 3658.59331 x 3316.60580 x 1768.80440 3181.35899 2824.52474 4954.88466 2461.09589 x 1045.73515 2666.70602 2518.60854 1570.32099 899.00222 x 4131.54596 2670.41663 4341.45275 1778.03403 2200.34656 1812.31592 4012.63031 449.25716 2880.85578 4110.56164 2817.73473 2498.71367 2675.91218 2368.39904 x 1928.13718 3782.19156 5051.53303
x 1130.61090 2276.06085 4770.02191 1281.95203 1943.05970 3450.52590 5250.06295 1525.19769 1063.25021 2057.44356 1104.59133 2449.72692 4203.66566 4510.03426 3767.96629 4652.20647 3427.43403 3331.16976 3457.39092 2810.39232 x 3719.09478 5872.38827 3501.63005 1045.73515 x x 3127.85821 2422.70469 1674.11021 2759.94293 5113.96617 2786.61533 4707.61872 2805.60600 2692.45780 1086.13857 4997.26205 x 3923.70080 4975.02090 3804.94218 3491.93585 x 2549.24302 3328.82216 2854.84798 4653.26606 5999.57632
1545.10129 3412.03751 1290.95623 1256.93118 x 3193.46990 1533.56121 1780.61562 2576.62434 3738.78617 1682.45208 2651.56199 1887.16745 1879.66167 1369.31516 505.91402 1352.37865 x 3077.94428 2363.46039 x 1198.31966 167.59773 2320.00539 1370.43716 2666.70602 x x 1177.78861 1131.27936 1880.22818 x 1704.79940 2555.99452 2793.35300 1269.32187 1564.80350 3702.72467 1607.12943 2292.90667 1566.69493 1444.36145 730.65724 2554.23903 159.67780 2335.03940 2901.98725 x 1115.58057 2471.34073
x 2640.24734 1350.57691 1910.90607 x 2205.61919 2492.61710 2804.46537 1788.44430 2989.23736 1076.62296 2053.00390 2394.62920 2994.70366 2543.08671 951.66643 x 2616.06518 1900.16447 1211.14533 2152.58356 2373.05541 1292.58849 3122.50300 2366.10228 2518.60854 3127.85821 1177.78861 x 1138.79981 1620.61346 1324.27565 2782.64928 1401.86233 1955.73950 x 514.77374 2945.02767 2702.41466 2071.31287 2660.11898 2129.55629 1891.48037 3396.82808 x 1224.69629 3646.90389 1265.92022 1869.43681 3365.19257
2651.29421 2361.93840 218.68013 2360.25952 2211.95683 2318.41605 1638.59849 x x 2669.26825 723.72923 1558.41586 1274.60111 2309.54130 x 1393.82926 2327.06188 x 2681.62824 2196.33558 1126.57401 1966.52206 1296.91943 x x 1570.32099 2422.70469 1131.27936 1138.79981 x 748.98398 1954.11284 2753.80246 2034.91449 3093.76793 x 1100.76746 2637.65142 2643.40727 1170.43069 1966.66876 2559.92910 1499.11607 x 1116.69960 1734.36847 2565.86925 493.17036 x 3590.33954
3393.90571 1718.51622 622.40341 3100.64800 1609.02517 1886.33189 2083.60649 3600.63467 x 1994.19959 627.91480 x 1331.86523 2822.99593 2925.37348 2111.59395 3035.49831 2118.84332 2653.06106 2384.68887 x x x 4199.70725 2073.30943 899.00222 1674.11021 1880.22818 1620.61346 748.98398 x 1913.90125 3478.94596 1982.03179 3478.26580 1351.48067 1334.33579 1968.54667 3365.59192 456.44824 2498.17954 x 2191.60261 2551.04782 x 1663.44372 2612.09035 x 2980.33723 4335.59834
3851.75934 1863.39260 2082.22957 3172.53779 1634.04039 1127.77746 3572.07195 4123.52568 1243.30407 2190.22784 1336.82647 1711.14026 3145.86792 4181.06207 3843.77835 2270.72345 3816.68023 3666.90946 744.33930 740.06284 3078.35053 3647.01659 x x 3481.91355 x 2759.94293 x 1324.27565 1954.11284 1913.90125 x 4106.63183 82.87340 2007.30690 2893.66515 929.56441 2140.03224 4026.66475 2217.00361 3836.57986 3386.56227 3154.16233 4315.16732 2339.18212 251.54920 4459.33381 2324.63416 3157.65989 4648.90708
384.48017 5098.52734 2857.07420 1224.95265 4930.05690 4895.42450 2032.81799 x 4274.79801 5416.60050 3377.51447 4311.25411 2955.19407 1654.02086 726.29815 1839.98370 488.92228 2160.47078 4623.70868 3837.88509 2479.02904 1030.69346 1547.16386 1090.18989 1880.60974 4131.54596 5113.96617 1704.79940 2782.64928 2753.80246 3478.94596 4106.63183 x 4183.48479 3815.37993 x 3236.11016 5382.93201 121.23531 x 1629.69261 1130.11194 1313.82838 2911.68439 1806.55086 3996.99512 3367.80596 2277.49797 1112.84545 1001.53183
3926.20249 1865.94426 2161.13766 3240.93937 1638.11233 x 3654.25588 4198.54499 1277.90493 x 1411.45917 1750.46080 3222.00016 4263.92730 3924.75477 2346.39489 3896.21611 3748.68470 x 750.41389 3158.54555 3729.00013 2684.38242 4447.26444 3564.48622 2670.41663 2786.61533 2555.99452 1401.86233 2034.91449 1982.03179 82.87340 4183.48479 x 2009.61514 2974.60081 1012.24602 2137.03205 4104.18920 2276.45009 3919.43631 3454.28198 3236.29912 4393.98509 2419.22653 319.22563 4535.23384 x 3228.64987 4718.43332
3450.36418 3870.57890 3303.06297 2598.29271 3640.91266 3105.58867 4307.35104 3718.44658 3187.01271 4196.40382 2859.85454 3612.38592 4346.40909 4650.50890 3921.47179 2312.41865 x 4448.09825 1796.01837 1269.53929 4071.35420 3880.93971 2812.78936 3557.96824 4154.05164 4341.45275 4707.61872 2793.35300 1955.73950 3093.76793 3478.26580 2007.30690 3815.37993 2009.61514 x 3853.91917 x 4146.12892 3790.26041 3896.41938 4353.40441 2739.27892 3490.13710 5285.12346 2638.50147 2177.44116 5571.83498 3173.86279 x 3911.07990
2422.34927 3066.72757 845.54479 2450.83210 2960.18952 3182.02263 x 2562.45390 2395.04092 3327.98618 1628.37250 2230.62166 629.81346 1472.00068 1728.41257 x 1906.89538 x 3618.18642 3092.01569 217.62353 x 1372.25690 3309.57414 724.81170 1778.03403 2805.60600 1269.32187 x x 1351.48067 2893.66515 x 2974.60081 3853.91917 x 2020.76025 3305.90320 2270.16057 x 1152.63220 2603.16615 1097.90801 1462.51325 1370.04270 2673.70623 1717.91618 680.26024 2281.86985 3352.79480
3012.19123 x 1271.16089 2420.50780 1917.66368 1697.98115 2667.82983 3275.06733 1289.07913 2483.48223 715.48934 1595.92512 2362.02985 3255.82954 2927.16552 1436.63391 2915.73696 2771.59250 x 1103.91349 2219.19265 2721.17622 1704.33125 3629.97534 2567.94548 2200.34656 2692.45780 1564.80350 514.77374 1100.76746 1334.33579 929.56441 3236.11016 1012.24602 x 2020.76025 x 2438.46263 3148.47979 1753.23957 2912.13753 2639.41850 2227.30734 3472.60147 1438.72478 770.40314 3664.22980 1411.65222 2371.07781 x
5247.76562 304.84422 2572.01128 4795.87427 527.31964 x 4024.16103 5479.45344 1161.17053 50.35871 2024.71356 1088.12361 3128.39080 4775.09309 4876.24466 3774.79867 4964.50864 4039.18866 x x 3376.84883 4587.06224 3869.09046 5977.82711 4030.71458 1812.31592 1086.13857 3702.72467 2945.02767 2637.65142 1968.54667 2140.03224 5382.93201 2137.03205 4146.12892 3305.90320 2438.46263 x x 1783.13123 4458.23025 5012.80061 4133.73753 4292.44744 x 1998.02728 4209.32299 3127.55400 4714.98993 6165.11030
412.17108 4992.05218 2743.42505 1215.10041 4825.49324 4800.17552 x 333.21615 4171.55319 5308.51627 3273.95327 4201.50568 2834.00812 1553.66824 610.59397 1766.07644 x 2043.49211 4555.49339 3775.14238 2357.79494 911.06805 1452.32848 1191.94127 1761.15218 4012.63031 4997.26205 1607.12943 2702.41466 2643.40727 3365.59192 4026.66475 121.23531 4104.18920 3790.26041 2270.16057 3148.47979 x x x 1517.04186 1141.06310 1195.18074 2802.82500 1714.20536 3912.03937 3257.78529 2164.72007 1088.32210 1119.16040
3776.23953 1582.54889 x 3530.61878 1532.75601 1957.46290 x 3969.18392 1163.82903 1798.67757 x 791.52511 1348.82616 3013.65974 3238.44855 2554.95205 3373.50337 2262.49287 x 2758.90594 1607.32853 2928.44139 2455.53171 4603.78909 2281.74780 449.25716 x 2292.90667 2071.31287 1170.43069 456.44824 2217.00361 x 2276.45009 3896.41938 x 1753.23957 1783.13123 x x 2709.85203 3729.35289 2525.76028 2539.37512 2286.81132 x 2518.75306 1577.41466 3403.40785 4721.92185
1828.00903 4216.25580 1942.53057 2254.18389 4102.98001 4280.62063 485.80758 1849.76025 3516.50395 x 2690.19144 3380.30442 1515.78692 345.39398 908.37712 2042.01714 1175.01532 566.97443 4516.10097 3871.25458 1113.54614 658.41097 1541.91115 2701.12643 428.46353 2880.85578 3923.70080 1566.69493 2660.11898 1966.66876 2498.17954 3836.57986 1629.69261 3919.43631 4353.40441 1152.63220 2912.13753 4458.23025 1517.04186 2709.85203 x x 870.68996 1294.35235 x x 1744.03469 1520.98159 x 2627.75341
746.14342 4711.69821 2731.98023 218.96118 4512.81952 4335.14129 2560.85025 992.76785 3854.66484 5053.39985 3003.90163 4013.51031 3231.82874 2482.05157 1520.61172 x 1268.82781 2714.14167 3782.68225 2970.04125 2766.79634 1667.46814 1290.67928 995.55462 2381.35298 4110.56164 4975.02090 1444.36145 2129.55629 2559.92910 x 3386.56227 1130.11194 3454.28198 2739.27892 2603.16615 2639.41850 5012.80061 1141.06310 3729.35289 x x 1590.53199 3579.86494 1443.50442 3334.57898 4002.40053 2191.43971 x 1272.82560
1324.69242 3860.70719 1570.64191 x 3709.98706 x 982.63421 1470.88681 3071.94417 4164.10783 2183.36277 3049.15611 1700.05559 1161.07709 x 1177.97496 847.85140 1138.33782 3786.90546 3089.66681 1220.51546 494.87170 678.23079 2215.18961 802.19324 2817.73473 3804.94218 730.65724 1891.48037 1499.11607 2191.60261 3154.16233 1313.82838 3236.29912 3490.13710 1097.90801 2227.30734 4133.73753 1195.18074 2525.76028 870.68996 1590.53199 x 2021.06729 x x x 1006.71744 1296.33483 2256.52941
3122.34799 4116.75807 2232.93820 3491.90564 4071.29083 4434.12866 1042.55887 3136.02057 x 4300.73354 2998.85745 3325.01820 1219.69258 1288.75017 2199.17826 3060.06699 2468.42966 886.86865 5051.21332 4553.18789 x 1947.90169 2595.94337 3992.00000 1221.31282 2498.71367 3491.93585 2554.23903 3396.82808 x 2551.04782 4315.16732 2911.68439 4393.98509 5285.12346 1462.51325 3472.60147 4292.44744 2802.82500 2539.37512 1294.35235 3579.86494 2021.06729 x 2692.00000 4083.39467 460.67885 2131.44575 3306.80949 3900.09897
1619.48912 3341.91816 1294.71425 1243.97950 3159.02279 3089.66293 1679.51213 1866.47502 2498.05124 3673.54393 1611.46952 2599.58651 x 2039.22657 1512.02679 376.40669 x x x 2208.27897 1576.43427 1352.63040 265.93608 2356.74691 1519.60949 2675.91218 x 159.67780 x 1116.69960 x 2339.18212 1806.55086 2419.22653 2638.50147 1370.04270 1438.72478 x 1714.20536 2286.81132 x 1443.50442 x 2692.00000 x 2207.06139 3030.01667 794.83646 1120.07723 2529.07335
3759.44264 1709.40019 1851.84368 3117.67301 1478.50769 1052.73406 3363.64341 4026.83213 1024.74387 2047.57540 1094.25134 1481.88596 2905.98589 x 3697.10603 2175.83685 3685.22794 3453.57438 x 912.03509 2853.52852 3486.74074 2472.93712 4330.12148 3280.21783 2368.39904 2549.24302 2335.03940 1224.69629 1734.36847 1663.44372 251.54920 3996.99512 319.22563 2177.44116 2673.70623 770.40314 1998.02728 3912.03937 x x 3334.57898 x 4083.39467 2207.06139 x x 2126.36897 3088.47616 4584.36517
3569.69523 4061.85795 2396.63973 3904.12218 4042.13632 4462.98555 1443.64539 3590.97898 3652.80125 4212.28394 3124.53917 3309.73307 1313.63199 1749.39818 2651.70172 3404.19521 x x x 4762.16600 1500.52924 2391.32181 2960.67915 4444.89111 1624.05049 x 3328.82216 2901.98725 3646.90389 2565.86925 2612.09035 4459.33381 3367.80596 4535.23384 5571.83498 1717.91618 3664.22980 4209.32299 3257.78529 2518.75306 1744.03469 4002.40053 x 460.67885 3030.01667 x x 2398.06464 3719.92607 4358.57144
2199.86954 2854.01121 581.32607 2007.22694 2705.12477 2794.12419 1257.35039 2400.14083 2073.24986 3158.34925 1198.23078 2044.55105 1220.45606 1866.36438 1751.28867 1145.30913 1840.32714 1367.13459 3023.47631 2443.84717 897.53551 1474.13771 900.86680 x 1157.65366 1928.13718 2854.84798 x 1265.92022 493.17036 x 2324.63416 2277.49797 x 3173.86279 680.26024 1411.65222 3127.55400 2164.72007 1577.41466 1520.98159 2191.43971 1006.71744 2131.44575 794.83646 2126.36897 2398.06464 x 1861.98711 x
760.58004 4415.46827 2404.54237 185.39687 4220.59806 4069.00602 x 1038.43344 3560.38607 4754.71745 x 3703.54006 x x 1340.91610 944.66555 1118.51688 2431.17770 3599.17893 2794.24498 2450.08775 x 961.18521 1265.58010 2095.88788 3782.19156 4653.26606 1115.58057 1869.43681 x 2980.33723 3157.65989 1112.84545 3228.64987 x 2281.86985 2371.07781 4714.98993 1088.32210 3403.40785 x x 1296.33483 3306.80949 1120.07723 3088.47616 3719.92607 1861.98711 x 1496.09659
946.37889 5870.17248 3723.79820 1480.00034 5683.92092 5560.88347 3033.72131 797.54436 5022.33492 6202.61534 4140.39732 5122.64248 3936.83452 2624.47576 1727.75837 2429.43491 x 3162.00253 5055.19297 4242.05846 3457.52064 2029.40016 2303.76084 370.10809 2879.32162 5051.53303 5999.57632 2471.34073 3365.19257 3590.33954 4335.59834 4648.90708 1001.53183 4718.43332 3911.07990 3352.79480 x 6165.11030 1119.16040 4721.92185 2627.75341 1272.82560 2256.52941 3900.09897 2529.07335 4584.36517 4358.57144 x 1496.09659 x
