50
25
a0 a1 a2 a3 a4 a5 a6 a7 a8 a9 b0 b1 b2 b3 b4 b5 b6 b7 b8 b9 c0 c1 c2 c3 c4 c5 c6 c7 c8 c9 d0 d1 d2 d3 d4 d5 d6 d7 d8 d9 e0 e1 e2 e3 e4 e5 e6 e7 e8 e9
b2 e9 b5 c8 d2 a3 d6 b1 e5 e0 c7 d9 d3 b0 c1 d7 a9 e3 c0 b7 c4 c9 e8 a4 b3
e4
x         	629.6229 	241.01867 	728.96159	361.11217	418.52717	310.46577	811.14486 	555.34673	92.35799  	864.48655	647.71675	442.76404	850.52748 	583.88526 	850.5069 	89.89994 	746.73957 	250.73093 	722.73093 	102.69371 	572.60894	568.07393	1124.10408	240.4163  	827.60618	845.24552	354.1765  	980.6248  	561.96886 	746.32432 	1021.35694	292.02739	828.36948	945.64316 	751.08787	567.1446 	833.24486 	669.2421 	792.87893	138.23168 	311.4113 	658.47779	777.46253 	576.41998	176.98022 	754.94436	984.59382 	761.04401	689.21114 
629.6229  	x        	631.44675 	109.22453	401.19945	218.08255	407.81368	633.55268 	75.61084 	675.5716  	240.66574	135.59498	350.56097	548.4706  	720.50607 	260.71632	584.04195	758.29347 	554.21746 	266.31747 	573.00698 	87.36131 	268.48649	556.38565 	632.57963 	213.8434 	219.82947	740.32695 	451.77427 	417.09711 	394.62007 	413.04358 	540.57839	415.91465	508.26961 	526.8719 	439.03758	810.26415 	481.30032	534.55214	641.87927 	324.6937 	421.45699	544.04503 	582.72206	617.51842 	420.52348	392.29835 	187.10692	478.97912 
241.01867 	631.44675	x         	740.38165	514.15561	466.37431	460.88718	612.00816 	557.68449	176.04544 	870.7267 	597.72987	328.60006	681.29655 	345.63564 	794.67477	311.44823	515.00873 	462.98164 	803.27454 	318.95454 	552.88063	469.56362	1032.98596	1.41421   	791.40002	849.26438	133.60014 	879.26389 	713.36175 	863.67239 	966.02277 	107.00467	698.69163	810.15615 	572.68577	400.91021	602.00747 	495.10099	618.25641	377.40429 	386.29134	503.19081	597.7374  	363.88184	410.07804 	610.92143	918.60383 	708.54357	841.22886 
728.96159 	109.22453	740.38165 	x        	467.12418	311.20732	483.6631 	704.22794 	183.0    	779.37731 	135.56548	206.92993	456.40004	601.84549 	821.38967 	235.30618	677.46069	847.28566 	630.12141 	220.60145 	665.68235 	193.74725	360.96675	517.55676 	741.50455 	170.35551	116.46887	849.49514 	440.55646 	435.63287 	358.28061 	353.39071 	649.78842	454.30056	528.33701 	597.76249	532.65373	893.41703 	562.51222	598.34772	730.01712 	419.2374 	501.04291	611.76547 	679.45934	701.55612 	479.95208	347.95976 	195.56328	468.47091 
361.11217 	401.19945	514.15561 	467.12418	x        	211.25576	53.71219 	868.64607 	349.13607	445.19209 	591.85217	489.92346	460.58441	843.16605 	780.87386 	661.15656	278.0    	897.89197 	169.81166 	385.77972 	264.0     	393.19333	508.3483 	956.71521 	514.49586 	614.09608	577.29195	647.75072 	842.17159 	203.3642  	387.3732  	811.96305 	485.37202	755.46674	866.27074 	776.03157	611.90277	974.51167 	701.89814	804.00559	297.67431 	170.07351	661.25411	800.61101 	701.28025	257.02918 	718.58541	793.49417 	581.42067	332.03915 
418.52717 	218.08255	466.37431 	311.20732	211.25576	x        	201.31567	676.12498 	150.60212	474.42702 	446.4706 	282.19496	286.58157	637.27231 	649.28653 	466.50294	367.01634	737.01899 	343.34967 	337.20172 	355.6248  	187.0401 	303.0    	759.09485 	467.24832 	428.78082	427.67394	591.15141 	636.56892 	320.44032 	412.00121 	628.03264 	396.89419	544.32802	655.07404 	578.12282	428.79598	806.30019 	509.00884	602.22421	423.81717 	108.04628	462.38728	601.52223 	541.87175	400.46597 	510.65448	601.72585 	381.6556 	429.52182 
310.46577 	407.81368	460.88718 	483.6631 	53.71219 	201.31567	x        	835.74218 	348.47238	392.92874 	612.8295 	483.49767	424.95293	818.352   	733.40098 	664.33199	230.05434	855.17074 	146.86388 	424.0955  	216.12265 	388.1546 	485.14843	958.59949 	461.20819 	621.64057	596.93969	594.45773 	837.87588 	256.78395 	436.02866 	820.82458 	434.87584	739.23   	852.34382 	746.14341	577.00086	933.24809 	670.01641	776.25382	258.544   	134.64768	632.55829	771.25158 	659.23667	222.43425 	696.28729	798.52989 	581.38197	385.51913 
811.14486 	633.55268	612.00816 	704.22794	868.64607	676.12498	835.74218	x         	611.55702	778.15294 	766.63224	501.51869	411.65519	152.00328 	351.548   	561.3644 	840.67234	225.58368 	932.52453 	899.85776 	839.90594 	562.98934	381.53374	623.77079 	613.29601 	611.99346	747.74594	603.26196 	483.41803 	992.75424 	1024.80632	669.78354 	524.37009	298.65029	337.59295 	106.83164	260.1019 	219.92044 	167.29913	113.84638	920.09129 	701.34228	217.31313	93.74433  	250.43961	931.12082 	230.34105	608.39543 	529.76221	1087.53666
555.34673 	75.61084 	557.68449 	183.0    	349.13607	150.60212	348.47238	611.55702 	x        	600.08332 	316.08384	145.12408	289.91378	543.20254 	664.906   	316.30365	512.40999	716.69379 	492.91378 	300.20326 	501.78082 	51.66236 	232.65854	610.12785 	558.79334 	278.72925	295.36756	669.01195 	493.18657 	399.10023 	415.32878 	477.69864 	469.00106	426.3074 	529.00378 	506.47507	395.77392	774.39847 	451.50526	520.55835	572.78442 	253.93109	394.89365	526.27939 	533.50351	550.81757 	413.51299	451.27042 	233.0708 	479.19307 
92.35799  	675.5716 	176.04544 	779.37731	445.19209	474.42702	392.92874	778.15294 	600.08332	x         	914.60865	676.2847 	442.14251	833.22806 	520.80706 	879.53851	181.83509	691.03545 	343.02186 	793.34859 	194.12367 	610.30238	577.13949	1141.90892	175.07141 	863.32496	894.49538	271.47191 	993.57586 	647.84334 	826.2312  	1051.90113	254.24791	828.60002	944.28014 	728.62679	548.2855 	778.03149 	648.10261	772.58074	225.30423 	371.72705	645.84905	754.53959 	534.25274	267.46962 	748.35352	1011.03165	790.31765	775.90334 
864.48655 	240.66574	870.7267  	135.56548	591.85217	446.4706 	612.8295 	766.63224 	316.08384	914.60865 	x        	302.04966	574.14719	645.36811 	926.27911 	223.40322	812.04987	932.69555 	758.1695  	276.05253 	800.10061 	318.52158	462.26074	450.40093 	871.88818 	159.10059	22.02271 	975.79711 	414.15456 	530.17921 	404.11508 	270.22398 	777.11324	487.46794	534.55214 	663.35661	629.92221	969.69273 	642.40952	654.97633	862.91193 	554.43124	580.90446	672.893   	778.80742	832.94237 	536.39537	287.21072 	237.18558	534.81679 
647.71675 	135.59498	597.72987 	206.92993	489.92346	282.19496	483.49767	501.51869 	145.12408	676.2847  	302.04966	x        	280.16602	412.88497 	624.33084 	203.40353	619.70073	640.78467 	623.63531 	400.25117 	610.80356 	96.88137 	160.22796	483.0207  	599.01669 	193.87882	280.25167	689.56943 	354.53913 	541.08409 	530.14431 	375.61815 	496.34766	284.19183	384.08332 	394.68975	329.51479	686.59886 	355.71899	400.0    	687.43363 	372.15588	294.40108	410.64948 	477.96338	671.63159 	285.04385	336.8798  	114.03946	611.90277 
442.76404 	350.56097	328.60006 	456.40004	460.58441	286.58157	424.95293	411.65519 	289.91378	442.14251 	574.14719	280.16602	x        	415.57791 	376.18346 	468.984  	449.5887 	450.44422 	523.16154 	584.52373 	446.02466 	263.38754	140.98226	706.39507 	329.96969 	472.69863	552.13041	410.12802 	554.57821 	606.00082 	684.8299  	638.96322 	222.72853	387.2002 	503.82238 	328.0381 	152.08221	520.59677 	248.34049	363.88597	528.24615 	291.29538	221.822  	354.14121 	255.97656	531.52046 	312.42439	590.36005 	385.44   	715.70105 
850.52748 	548.4706 	681.29655 	601.84549	843.16605	637.27231	818.352  	152.00328 	543.20254	833.22806 	645.36811	412.88497	415.57791	x         	477.19283 	429.63821	864.6531 	374.67452 	932.70627 	811.11343 	861.44123 	491.8089 	334.94029	471.95444 	682.67781 	486.96303	628.16001	698.82758 	332.18067 	939.72868 	942.83031 	522.97323 	581.89775	159.76545	185.97311 	111.72287	285.02982	371.05794 	186.25251	65.06919 	943.5873  	685.00656	193.82982	91.02197  	346.87317	946.8437  	129.69194	461.78999 	413.75959	1021.55225
583.88526 	720.50607	345.63564 	821.38967	780.87386	649.28653	733.40098	351.548   	664.906  	520.80706 	926.27911	624.33084	376.18346	477.19283 	x         	772.06476	643.90061	179.27074 	779.0507  	960.66331 	648.64474 	633.45481	464.12282	925.84447 	346.48232 	798.52989	904.54076	281.60433 	771.7804  	956.77426 	1057.54905	921.65503 	308.14606	569.75959	652.23078 	371.01617	299.22065	264.21392 	328.22096	414.57086	716.36443 	617.74509	376.4638 	386.89791 	153.16004	743.30343 	473.94197	863.2433  	706.18552	1075.35761
850.5069  	260.71632	794.67477 	235.30618	661.15656	466.50294	664.33199	561.3644  	316.30365	879.53851 	223.40322	203.40353	468.984  	429.63821 	772.06476 	x        	819.2704 	747.73925 	809.20949 	452.92162 	809.76539 	283.34607	331.72579	295.70255 	796.00125 	68.94925 	209.99523	877.64742 	205.52615 	664.8496  	590.41172 	172.56882 	690.69385	269.93702	311.48194 	463.60004	474.30475	773.64397 	459.55739	447.6751 	884.35852 	565.82064	401.51338	468.78779 	619.23339	865.20748 	333.34816	135.72398 	89.4986  	703.77411 
89.89994  	584.04195	311.44823 	677.46069	278.0    	367.01634	230.05434	840.67234 	512.40999	181.83509 	812.04987	619.70073	449.5887 	864.6531  	643.90061 	819.2704 	x        	798.23931 	161.41871 	650.76109 	14.0      	536.69451	561.3644 	1101.7604 	311.11734 	789.92278	793.83247	433.91819 	964.06898 	475.92541 	665.21725 	987.18589 	339.83819	825.79053	943.38804 	771.36048	587.3304 	883.54343 	689.51069	810.54857	79.511    	259.40123	670.85393	797.8283  	617.82359	99.53893  	759.95065	954.73818 	730.59017	602.22421 
746.73957 	758.29347	515.00873 	847.28566	897.89197	737.01899	855.17074	225.58368 	716.69379	691.03545 	932.69555	640.78467	450.44422	374.67452 	179.27074 	747.73925	798.23931	x         	920.89195 	1016.71234	801.25027 	675.8232 	489.80812	845.69616 	516.00387 	788.0406 	912.05482	460.81775 	700.31492 	1055.80916	1128.09396	875.74082 	458.52371	504.77717	560.45428 	291.68647	320.93768	87.0      	290.73871	323.30326	874.03432 	728.70089	351.89344	296.0608  	196.95684	896.29124 	418.76604	814.74229 	698.52415	1166.00171
250.73093 	554.21746	462.98164 	630.12141	169.81166	343.34967	146.86388	932.52453 	492.91378	343.02186 	758.1695 	623.63531	523.16154	932.70627 	779.0507  	809.20949	161.41871	920.89195 	x         	554.14979 	150.0     	530.02358	606.51298	1102.43548	462.85418 	767.93879	742.72605	590.50571 	977.99028 	339.2418  	541.67333 	967.25591 	470.91612	867.56786	982.92268 	851.0376 	672.71464	1003.5761 	771.43826	885.32536	143.42245 	255.93163	741.52882	877.00513 	730.94049	96.02083  	816.14275	943.92425 	724.98965	459.24503 
722.73093 	266.31747	803.27454 	220.60145	385.77972	337.20172	424.0955 	899.85776 	300.20326	793.34859 	276.05253	400.25117	584.52373	811.11343 	960.66331 	452.92162	650.76109	1016.71234	554.14979 	x         	637.15147 	341.98976	529.52809	720.28466 	804.12188 	385.25835	272.94688	928.21818 	658.33502 	266.2048  	137.76792 	543.92095 	732.4616 	669.95522	748.54058 	793.18913	695.77941	1072.79681	746.00603	800.22559	681.95601 	425.01882	686.90683	810.24687 	833.16264	642.70833 	684.79558	552.15305 	415.04698	259.10615 
102.69371 	573.00698	318.95454 	665.68235	264.0    	355.6248 	216.12265	839.90594 	501.78082	194.12367 	800.10061	610.80356	446.02466	861.44123 	648.64474 	809.76539	14.0     	801.25027 	150.0     	637.15147 	x         	526.90131	555.49797	1093.22641	318.67538 	779.64735	781.99872	442.98645 	956.37074 	462.04437 	651.22192 	977.22259 	343.28122	820.14267	937.68704 	769.19763	585.44427	886.26463 	687.4569 	807.93625	82.28     	248.31633	667.61141	795.64942 	619.31736	95.07891  	755.47931	945.32163 	721.25584	588.44371 
572.60894 	87.36131 	552.88063 	193.74725	393.19333	187.0401 	388.1546 	562.98934 	51.66236 	610.30238 	318.52158	96.88137 	263.38754	491.8089  	633.45481 	283.34607	536.69451	675.8232  	530.02358 	341.98976 	526.90131 	x        	187.54466	572.98254 	554.06588 	255.0    	296.84507	657.61082 	449.9111  	450.69945 	462.13093 	450.58739 	458.62511	375.13864	479.12628 	457.35106	355.31676	730.80777 	405.02098	470.17656	601.01996 	282.60573	347.1743 	476.6057  	497.06035	582.29288 	362.13809	419.06801 	196.12496	530.11413 
568.07393 	268.48649	469.56362 	360.96675	508.3483 	303.0    	485.14843	381.53374 	232.65854	577.13949 	462.26074	160.22796	140.98226	334.94029 	464.12282 	331.72579	561.3644 	489.80812 	606.51298 	529.52809 	555.49797 	187.54466	x        	566.56332 	470.93523 	342.98688	440.47701	546.12544 	416.48649 	613.17615 	647.97839 	499.71391 	363.45563	264.80181	382.23683 	278.82073	171.75855	543.28353 	219.00913	299.72153	637.09967 	353.54349	164.24676	300.83217 	318.84792	632.46343 	211.1516 	449.93443 	252.3014 	706.00849 
1124.10408	556.38565	1032.98596	517.55676	956.71521	759.09485	958.59949	623.77079 	610.12785	1141.90892	450.40093	483.0207 	706.39507	471.95444 	925.84447 	295.70255	1101.7604	845.69616 	1102.43548	720.28466 	1093.22641	572.98254	566.56332	x         	1034.38194	349.59691	449.01002	1093.39151	156.54072 	953.08813 	853.07092 	182.48287 	926.02915	356.73239	286.21146 	560.69688	656.97869	841.00237 	598.61924	523.40137	1170.39565	854.54607	558.71012	551.28395 	777.97814	1154.33444	453.24717	169.67321 	377.44668	978.52644 
240.4163  	632.57963	1.41421   	741.50455	514.49586	467.24832	461.20819	613.29601 	558.79334	175.07141 	871.88818	599.01669	329.96969	682.67781 	346.48232 	796.00125	311.11734	516.00387 	462.85418 	804.12188 	318.67538 	554.06588	470.93523	1034.38194	x         	792.679  	850.43047	133.25539 	880.66622 	713.79338 	864.34252 	967.36032 	108.40664	700.1057 	811.56946 	574.05313	402.31455	603.00331 	496.48464	619.62972	376.89786 	386.96382	504.59984	599.09932 	365.12463	409.695   	612.33405	919.95923 	709.8535 	841.6864  
827.60618 	213.8434 	791.40002 	170.35551	614.09608	428.78082	621.64057	611.99346 	278.72925	863.32496 	159.10059	193.87882	472.69863	486.96303 	798.52989 	68.94925 	789.92278	788.0406  	767.93879 	385.25835 	779.64735 	255.0    	342.98688	349.59691 	792.679   	x        	143.6802 	882.72362 	273.24897 	604.28221 	522.47487 	199.44422 	690.22025	328.53614	378.84693 	510.71812	499.31252	819.59075 	497.52286	499.26846	851.47401 	532.45563	437.22419	518.47854 	647.21557	829.24664 	381.81278	181.29809 	92.34717 	638.07836 
845.24552 	219.82947	849.26438 	116.46887	577.29195	427.67394	596.93969	747.74594 	295.36756	894.49538 	22.02271 	280.25167	552.13041	628.16001 	904.54076 	209.99523	793.83247	912.05482 	742.72605 	272.94688 	781.99872 	296.84507	440.47701	449.01002 	850.43047 	143.6802 	x        	953.97536 	405.22216 	522.23079 	404.0792  	271.0166  	755.38069	470.93523	521.47195 	644.05667	608.41515	949.7647  	621.95257	636.47545	845.65004 	535.70607	560.37576	654.00305 	757.27141	816.32959 	517.67267	283.2896  	218.0    	532.04886 
354.1765  	740.32695	133.60014 	849.49514	647.75072	591.15141	594.45773	603.26196 	669.01195	271.47191 	975.79711	689.56943	410.12802	698.82758 	281.60433 	877.64742	433.91819	460.81775 	590.50571 	928.21818 	442.98645 	657.61082	546.12544	1093.39151	133.25539 	882.72362	953.97536	x         	937.21288 	846.77387 	993.90794 	1045.47835	200.02249	744.99463	848.83096 	587.14393	439.06491	545.61891 	518.29914	633.83436	492.33423 	516.97775	541.48868	609.64989 	355.64729	529.81223 	651.25417	994.02716 	795.40744	974.48499 
980.6248  	451.77427	879.26389 	440.55646	842.17159	636.56892	837.87588	483.41803 	493.18657	993.57586 	414.15456	354.53913	554.57821	332.18067 	771.7804  	205.52615	964.06898	700.31492 	977.99028 	658.33502 	956.37074 	449.9111 	416.48649	156.54072 	880.66622 	273.24897	405.22216	937.21288 	x         	865.29648 	795.69152 	204.41379 	772.25967	202.03217	155.80115 	411.04987	500.4418 	703.10454 	443.81302	377.06498	1035.42117	724.93999	402.40526	404.27836 	622.73991	1022.86118	298.08052	148.73466 	264.68282	908.85257 
561.96886 	417.09711	713.36175 	435.63287	203.3642 	320.44032	256.78395	992.75424 	399.10023	647.84334 	530.17921	541.08409	606.00082	939.72868 	956.77426 	664.8496 	475.92541	1055.80916	339.2418  	266.2048  	462.04437 	450.69945	613.17615	953.08813 	713.79338 	604.28221	522.23079	846.77387 	865.29648 	x         	208.16579 	786.61108 	674.58505	824.79391	923.64711 	891.852  	749.10613	1126.41466	826.47444	911.77409	481.33668 	341.10408	776.55907	913.99398 	859.61444	435.10573 	810.29007	783.56365 	602.29975	128.75169 
746.32432 	394.62007	863.67239 	358.28061	387.3732 	412.00121	436.02866	1024.80632	415.32878	826.2312  	404.11508	530.14431	684.8299 	942.83031 	1057.54905	590.41172	665.21725	1128.09396	541.67333 	137.76792 	651.22192 	462.13093	647.97839	853.07092 	864.34252 	522.47487	404.0792 	993.90794 	795.69152 	208.16579 	x         	674.24772 	805.70466	804.96708	885.77028 	918.72574	808.29264	1188.73924	866.68621	928.61886	680.80246 	477.38139	809.29907	937.04642 	939.03141	636.40395 	815.14231	686.26306 	552.13404	141.66156 
1021.35694	413.04358	966.02277 	353.39071	811.96305	628.03264	820.82458	669.78354 	477.69864	1051.90113	270.22398	375.61815	638.96322	522.97323 	921.65503 	172.56882	987.18589	875.74082 	967.25591 	543.92095 	977.22259 	450.58739	499.71391	182.48287 	967.36032 	199.44422	271.0166 	1045.47835	204.41379 	786.61108 	674.24772 	x         	861.3768 	372.36809	358.35317 	584.32953	629.50853	889.00224 	598.06772	557.96863	1050.04095	730.9097 	545.39618	583.12434 	768.66767	1028.46876	457.85696	61.39218  	261.58363	802.99065 
292.02739 	540.57839	107.00467 	649.78842	485.37202	396.89419	434.87584	524.37009 	469.00106	254.24791 	777.11324	496.34766	222.72853	581.89775 	308.14606 	690.69385	339.83819	458.52371 	470.91612 	732.4616  	343.28122 	458.62511	363.45563	926.02915 	108.40664 	690.22025	755.38069	200.02249 	772.25967 	674.58505 	805.70466 	861.3768  	x        	592.57067	704.89219 	475.5092 	298.44429	544.16265 	395.88508	520.11633	415.60076 	334.96417	399.4008 	501.19856 	284.56985	438.35373 	506.00889	813.08855 	605.57741	799.37225 
828.36948 	415.91465	698.69163 	454.30056	755.46674	544.32802	739.23   	298.65029 	426.3074 	828.60002 	487.46794	284.19183	387.2002 	159.76545 	569.75959 	269.93702	825.79053	504.77717 	867.56786 	669.95522 	820.14267 	375.13864	264.80181	356.73239 	700.1057  	328.53614	470.93523	744.99463 	202.03217 	824.79391 	804.96708 	372.36809 	592.57067	x        	117.63077 	213.15018	305.92973	516.95357 	241.96074	185.80904	901.84699 	612.18052	204.28656	210.76052 	421.24577	897.00947 	96.56603 	311.04501 	260.86011	894.80724 
945.64316 	508.26961	810.15615 	528.33701	866.27074	655.07404	852.34382	337.59295 	529.00378	944.28014 	534.55214	384.08332	503.82238	185.97311 	652.23078 	311.48194	943.38804	560.45428 	982.92268 	748.54058 	937.68704 	479.12628	382.23683	286.21146 	811.56946 	378.84693	521.47195	848.83096 	155.80115 	923.64711 	885.77028 	358.35317 	704.89219	117.63077	x         	281.60255	411.94659	555.07296 	333.47863	240.66574	1019.33556	727.1451 	308.62274	268.8215  	511.01565	1014.05374	199.40411	299.78659 	333.65401	985.14212 
751.08787 	526.8719 	572.68577 	597.76249	776.03157	578.12282	746.14341	106.83164 	506.47507	728.62679 	663.35661	394.68975	328.0381 	111.72287 	371.01617 	463.60004	771.36048	291.68647 	851.0376  	793.18913 	769.19763 	457.35106	278.82073	560.69688 	574.05313 	510.71812	644.05667	587.14393 	411.04987 	891.852   	918.72574 	584.32953 	475.5092 	213.15018	281.60255 	x        	184.39088	310.04838 	82.0     	46.69047 	850.77905 	611.52268	115.74109	26.4764   	235.67138	857.52725 	130.29965	523.22461 	426.17484	983.89277 
567.1446  	439.03758	400.91021 	532.65373	611.90277	428.79598	577.00086	260.1019  	395.77392	548.2855  	629.92221	329.51479	152.08221	285.02982 	299.22065 	474.30475	587.3304 	320.93768 	672.71464 	695.77941 	585.44427 	355.31676	171.75855	656.97869 	402.31455 	499.31252	608.41515	439.06491 	500.4418  	749.10613 	808.29264 	629.50853 	298.44429	305.92973	411.94659 	184.39088	x        	381.27417 	102.3914 	225.78751	666.80206 	443.12526	103.32473	210.85777 	148.93287	674.70956 	212.92721	573.13523 	406.97051	853.0211  
833.24486 	810.26415	602.00747 	893.41703	974.51167	806.30019	933.24809	219.92044 	774.39847	778.03149 	969.69273	686.59886	520.59677	371.05794 	264.21392 	773.64397	883.54343	87.0      	1003.5761 	1072.79681	886.26463 	730.80777	543.28353	841.00237 	603.00331 	819.59075	949.7647 	545.61891 	703.10454 	1126.41466	1188.73924	889.00224 	544.16265	516.95357	555.07296 	310.04838	381.27417	x         	330.90482	331.14649	959.76299 	804.6726 	392.45127	306.88271 	274.30822	981.22831 	440.33623	827.61464 	732.98362	1233.40706
669.2421  	481.30032	495.10099 	562.51222	701.89814	509.00884	670.01641	167.29913 	451.50526	648.10261 	642.40952	355.71899	248.34049	186.25251 	328.22096 	459.55739	689.51069	290.73871 	771.43826 	746.00603 	687.4569  	405.02098	219.00913	598.61924 	496.48464 	497.52286	621.95257	518.29914 	443.81302 	826.47444 	866.68621 	598.06772 	395.88508	241.96074	333.47863 	82.0     	102.3914 	330.90482 	x        	124.48293	768.95318 	535.42132	61.77378 	108.46658 	179.56892	776.16299 	145.77379	538.44962 	407.78548	923.59135 
792.87893 	534.55214	618.25641 	598.34772	804.00559	602.22421	776.25382	113.84638 	520.55835	772.58074 	654.97633	400.0    	363.88597	65.06919  	414.57086 	447.6751 	810.54857	323.30326 	885.32536 	800.22559 	807.93625 	470.17656	299.72153	523.40137 	619.62972 	499.26846	636.47545	633.83436 	377.06498 	911.77409 	928.61886 	557.96863 	520.11633	185.80904	240.66574 	46.69047 	225.78751	331.14649 	124.48293	x        	889.81177 	641.95015	144.05554	28.16025  	281.93793	895.08044 	119.2057 	496.59641 	418.8138 	999.61242 
138.23168 	641.87927	377.40429 	730.01712	297.67431	423.81717	258.544  	920.09129 	572.78442	225.30423 	862.91193	687.43363	528.24615	943.5873  	716.36443 	884.35852	79.511   	874.03432 	143.42245 	681.95601 	82.28     	601.01996	637.09967	1170.39565	376.89786 	851.47401	845.65004	492.33423 	1035.42117	481.33668 	680.80246 	1050.04095	415.60076	901.84699	1019.33556	850.77905	666.80206	959.76299 	768.95318	889.81177	x         	319.13163	749.76062	877.2434  	695.79882	48.76474  	837.71892	1020.07303	796.49231	602.5612  
311.4113  	324.6937 	386.29134 	419.2374 	170.07351	108.04628	134.64768	701.34228 	253.93109	371.72705 	554.43124	372.15588	291.29538	685.00656 	617.74509 	565.82064	259.40123	728.70089 	255.93163 	425.01882 	248.31633 	282.60573	353.54349	854.54607 	386.96382 	532.45563	535.70607	516.97775 	724.93999 	341.10408 	477.38139 	730.9097  	334.96417	612.18052	727.1451  	611.52268	443.12526	804.6726  	535.42132	641.95015	319.13163 	x        	498.12849	636.67338 	531.8731 	299.84829 	564.49092	701.5326  	478.62824	464.56969 
658.47779 	421.45699	503.19081 	501.04291	661.25411	462.38728	632.55829	217.31313 	394.89365	645.84905 	580.90446	294.40108	221.822  	193.82982 	376.4638  	401.51338	670.85393	351.89344 	741.52882 	686.90683 	667.61141 	347.1743 	164.24676	558.71012 	504.59984 	437.22419	560.37576	541.48868 	402.40526 	776.55907 	809.29907 	545.39618 	399.4008 	204.28656	308.62274 	115.74109	103.32473	392.45127 	61.77378 	144.05554	749.76062 	498.12849	x        	139.48835 	223.91292	753.27617 	109.80892	486.78537 	346.902  	870.22813 
777.46253 	544.04503	597.7374  	611.76547	800.61101	601.52223	771.25158	93.74433  	526.27939	754.53959 	672.893  	410.64948	354.14121	91.02197  	386.89791 	468.78779	797.8283 	296.0608  	877.00513 	810.24687 	795.64942 	476.6057 	300.83217	551.28395 	599.09932 	518.47854	654.00305	609.64989 	404.27836 	913.99398 	937.04642 	583.12434 	501.19856	210.76052	268.8215  	26.4764  	210.85777	306.88271 	108.46658	28.16025 	877.2434  	636.67338	139.48835	x         	256.28889	883.9061  	136.69308	521.80551 	436.02293	1004.54367
576.41998 	582.72206	363.88184 	679.45934	701.28025	541.87175	659.23667	250.43961 	533.50351	534.25274 	778.80742	477.96338	255.97656	346.87317 	153.16004 	619.23339	617.82359	196.95684 	730.94049 	833.16264 	619.31736 	497.06035	318.84792	777.97814 	365.12463 	647.21557	757.27141	355.64729 	622.73991 	859.61444 	939.03141 	768.66767 	284.56985	421.24577	511.01565 	235.67138	148.93287	274.30822 	179.56892	281.93793	695.79882 	531.8731 	223.91292	256.28889 	x        	713.62314 	324.76606	710.47097 	554.95585	971.34134 
176.98022 	617.51842	410.07804 	701.55612	257.02918	400.46597	222.43425	931.12082 	550.81757	267.46962 	832.94237	671.63159	531.52046	946.8437  	743.30343 	865.20748	99.53893 	896.29124 	96.02083  	642.70833 	95.07891  	582.29288	632.46343	1154.33444	409.695   	829.24664	816.32959	529.81223 	1022.86118	435.10573 	636.40395 	1028.46876	438.35373	897.00947	1014.05374	857.52725	674.70956	981.22831 	776.16299	895.08044	48.76474  	299.84829	753.27617	883.9061  	713.62314	x         	837.03106	1000.84414	778.3945 	555.15223 
754.94436 	420.52348	610.92143 	479.95208	718.58541	510.65448	696.28729	230.34105 	413.51299	748.35352 	536.39537	285.04385	312.42439	129.69194 	473.94197 	333.34816	759.95065	418.76604 	816.14275 	684.79558 	755.47931 	362.13809	211.1516 	453.24717 	612.33405 	381.81278	517.67267	651.25417 	298.08052 	810.29007 	815.14231 	457.85696 	506.00889	96.56603 	199.40411 	130.29965	212.92721	440.33623 	145.77379	119.2057 	837.71892 	564.49092	109.80892	136.69308 	324.76606	837.03106 	x        	397.28327 	299.82161	892.00056 
984.59382 	392.29835	918.60383 	347.95976	793.49417	601.72585	798.52989	608.39543 	451.27042	1011.03165	287.21072	336.8798 	590.36005	461.78999 	863.2433  	135.72398	954.73818	814.74229 	943.92425 	552.15305 	945.32163 	419.06801	449.93443	169.67321 	919.95923 	181.29809	283.2896 	994.02716 	148.73466 	783.56365 	686.26306 	61.39218  	813.08855	311.04501	299.78659 	523.22461	573.13523	827.61464 	538.44962	496.59641	1020.07303	701.5326 	486.78537	521.80551 	710.47097	1000.84414	397.28327	x         	224.20749	809.73637 
761.04401 	187.10692	708.54357 	195.56328	581.42067	381.6556 	581.38197	529.76221 	233.0708 	790.31765 	237.18558	114.03946	385.44   	413.75959 	706.18552 	89.4986  	730.59017	698.52415 	724.98965 	415.04698 	721.25584 	196.12496	252.3014 	377.44668 	709.8535  	92.34717 	218.0    	795.40744 	264.68282 	602.29975 	552.13404 	261.58363 	605.57741	260.86011	333.65401 	426.17484	406.97051	732.98362 	407.78548	418.8138 	796.49231 	478.62824	346.902  	436.02293 	554.95585	778.3945  	299.82161	224.20749 	x        	654.00305 
689.21114 	478.97912	841.22886 	468.47091	332.03915	429.52182	385.51913	1087.53666	479.19307	775.90334 	534.81679	611.90277	715.70105	1021.55225	1075.35761	703.77411	602.22421	1166.00171	459.24503 	259.10615 	588.44371 	530.11413	706.00849	978.52644 	841.6864  	638.07836	532.04886	974.48499 	908.85257 	128.75169 	141.66156 	802.99065 	799.37225	894.80724	985.14212 	983.89277	853.0211 	1233.40706	923.59135	999.61242	602.5612  	464.56969	870.22813	1004.54367	971.34134	555.15223 	892.00056	809.73637 	654.00305	x         
