50
4
0 1 2 3 4 5 6 7 8 9 10 11 12 13 14 15 16 17 18 19 20 21 22 23 24 25 26 27 28 29 30 31 32 33 34 35 36 37 38 39 40 41 42 43 44 45 46 47 48 49 
5 10 15 20
0
x 67.30417 75.87216 122.5288 23.45097 40.32972 17.22976 73.01375 79.97407 23.40956 67.73922 32.77749 115.12671 80.60457 27.64716 88.32253 66.60232 45.05306 110.91372 95.63844 66.6058 36.55681 115.6199 10.04333 53.88152 92.03451 100.27043 28.99404 82.74117 93.87323 25.70909 39.65988 34.0731 99.94491 41.94897 82.75219 106.88111 75.42704 39.01855 62.39268 37.14726 42.97445 120.23522 61.58787 41.94782 54.94094 121.14788 3.1184 109.94958 34.27582
67.30417 x 137.03278 180.19027 87.38474 27.46799 58.13674 130.26558 138.0912 64.4723 106.9194 89.71384 x 147.54327 83.91969 142.64291 131.87247 98.0594 160.91561 135.64335 19.36249 77.42197 178.48689 69.18367 73.01855 82.03553 83.90741 78.08166 76.36617 94.22362 92.021 93.95694 48.63953 155.38632 99.53274 149.16306 137.76612 108.32414 94.97146 108.56026 46.85003 61.05275 159.18569 118.34793 96.79826 91.62562 164.38469 x 132.68689 85.09033
75.87216 137.03278 x 47.30778 71.20791 110.03759 92.43854 93.14647 10.47464 95.1602 51.50402 47.32066 40.46531 35.05555 53.14662 x 19.38381 40.51017 46.18477 54.54991 140.89464 62.38596 41.59981 80.94864 79.25551 115.80973 125.98001 59.28515 108.39235 106.52963 51.47194 43.58849 89.75155 28.92162 37.55172 29.92044 74.39227 61.1367 42.23096 40.9554 112.76002 82.85861 70.24618 21.03401 40.80381 58.13492 64.36851 77.96597 87.58459 52.60223
122.5288 180.19027 47.30778 x 118.36659 154.06652 139.3708 133.71079 42.76372 x 79.54462 91.90481 7.93279 66.76865 97.81684 38.05976 62.9484 82.21521 31.12037 62.28035 186.02734 102.97701 26.14991 128.10452 114.29885 142.64179 152.22557 102.37836 137.27841 129.71404 98.6972 86.64236 131.70208 25.30474 81.90825 60.06243 78.82676 84.78081 86.03201 73.52233 159.61927 121.75509 59.76334 62.23039 83.82454 92.27798 48.51731 124.41593 94.83812 95.27373
23.45097 87.38474 71.20791 118.36659 x 61.73252 29.74052 49.87759 78.02155 27.23676 79.30236 41.05485 111.67175 65.78908 38.63446 88.79069 56.88155 52.80415 112.78462 103.98275 82.98354 53.44038 106.70345 18.23086 73.9269 113.90248 122.55872 44.38016 104.57103 114.18535 22.66318 47.87871 57.40156 98.71251 46.6415 69.47028 118.30047 88.67943 46.05515 71.18476 47.8937 64.77277 127.5016 63.03364 49.06927 69.50823 126.28291 26.38613 124.01279 46.69991
40.32972 27.46799 110.03759 154.06652 61.73252 x 34.18493 107.70304 111.61829 42.48148 84.07862 62.7661 146.25827 120.15665 56.90036 116.97976 104.41729 71.8784 136.47392 113.47201 33.05961 52.40459 151.35468 43.59051 53.51092 75.64335 80.7239 51.68971 67.76207 84.10197 64.61549 67.46047 24.83556 129.59699 72.69644 121.70587 118.39276 87.29985 68.2651 84.05977 31.47592 39.84331 137.78627 91.91758 70.29248 68.64756 141.81377 37.25508 115.86464 58.80395
17.22976 58.13674 92.43854 139.3708 29.74052 34.18493 x 73.51922 96.96359 9.73815 83.78291 49.96505 132.0487 93.88811 44.69622 105.52058 81.80223 62.15098 128.14007 112.22276 53.36841 51.36061 131.41874 12.40576 65.21809 99.51675 106.70366 44.95256 90.50001 103.73692 41.27591 56.77549 39.48312 117.06229 59.17588 96.77979 122.54731 90.75639 56.21625 79.1614 20.343 52.43544 136.91709 78.7727 59.12062 70.14673 138.15017 16.23156 124.49093 50.8668
73.01375 130.26558 93.14647 133.71079 49.87759 107.70304 73.51922 x 103.01579 65.91027 121.29408 85.08433 129.10839 67.40771 84.76396 115.8445 73.85077 94.2729 139.32588 140.51577 120.77772 101.25403 113.58253 65.60229 122.81526 163.48 172.30473 92.05809 154.15529 162.79394 65.22297 90.58102 107.08679 121.69027 86.60877 73.93266 157.85318 131.73016 88.15911 111.13589 84.36839 114.49441 161.1027 95.84685 90.65867 114.84386 156.83831 75.76281 166.4592 92.52244
79.97407 138.0912 10.47464 42.76372 78.02155 111.61829 96.96359 103.01579 x 100.56746 45.2839 49.17784 35.19811 45.28335 55.09561 12.95412 29.60167 40.09675 36.48338 44.61171 143.34283 61.59792 43.22527 86.02595 76.11203 110.44847 120.55052 60.02977 103.52942 100.1673 56.98062 44.17683 89.94671 20.69096 39.17191 39.8294 64.56387 54.04698 43.39511 35.84871 117.11602 81.40934 59.77434 19.74327 41.33854 54.25366 54.07678 81.76834 78.23773 53.00101
23.40956 64.4723 95.1602 x 27.23676 42.48148 9.73815 65.91027 100.56746 x 91.13476 55.61191 135.31893 92.9798 50.82236 109.92889 82.82717 68.05057 133.10857 118.98943 57.07862 59.44453 132.75572 14.76534 74.47532 109.24621 116.43885 52.32598 100.21688 113.30651 43.72788 62.64941 49.21094 121.00392 64.16987 96.47888 130.22173 98.64404 61.75485 85.68922 20.90151 61.93494 143.53317 83.2257 64.76806 78.07921 144.15344 23.50486 132.85026 57.67273
67.73922 106.9194 51.50402 79.54462 79.30236 84.07862 83.78291 121.29408 45.2839 91.13476 x 38.24777 71.75514 82.80271 41.33019 42.36819 62.35681 27.17437 55.00415 29.49843 117.10975 33.21652 87.71216 77.18231 35.64091 65.25504 75.31749 38.86677 58.70521 55.06441 57.70613 31.56814 59.355 54.49605 34.69083 79.36706 39.3253 10.828 33.68022 11.42291 100.87425 45.88589 54.14184 32.47545 30.8974 15.44139 57.75758 67.79796 45.26708 33.70035
32.77749 89.71384 47.32066 91.90481 41.05485 62.7661 49.96505 85.08433 49.17784 55.61191 38.24777 x 84.23272 63.67193 5.91946 56.14895 44.65548 12.48344 78.23465 63.96319 94.171 19.54053 88.80425 40.95981 41.5941 83.09377 92.87625 12.82012 74.16141 79.36071 20.00533 7.1279 43.03024 68.23233 10.00827 63.28973 77.32341 47.79622 6.25891 30.65454 69.38024 39.38283 88.21298 29.78252 9.17802 29.76046 88.54155 33.90654 83.12522 8.42076
115.12671 x 40.46531 7.93279 111.67175 146.25827 132.0487 129.10839 35.19811 135.31893 71.75514 84.23272 x 62.91782 90.13677 30.12987 57.09114 74.388 25.63909 55.5458 178.29916 95.07182 27.20534 120.91381 106.40679 135.1809 144.82957 94.56891 129.67894 122.46155 91.59609 78.86984 123.80896 17.39485 74.25114 56.17275 72.84287 77.22811 78.31246 65.60234 152.2525 113.82231 55.38021 54.50142 76.05979 84.37204 44.63464 116.95578 88.7902 87.45608
80.60457 147.54327 35.05555 66.76865 65.78908 120.15665 93.88811 67.40771 45.28335 92.9798 82.80271 63.67193 62.91782 x 68.07934 57.56134 20.66737 63.40743 77.80902 89.58677 146.80672 82.78132 46.40384 x 103.54664 143.53194 153.653 76.35671 135.23622 136.41764 55.54277 63.75808 105.205 59.06285 56.89563 6.74516 109.37126 93.26256 61.40714 71.45473 113.33944 103.04541 104.45672 50.34109 61.69825 85.28299 97.44036 83.48344 122.17521 71.53876
27.64716 83.91969 53.14662 97.81684 38.63446 56.90036 44.69622 84.76396 55.09561 50.82236 41.33019 5.91946 90.13677 68.07934 x 61.92289 49.62492 17.46047 83.75454 68.24074 88.25165 17.095 94.56889 36.36179 39.44343 81.05677 90.63964 8.62015 71.95459 78.42959 19.73839 12.11176 37.70115 74.07804 15.92766 68.07871 80.6443 50.20601 11.94436 34.89272 63.83513 35.46271 92.71944 35.66536 14.61109 30.90719 93.5028 28.51535 85.48558 8.07105
88.32253 142.64291 x 38.05976 88.79069 116.97976 105.52058 115.8445 12.95412 109.92889 42.36819 56.14895 30.12987 57.56134 61.92289 x 42.55577 45.27855 24.20087 34.09667 149.41128 65.24443 46.35317 95.21267 76.3938 107.07404 116.97458 65.44225 100.95176 95.42861 66.96503 50.13645 94.03357 12.81191 46.45329 51.75355 54.00047 49.1956 49.97918 35.49704 125.34565 83.7148 47.00877 26.75872 47.42093 54.31459 41.12931 x 68.59541 58.31401
66.60232 131.87247 19.38381 62.9484 56.88155 104.41729 81.80223 73.85077 29.60167 82.82717 62.35681 44.65548 57.09114 20.66737 49.62492 42.55577 x 43.024 65.53861 71.6793 133.15011 63.15468 49.93964 69.61665 83.32952 122.96765 133.10491 57.47533 114.75339 115.75122 40.90321 43.82973 87.29043 47.88294 36.93921 18.79266 91.0239 72.9288 41.62175 50.9629 101.99511 83.70076 89.14234 30.02304 41.58659 64.65625 83.67221 69.18186 103.00113 52.05994
45.05306 98.0594 40.51017 82.21521 52.80415 71.8784 62.15098 94.2729 40.09675 68.05057 27.17437 12.48344 74.388 63.40743 17.46047 45.27855 43.024 x 66.44181 51.56473 104.14677 21.88154 81.91734 53.42852 40.35008 80.23419 90.31709 20.20602 x 74.24776 30.69588 5.40273 49.85721 57.77134 7.89346 61.70878 65.57587 37.46005 6.75191 18.40032 81.22848 42.38993 75.73953 20.39709 3.76332 22.68752 76.12355 45.97565 72.43955 13.07807
110.91372 160.91561 46.18477 31.12037 112.78462 136.47392 128.14007 139.32588 36.48338 133.10857 55.00415 78.23465 25.63909 77.80902 83.75454 24.20087 65.53861 66.44181 x 32.2491 169.38006 84.07064 51.91258 118.34604 90.64 114.24167 123.46416 85.98822 109.73946 100.48518 90.70962 71.67126 112.47804 18.79639 69.02711 71.40283 47.72761 57.68419 71.97608 52.45986 147.58451 100.31835 30.13767 50.05577 69.15636 69.65194 20.40469 112.14089 63.746 79.0103
95.63844 135.64335 54.54991 62.28035 103.98275 113.47201 112.22276 140.51577 44.61171 118.98943 29.49843 63.96319 55.5458 89.58677 68.24074 34.09667 71.6793 51.56473 32.2491 x 146.46066 62.55908 78.37111 104.60251 62.99796 82.22785 91.31032 67.37689 78.18848 68.25582 81.41958 56.8387 88.68328 41.1546 57.35002 84.38628 19.99198 27.83575 58.25424 33.36396 129.95274 74.67638 24.77709 44.70651 55.18072 44.85268 28.79703 96.04602 34.64106 61.39778
66.6058 19.36249 140.89464 186.02734 82.98354 33.05961 53.36841 120.77772 143.34283 57.07862 117.10975 94.171 178.29916 146.80672 88.25165 149.41128 133.15011 104.14677 169.38006 146.46066 x 85.35906 181.63022 65.61069 85.50666 99.92133 102.49119 83.96962 93.58762 111.17935 92.30207 99.46174 57.77766 161.90583 104.17927 149.26628 150.69843 120.01436 99.99545 117.02965 36.69109 72.29256 170.67699 123.80201 102.2563 101.67165 174.85765 63.96923 147.10676 91.09727
36.55681 77.42197 62.38596 102.97701 53.44038 52.40459 51.36061 101.25403 61.59792 59.44453 33.21652 19.54053 95.07182 82.78132 17.095 65.24443 63.15468 21.88154 84.07064 62.55908 85.35906 x 103.78438 46.52145 22.36188 63.98301 73.61974 9.20162 54.9164 61.58656 36.7039 19.44858 28.79177 78.01469 26.28136 81.93783 71.27535 39.40925 21.53732 31.67059 67.72128 20.69771 87.29741 42.09594 21.97809 18.80938 90.17475 35.95981 73.43821 11.27871
115.6199 178.48689 41.59981 26.14991 106.70345 151.35468 131.41874 113.58253 43.22527 132.75572 87.71216 88.80425 27.20534 46.40384 94.56889 46.35317 49.93964 81.91734 51.91258 78.37111 181.63022 103.78438 x 119.36882 119.31826 152.92244 162.92693 100.88203 146.35716 141.70484 90.19255 85.17786 131.35059 37.23403 79.12601 40.27005 97.19234 95.38292 83.82617 78.95825 151.70383 124.06135 82.03041 61.80511 82.38303 97.47643 71.63547 117.98501 112.78497 94.19224
10.04333 69.18367 80.94864 128.10452 18.23086 43.59051 12.40576 65.60229 86.02595 14.76534 77.18231 40.95981 120.91381 x 36.36179 95.21267 69.61665 53.42852 118.34604 104.60251 65.61069 46.52145 119.36882 x 63.79014 101.30517 109.28722 38.69704 92.05482 103.64381 29.50233 48.03562 42.27602 106.38429 49.40813 84.38922 116.43602 85.16002 47.06084 71.25115 32.38007 52.49245 129.05298 68.49044 50.09018 x 129.47957 11.55847 119.8406 43.52272
53.88152 73.01855 79.25551 114.29885 73.9269 53.51092 65.21809 122.81526 76.11203 74.47532 35.64091 41.5941 106.40679 103.54664 39.44343 76.3938 83.32952 40.35008 90.64 62.99796 85.50666 22.36188 119.31826 63.79014 x 41.62133 51.30021 31.21018 32.58568 40.2755 58.92409 39.88416 29.53487 89.0138 46.6857 102.05036 65.20319 35.37426 42.34723 40.97665 77.3703 13.97342 86.18492 58.22261 41.84896 22.10821 91.79373 52.30653 62.49805 33.17492
92.03451 82.03553 115.80973 142.64179 113.90248 75.64335 99.51675 163.48 110.44847 109.24621 65.25504 83.09377 135.1809 143.53194 81.05677 107.07404 122.96765 80.23419 114.24167 82.22785 99.92133 63.98301 152.92244 101.30517 41.62133 x 10.18309 72.74076 9.33149 15.85607 100.43755 80.71825 60.0353 118.47987 87.29218 141.35863 73.48777 58.03567 83.27981 74.92806 105.95565 49.18178 98.83988 95.28318 82.34683 58.39932 108.05983 89.84306 61.86045 74.67933
100.27043 83.90741 125.98001 152.22557 122.55872 80.7239 106.70366 172.30473 120.55052 116.43885 75.31749 92.87625 144.82957 153.653 90.63964 116.97458 133.10491 90.31709 123.46416 91.31032 102.49119 73.61974 162.92693 109.28722 51.30021 10.18309 x 82.2322 18.71572 23.35059 109.86217 90.69119 67.40686 128.24676 97.30886 151.51882 81.37015 67.83878 93.23846 85.08339 111.69589 57.81087 106.82529 105.46593 92.37124 68.56734 116.43368 97.94142 68.71293 84.45557
28.99404 78.08166 59.28515 102.37836 44.38016 51.68971 44.95256 92.05809 60.02977 52.32598 38.86677 12.82012 94.56891 76.35671 8.62015 65.44225 57.47533 20.20602 85.98822 67.37689 83.96962 9.20162 100.88203 38.69704 31.21018 72.74076 82.2322 x 63.58109 70.7607 27.71545 15.87621 30.51216 77.97365 21.79734 76.09475 77.89925 46.46591 17.05638 34.73432 62.73029 26.89237 92.12686 40.29244 18.71724 26.10725 93.98348 28.93266 81.24025 7.13148
82.74117 76.36617 108.39235 137.27841 104.57103 67.76207 90.50001 154.15529 103.52942 100.21688 58.70521 74.16141 129.67894 135.23622 71.95459 100.95176 114.75339 x 109.73946 78.18848 93.58762 54.9164 146.35716 92.05482 32.58568 9.33149 18.71572 63.58109 x 17.95247 91.25015 72.05594 51.02844 112.71574 78.71619 133.27015 71.58756 52.51825 74.59008 67.75721 97.57807 39.85848 96.53851 87.64614 73.79138 50.49222 105.09667 80.57465 61.59461 65.74067
93.87323 94.22362 106.52963 129.71404 114.18535 84.10197 103.73692 162.79394 100.1673 113.30651 55.06441 79.36071 122.46155 136.41764 78.42959 95.42861 115.75122 74.24776 100.48518 68.25582 111.17935 61.58656 141.70484 103.64381 40.2755 15.85607 23.35059 70.7607 17.95247 x 98.16595 75.74877 64.90489 106.21035 81.83181 133.6113 58.08641 46.34824 78.37042 65.72582 112.82345 51.41643 83.5254 86.77661 76.90791 51.5905 93.08311 92.09181 46.03025 71.18082
25.70909 92.021 51.47194 98.6972 22.66318 64.61549 41.27591 65.22297 56.98062 43.72788 57.70613 20.00533 91.59609 55.54277 19.73839 66.96503 40.90321 30.69588 90.70962 81.41958 92.30207 36.7039 90.19255 29.50233 58.92409 100.43755 109.86217 27.71545 91.25015 98.16595 x 26.16397 51.34989 77.55118 24.08217 57.25874 96.24549 67.59935 24.04267 48.91485 61.60778 53.24199 104.84169 40.70993 26.93262 49.71091 103.69951 28.35676 102.85871 27.31627
39.65988 93.95694 43.58849 86.64236 47.87871 67.46047 56.77549 90.58102 44.17683 62.64941 31.56814 7.1279 78.86984 63.75808 12.11176 50.13645 43.82973 5.40273 71.67126 56.8387 99.46174 19.44858 85.17786 48.03562 39.88416 80.71825 90.69119 15.87621 72.05594 75.74877 26.16397 x 46.18732 62.48249 6.89166 62.62221 70.4222 41.46539 2.62255 23.55107 75.93587 40.13585 81.09082 24.45769 2.84141 24.77837 81.526 40.61785 76.69609 9.01439
34.0731 48.63953 89.75155 131.70208 57.40156 24.83556 39.48312 107.08679 89.94671 49.21094 59.355 43.03024 123.80896 105.205 37.70115 94.03357 87.29043 49.85721 112.47804 88.68328 57.77766 28.79177 131.35059 42.27602 29.53487 60.0353 67.40686 30.51216 51.02844 64.90489 51.34989 46.18732 x 106.79654 52.30925 105.60866 93.75771 62.49342 47.55266 60.03578 48.42176 15.56542 112.95467 70.25131 48.99984 43.91361 117.11247 31.37071 91.99309 37.17915
99.94491 155.38632 28.92162 25.30474 98.71251 129.59699 117.06229 121.69027 20.69096 121.00392 54.49605 68.23233 17.39485 59.06285 74.07804 12.81191 47.88294 57.77134 18.79639 41.1546 161.90583 78.01469 37.23403 106.38429 89.0138 118.47987 128.24676 77.97365 112.71574 106.21035 77.55118 62.48249 106.79654 x 58.37112 52.62238 60.04958 60.44441 62.15172 48.21925 137.07044 96.51859 47.4599 38.49834 59.71884 66.97753 38.90478 101.57466 75.56194 70.84247
41.94897 99.53274 37.55172 81.90825 46.6415 72.69644 59.17588 86.60877 39.17191 64.16987 34.69083 10.00827 74.25114 56.89563 15.92766 46.45329 36.93921 7.89346 69.02711 57.35002 104.17927 26.28136 79.12601 49.40813 46.6857 87.29218 97.30886 21.79734 78.71619 81.83181 24.08217 6.89166 52.30925 58.37112 x 55.73184 72.41147 45.15704 4.82825 25.03303 78.89725 46.93687 80.96451 19.87487 4.95649 30.39511 80.41129 43.3543 79.91823 15.4639
82.75219 149.16306 29.92044 60.06243 69.47028 121.70587 96.77979 73.93266 39.8294 96.47888 79.36706 63.28973 56.17275 6.74516 68.07871 51.75355 18.79266 61.70878 71.40283 84.38628 149.26628 81.93783 40.27005 84.38922 102.05036 141.35863 151.51882 76.09475 133.27015 133.6113 57.25874 62.62221 105.60866 52.62238 55.73184 x 104.28048 89.61707 60.40942 68.15475 116.54129 102.45513 98.46087 46.95717 60.36543 82.96475 91.1802 85.53006 117.46793 70.81719
106.88111 137.76612 74.39227 78.82676 118.30047 118.39276 122.54731 157.85318 64.56387 130.22173 39.3253 77.32341 72.84287 109.37126 80.6443 54.00047 91.0239 65.57587 47.72761 19.99198 150.69843 71.27535 97.19234 116.43602 65.20319 73.48777 81.37015 77.89925 71.58756 58.08641 96.24549 70.4222 93.75771 60.04958 72.41147 104.28048 x 31.94488 72.29647 47.38271 138.71099 78.55947 25.46061 62.83368 69.33562 52.47054 35.62903 106.77455 16.02033 73.01308
75.42704 108.32414 61.1367 84.78081 88.67943 87.29985 90.75639 131.73016 54.04698 98.64404 10.828 47.79622 77.22811 93.26256 50.20601 49.1956 72.9288 37.46005 57.68419 27.83575 120.01436 39.40925 95.38292 85.16002 35.37426 58.03567 67.83878 46.46591 52.51825 46.34824 67.59935 41.46539 62.49342 60.44441 45.15704 89.61707 31.94488 x 43.73903 22.16922 106.7683 47.75474 50.87389 42.9376 41.10619 20.60969 56.55673 75.14586 35.34055 42.26139
39.01855 94.97146 42.23096 86.03201 46.05515 68.2651 56.21625 88.15911 43.39511 61.75485 33.68022 6.25891 78.31246 61.40714 11.94436 49.97918 41.62175 6.75191 71.97608 58.25424 99.99545 21.53732 83.82617 47.06084 42.34723 83.27981 93.23846 17.05638 74.59008 78.37042 24.04267 2.62255 47.55266 62.15172 4.82825 60.40942 72.29647 43.73903 x 25.15052 75.63182 42.15505 82.32577 23.8111 3.07772 27.3715 82.41958 40.16539 78.89349 10.63603
62.39268 108.56026 40.9554 73.52233 71.18476 84.05977 79.1614 111.13589 35.84871 85.68922 11.42291 30.65454 65.60234 71.45473 34.89272 35.49704 50.9629 18.40032 52.45986 33.36396 117.02965 31.67059 78.95825 71.25115 40.97665 74.92806 85.08339 34.73432 67.75721 65.72582 48.91485 23.55107 60.03578 48.21925 25.03303 68.15475 47.38271 22.16922 25.15052 x 97.44174 48.52376 57.84722 21.19884 22.11732 18.86844 59.24965 62.93811 55.41659 28.31659
37.14726 46.85003 112.76002 159.61927 47.8937 31.47592 20.343 84.36839 117.11602 20.90151 100.87425 69.38024 152.2525 113.33944 63.83513 125.34565 101.99511 81.22848 147.58451 129.95274 36.69109 67.72128 151.70383 32.38007 77.3703 105.95565 111.69589 62.73029 97.57807 112.82345 61.60778 75.93587 48.42176 137.07044 78.89725 116.54129 138.71099 106.7683 75.63182 97.44174 x 63.5635 154.72922 98.65711 78.42819 86.37128 156.68211 35.54305 139.02993 69.22306
42.97445 61.05275 82.85861 121.75509 64.77277 39.84331 52.43544 114.49441 81.40934 61.93494 45.88589 39.38283 113.82231 103.04541 35.46271 83.7148 83.70076 42.38993 100.31835 74.67638 72.29256 20.69771 124.06135 52.49245 13.97342 49.18178 57.81087 26.89237 39.85848 51.41643 53.24199 40.13585 15.56542 96.51859 46.93687 102.45513 78.55947 47.75474 42.15505 48.52376 63.5635 x 98.54992 62.25662 42.67427 30.70443 103.36821 40.94533 76.43463 31.64088
120.23522 159.18569 70.24618 59.76334 127.5016 137.78627 136.91709 161.1027 59.77434 143.53317 54.14184 88.21298 55.38021 104.45672 92.71944 47.00877 89.14234 75.73953 30.13767 24.77709 170.67699 87.29741 82.03041 129.05298 86.18492 98.83988 106.82529 92.12686 96.53851 83.5254 104.84169 81.09082 112.95467 47.4599 80.96451 98.46087 25.46061 50.87389 82.32577 57.84722 154.72922 98.54992 x 65.93305 79.24989 69.354 11.66442 120.71834 39.87849 86.05784
61.58787 118.34793 21.03401 62.23039 63.03364 91.91758 78.7727 95.84685 19.74327 83.2257 32.47545 29.78252 54.50142 50.34109 35.66536 26.75872 30.02304 20.39709 50.05577 44.70651 123.80201 42.09594 61.80511 68.49044 58.22261 95.28318 105.46593 40.29244 87.64614 86.77661 40.70993 24.45769 70.25131 38.49834 19.87487 46.95717 62.83368 42.9376 23.8111 21.19884 98.65711 62.25662 65.93305 x 21.62532 37.22675 63.4975 63.128 73.65396 33.25776
41.94782 96.79826 40.80381 83.82454 49.06927 70.29248 59.12062 90.65867 41.33854 64.76806 30.8974 9.17802 76.05979 61.69825 14.61109 47.42093 41.58659 3.76332 69.15636 55.18072 102.2563 21.97809 82.38303 50.09018 41.84896 82.34683 92.37124 18.71724 73.79138 76.90791 26.93262 2.84141 48.99984 59.71884 4.95649 60.36543 69.33562 41.10619 3.07772 22.11732 78.42819 42.67427 79.24989 21.62532 x 25.54616 79.39103 43.0202 76.15392 11.8207
54.94094 91.62562 58.13492 92.27798 69.50823 68.64756 70.14673 114.84386 54.25366 78.07921 15.44139 29.76046 84.37204 85.28299 30.90719 54.31459 64.65625 22.68752 69.65194 44.85268 101.67165 18.80938 97.47643 x 22.10821 58.39932 68.56734 26.10725 50.49222 51.5905 49.71091 24.77837 43.91361 66.97753 30.39511 82.96475 52.47054 20.60969 27.3715 18.86844 86.37128 30.70443 69.354 37.22675 25.54616 x 73.19892 54.57483 55.13511 22.83864
121.14788 164.38469 64.36851 48.51731 126.28291 141.81377 138.15017 156.83831 54.07678 144.15344 57.75758 88.54155 44.63464 97.44036 93.5028 41.12931 83.67221 76.12355 20.40469 28.79703 174.85765 90.17475 71.63547 129.47957 91.79373 108.05983 116.43368 93.98348 105.09667 93.08311 103.69951 81.526 117.11247 38.90478 80.41129 91.1802 35.62903 56.55673 82.41958 59.24965 156.68211 103.36821 11.66442 63.4975 79.39103 73.19892 x 121.92419 50.8418 87.48426
3.1184 x 77.96597 124.41593 26.38613 37.25508 16.23156 75.76281 81.76834 23.50486 67.79796 33.90654 116.95578 83.48344 28.51535 x 69.18186 45.97565 112.14089 96.04602 63.96923 35.95981 117.98501 11.55847 52.30653 89.84306 97.94142 28.93266 80.57465 92.09181 28.35676 40.61785 31.37071 101.57466 43.3543 85.53006 106.77455 75.14586 40.16539 62.93811 35.54305 40.94533 120.71834 63.128 43.0202 54.57483 121.92419 x 109.39141 34.6605
109.94958 132.68689 87.58459 94.83812 124.01279 115.86464 124.49093 166.4592 78.23773 132.85026 45.26708 83.12522 88.7902 122.17521 85.48558 68.59541 103.00113 72.43955 63.746 34.64106 147.10676 73.43821 112.78497 119.8406 62.49805 61.86045 68.71293 81.24025 61.59461 46.03025 102.85871 76.69609 91.99309 75.56194 79.91823 117.46793 16.02033 35.34055 78.89349 55.41659 139.02993 76.43463 39.87849 73.65396 76.15392 55.13511 50.8418 109.39141 x 77.49058
34.27582 85.09033 52.60223 95.27373 46.69991 58.80395 50.8668 92.52244 53.00101 57.67273 33.70035 8.42076 87.45608 71.53876 8.07105 58.31401 52.05994 13.07807 79.0103 61.39778 91.09727 11.27871 94.19224 43.52272 33.17492 74.67933 84.45557 7.13148 65.74067 71.18082 27.31627 9.01439 37.17915 70.84247 15.4639 70.81719 73.01308 42.26139 10.63603 28.31659 69.22306 31.64088 86.05784 33.25776 11.8207 22.83864 87.48426 34.6605 77.49058 x