100
43
camp improve balance sell revise houseplant lamb fibre presidential chain union essential brick mastermind aisle novel bark disposition paint secretary uncertainty photograph explicit slice band farewell seller fish orange clothes prejudice launch resident morale death incident distinct tile roll cherry extension name charismatic approach pudding old community prestige perform mirror frighten net constant active survey suffering map commitment sustain conference candle duck walk tongue progress liability smash reinforce safari muggy flow wilderness equinox analyst dry twitch funeral method jurisdiction dollar corpse remark referee hiccup glove tropical cycle favor research machinery advocate kitchen shift acquisition recording curtain president account implication improvement
houseplant lamb fibre presidential chain union essential brick mastermind aisle novel bark disposition paint secretary uncertainty photograph explicit slice band farewell seller fish orange clothes prejudice muggy flow wilderness equinox analyst dry twitch funeral method jurisdiction dollar corpse remark referee hiccup glove tropical
equinox
x 125 123 108 179 145 145 143 120 125 160 150 x 142 181 142 192 194 109 173 192 165 162 104 133 185 155 147 x x 173 115 173 173 191 164 105 x 146 105 188 107 138 145 197 192 121 122 192 133 x 168 196 197 116 159 162 187 123 x 150 115 180 105 117 134 169 130 193 168 176 189 117 113 178 127 156 176 107 186 171 157 196 183 116 197 x 178 132 126 120 187 171 200 x 143 154 161 150 181
125 x 155 170 160 138 153 109 132 175 168 144 140 143 191 192 147 102 165 118 103 170 102 199 157 168 173 161 167 130 194 173 121 157 101 165 138 109 167 x 200 183 190 129 121 102 159 130 179 151 189 x 197 155 169 160 186 183 192 172 115 180 179 192 199 x 174 103 182 158 135 144 133 120 156 169 153 151 148 x 111 155 x 164 165 200 152 159 110 173 123 102 159 148 x 160 109 174 161 135
123 155 x 150 x 135 187 184 183 146 x 154 137 111 160 150 146 151 115 x 162 199 164 149 200 112 128 134 155 176 137 189 169 121 200 140 118 134 189 107 111 185 110 169 132 130 164 x 142 185 171 162 187 x 126 176 161 143 179 114 x 186 155 186 134 167 181 144 136 x 103 186 105 170 x 188 131 144 170 122 102 104 141 134 157 132 138 120 114 149 173 116 104 137 125 181 190 111 153 133
108 170 150 x 163 176 144 184 154 195 179 142 160 112 121 173 195 128 200 114 182 127 181 143 175 117 107 143 158 136 116 108 157 136 104 173 160 104 186 200 200 158 178 149 131 108 138 157 158 173 130 115 197 117 164 173 116 135 126 143 172 200 109 144 x 109 180 103 187 155 143 194 161 159 152 150 186 112 104 148 131 152 190 190 115 155 101 194 189 183 129 142 174 x 162 111 161 184 102 101
179 160 x 163 x 109 113 176 103 161 154 193 150 101 129 160 191 196 120 149 x 132 151 111 171 149 153 185 160 154 x x 144 x 194 108 175 189 190 170 112 127 114 190 181 149 126 115 104 106 104 117 200 186 152 110 147 174 174 190 150 161 109 107 170 x 152 194 137 141 144 133 186 118 101 151 x 155 195 173 155 181 169 173 x 178 180 194 191 104 x 153 184 147 154 159 192 x 187 157
145 138 135 176 109 x x 120 187 147 x 154 195 147 104 163 136 122 116 142 191 164 143 134 188 112 103 192 143 199 x 131 197 170 195 171 160 115 164 134 161 183 154 183 180 118 170 192 140 109 159 149 132 115 169 153 146 187 146 146 114 121 142 104 186 x 159 137 179 127 156 192 151 195 107 170 180 170 145 199 111 192 200 173 140 108 159 160 153 144 143 159 197 192 185 192 108 106 132 126
145 153 187 144 113 x x 145 148 138 167 148 x 136 174 161 137 102 154 184 112 115 156 184 152 136 183 127 190 173 165 130 117 129 168 172 162 120 133 135 150 135 104 192 133 118 195 x 120 175 x 178 101 106 111 130 108 178 190 115 113 153 194 118 190 140 117 145 180 120 x 122 142 183 161 114 182 176 132 179 117 145 118 148 182 179 111 170 140 159 197 183 199 148 138 141 168 170 191 101
143 109 184 184 176 120 145 x 165 167 103 178 113 180 112 x 181 103 151 162 187 104 181 168 144 156 103 184 105 147 127 173 167 111 196 192 189 141 191 164 120 138 169 145 194 117 108 134 189 118 151 x x 172 186 155 x 146 126 154 186 103 194 x 168 134 132 140 136 107 197 106 161 138 121 184 153 161 150 x 122 164 137 122 126 141 131 192 196 146 151 x 126 144 150 112 123 165 125 129
120 132 183 154 103 187 148 165 x 101 x 150 171 126 181 169 193 x 106 165 151 133 109 181 136 138 123 179 163 155 117 151 190 109 168 123 144 132 165 120 183 125 164 178 199 176 131 143 146 102 182 116 188 172 173 x 165 197 111 167 146 195 115 186 181 148 199 155 114 115 112 103 x 136 101 146 188 112 129 167 186 184 131 105 148 109 121 195 192 115 150 151 125 151 108 187 186 120 159 172
125 175 146 195 161 147 138 167 101 x 138 164 x 164 176 140 129 152 196 173 197 195 141 165 158 113 138 183 118 149 137 126 182 184 193 x 157 123 137 144 158 107 191 154 191 112 x 175 193 148 200 170 153 123 158 145 164 107 126 x 104 122 189 148 133 102 146 x 178 200 194 117 182 108 197 157 103 109 168 187 x 129 118 165 130 200 111 110 112 189 105 194 137 154 x 158 105 138 106 151
160 168 x 179 154 x 167 103 x 138 x 197 126 x 108 138 156 115 170 114 171 168 127 154 106 x 199 154 122 155 123 188 199 146 103 125 108 199 147 130 176 155 116 138 160 146 121 165 x x 107 197 129 188 x 171 172 173 x 180 175 182 158 184 x 102 137 117 x 184 130 x 192 168 133 199 187 133 191 174 x 105 181 106 130 163 169 x x 111 101 164 137 122 117 155 151 120 189 135
150 144 154 142 193 154 148 178 150 164 197 x 195 129 150 143 111 193 101 197 173 176 190 189 145 105 182 x 142 133 103 138 186 194 181 127 195 173 190 106 179 108 104 142 x 115 187 135 112 154 112 112 x 120 188 142 105 106 122 188 x 125 176 194 x 114 145 167 x 135 135 104 183 181 x 162 154 152 101 136 157 103 186 200 161 199 165 172 178 199 102 153 125 175 191 162 149 176 188 117
x 140 137 160 150 195 x 113 171 x 126 195 x 173 162 155 106 133 196 132 120 188 112 123 104 127 188 101 157 152 118 154 154 162 183 190 158 146 196 131 102 128 132 157 133 111 114 147 146 149 146 108 184 155 110 155 141 163 125 x 156 150 150 163 169 159 186 x 141 163 145 140 169 116 141 199 130 162 115 x 174 102 138 161 157 108 188 157 168 151 105 122 104 157 103 184 137 170 147 186
142 143 111 112 101 147 136 180 126 164 x 129 173 x 111 148 x 155 144 180 179 185 195 183 x x 122 192 x 192 179 116 190 184 125 134 114 108 174 x 109 108 118 192 193 161 117 153 x 128 x x 180 127 x 138 109 x 152 143 137 147 161 173 110 154 136 113 156 x 134 138 157 169 170 122 157 158 128 131 104 191 131 161 150 101 183 183 185 140 155 188 142 164 152 200 199 121 134 x
181 191 160 121 129 104 174 112 181 176 108 150 162 111 x 191 101 183 185 132 163 197 173 137 153 117 184 127 138 200 142 108 193 115 108 179 x 134 121 109 135 155 107 140 168 130 154 165 155 156 144 109 116 121 171 125 121 x 140 101 193 170 193 105 134 145 147 116 110 182 108 197 150 195 192 149 129 138 117 195 131 196 192 x 169 192 178 117 x 199 122 154 183 145 132 103 174 105 113 x
142 192 150 173 160 163 161 x 169 140 138 143 155 148 191 x 158 106 171 172 143 141 138 126 176 110 104 117 113 195 103 122 116 153 181 161 168 x 114 140 159 184 200 149 135 110 144 135 112 x 150 117 145 199 178 101 113 114 194 195 135 180 189 112 192 103 140 200 133 149 185 141 116 150 197 163 138 105 137 162 111 186 117 170 125 141 110 176 129 143 123 163 133 138 109 160 172 182 147 108
192 147 146 195 191 136 137 181 193 129 156 111 106 x 101 158 x 191 148 109 147 168 107 133 163 165 131 102 x 189 171 x 163 185 180 117 197 118 136 170 109 125 150 115 182 197 153 137 196 101 186 170 113 160 163 164 163 154 148 110 109 186 182 168 142 183 149 172 179 135 104 108 193 189 141 102 120 114 154 137 x x 111 191 101 108 145 175 138 129 x x 134 134 159 146 197 118 133 144
194 102 151 128 196 122 102 103 x 152 115 193 133 155 183 106 191 x 165 127 133 161 165 145 113 184 117 184 188 167 190 141 157 150 151 185 127 153 187 173 150 120 134 172 136 x 172 127 115 159 181 111 154 143 101 160 134 104 123 133 129 128 170 200 113 x 169 153 175 107 155 161 187 115 114 167 141 112 148 114 140 156 137 136 158 117 188 184 167 122 162 143 108 192 190 135 192 156 114 181
109 165 115 200 120 116 154 151 106 196 170 101 196 144 185 171 148 165 x 107 199 191 110 186 122 108 101 164 131 109 167 196 197 193 164 123 167 x 153 164 142 189 183 104 114 144 103 x 103 130 136 142 161 110 131 117 131 155 134 147 155 106 x 150 144 160 197 196 140 109 129 193 167 192 159 192 133 148 x 112 193 108 199 149 114 182 110 178 126 137 131 168 168 178 150 121 127 157 200 169
173 118 x 114 149 142 184 162 165 173 114 197 132 180 132 172 109 127 107 x 158 109 106 148 144 x 163 183 167 126 111 112 118 129 194 115 109 189 165 134 197 141 150 x 132 163 147 168 132 123 193 164 181 172 140 197 137 164 115 147 169 132 157 170 189 125 128 180 101 158 152 154 151 116 122 199 137 149 152 192 184 x 110 180 178 192 180 180 122 179 151 123 105 160 161 150 130 x 144 157
192 103 162 182 x 191 112 187 151 197 171 173 120 179 163 143 147 133 199 158 x x 199 123 104 131 130 159 133 146 132 170 187 194 101 163 163 192 140 196 182 141 111 146 151 105 156 103 182 127 182 176 187 186 192 128 145 131 184 x 164 185 159 197 200 116 129 102 x 144 x 191 151 142 157 116 156 147 110 159 109 187 157 129 102 103 118 110 129 180 165 180 x 121 142 117 129 101 145 141
165 170 199 127 132 164 115 104 133 195 168 176 188 185 197 141 168 161 191 109 x x 175 175 147 111 173 109 187 153 123 135 121 173 179 108 114 118 142 200 133 131 125 125 138 132 x 132 121 108 138 167 163 149 150 168 157 173 138 146 135 131 162 200 120 142 107 147 193 199 186 173 131 140 200 143 158 135 130 174 131 185 172 102 x 153 149 129 167 115 126 175 122 181 143 167 123 x 170 150
162 102 164 181 151 143 156 181 109 141 127 190 112 195 173 138 107 165 110 106 199 175 x 105 155 110 161 200 185 106 179 178 200 141 191 118 175 112 132 156 138 114 115 x 115 130 153 102 145 172 140 131 x 101 x x 194 143 125 x 183 165 163 136 122 174 168 199 x 174 141 106 141 178 146 x x 133 136 133 x 150 104 169 110 194 106 175 x 181 197 125 117 169 157 115 194 137 101 194
104 199 149 143 111 134 184 168 181 165 154 189 123 183 137 126 133 145 186 148 123 175 105 x 167 187 x 179 106 170 106 104 145 118 171 195 173 112 144 186 143 170 174 148 183 186 199 167 135 134 194 129 183 106 137 104 172 158 171 165 156 193 147 x 106 x 179 134 143 170 103 187 179 155 114 153 127 138 111 185 132 142 180 154 156 137 114 123 189 142 150 143 158 181 115 150 118 111 192 106
133 157 200 175 171 188 152 144 136 158 106 145 104 x 153 176 163 113 122 144 104 147 155 167 x 135 140 182 105 107 121 149 185 159 144 112 149 195 137 131 189 x 183 131 132 196 105 162 194 106 160 134 116 164 x 129 107 149 171 144 163 153 155 127 158 151 170 147 156 114 x 184 101 195 115 153 185 x 167 182 134 185 x 113 197 149 157 190 126 188 153 127 182 126 161 167 143 x 135 186
185 168 112 117 149 112 136 156 138 113 x 105 127 x 117 110 165 184 108 x 131 111 110 187 135 x 179 137 129 134 192 x 108 158 135 112 106 178 131 127 140 109 162 193 164 174 114 125 164 149 122 183 182 145 142 115 188 140 159 103 156 113 164 184 138 114 182 155 163 107 118 106 138 136 144 196 111 151 150 108 168 130 123 179 180 129 122 134 129 197 140 101 183 145 183 125 121 200 172 171
155 173 128 107 153 103 183 103 123 138 199 182 188 122 184 104 131 117 101 163 130 173 161 x 140 179 x 168 190 175 129 142 104 106 192 x 123 140 140 184 150 144 142 197 105 184 168 138 165 185 142 165 136 105 145 157 174 181 168 190 175 132 170 174 134 108 153 185 111 111 x 117 149 160 161 187 144 160 105 199 x 109 132 154 x 158 196 103 189 117 184 200 133 132 187 116 109 163 x 175
147 161 134 143 185 192 127 184 179 183 154 x 101 192 127 117 102 184 164 183 159 109 200 179 182 137 168 x 110 x x 136 183 131 104 191 110 190 117 116 164 141 164 168 114 176 183 111 196 159 121 144 196 105 135 110 120 157 121 169 114 190 118 143 146 137 x 197 164 x 146 114 159 117 134 152 126 152 142 129 123 134 141 191 159 176 156 x 182 130 156 107 131 178 153 131 x 148 102 150
x 167 155 158 160 143 190 105 163 118 122 142 157 x 138 113 x 188 131 167 133 187 185 106 105 129 190 110 x 128 138 190 193 107 x 164 192 143 162 102 159 171 191 167 132 154 102 196 167 140 168 168 128 170 104 184 175 148 142 190 145 149 x 157 173 126 117 156 165 175 197 159 116 110 160 112 158 159 140 x 170 197 168 157 152 121 126 x 109 172 149 182 149 142 103 109 134 141 x 141
x 130 176 136 154 199 173 147 155 149 155 133 152 192 200 195 189 167 109 126 146 153 106 170 107 134 175 x 128 x 193 126 110 182 165 199 181 141 167 168 175 160 143 107 x 125 152 170 184 149 146 174 134 148 174 195 168 153 133 134 112 x 136 183 109 180 x 164 132 125 173 186 136 146 x 174 143 111 156 171 x 140 171 194 113 107 120 144 154 131 165 108 137 190 158 125 116 154 120 148
173 194 137 116 x x 165 127 117 137 123 103 118 179 142 103 171 190 167 111 132 123 179 106 121 192 129 x 138 193 x x 182 189 149 184 186 161 195 137 122 173 193 x 200 154 167 168 140 101 108 153 x 108 138 156 150 196 160 156 123 171 112 108 118 148 x 188 159 136 142 102 125 155 194 x 175 200 193 153 153 151 107 147 190 132 157 168 108 165 151 176 145 194 108 123 188 138 194 157
115 173 189 108 x 131 130 173 151 126 188 138 154 116 108 122 x 141 196 112 170 135 178 104 149 x 142 136 190 126 x x 149 x 143 x 144 169 115 200 x 172 109 117 162 108 136 115 136 135 x 108 155 163 143 154 148 179 169 197 181 188 x x 135 157 x 172 153 108 136 192 109 131 199 154 123 189 144 145 178 x 145 125 106 143 102 154 112 173 197 195 194 164 167 109 184 109 144 170
173 121 169 157 144 197 117 167 190 182 199 186 154 190 193 116 163 157 197 118 187 121 200 145 185 108 104 183 193 110 182 149 x 116 179 191 186 129 156 171 197 161 133 111 192 120 164 148 125 194 126 136 106 121 128 143 145 161 169 189 157 146 149 148 147 113 152 154 108 190 150 116 106 111 127 131 176 151 113 150 158 195 123 150 155 160 135 127 113 192 162 160 x 142 148 183 145 137 188 194
173 157 121 136 x 170 129 111 109 184 146 194 162 184 115 153 185 150 193 129 194 173 141 118 159 158 106 131 107 182 189 x 116 x 115 160 117 161 192 x 151 116 126 109 195 190 168 182 164 196 195 144 127 163 x 105 130 197 121 114 103 146 144 102 163 136 199 122 192 192 147 163 151 105 102 164 189 120 135 109 180 171 105 107 112 x 180 148 122 171 121 111 108 152 146 188 116 102 190 179
191 101 200 104 194 195 168 196 168 193 103 181 183 125 108 181 180 151 164 194 101 179 191 171 144 135 192 104 x 165 149 143 179 115 x 195 171 186 128 x 187 199 176 190 184 150 134 106 157 188 121 197 191 159 160 153 171 196 102 194 134 102 146 150 176 153 170 118 171 134 137 140 153 110 143 131 149 186 191 163 173 157 188 133 116 x 173 155 143 129 190 159 171 189 158 165 183 155 112 146
164 165 140 173 108 171 172 192 123 x 125 127 190 134 179 161 117 185 123 115 163 108 118 195 112 112 x 191 164 199 184 x 191 160 195 x 194 175 187 103 160 115 117 143 140 156 x 141 167 197 107 131 103 131 116 172 185 192 174 135 134 164 162 128 153 191 161 175 103 138 126 x 129 185 157 147 152 199 150 199 106 171 173 164 182 148 101 x 122 129 195 140 199 184 167 147 148 146 142 110
105 138 118 160 175 160 162 189 144 157 108 195 158 114 x 168 197 127 167 109 163 114 175 173 149 106 123 110 192 181 186 144 186 117 171 194 x 152 149 148 132 151 188 199 149 130 176 135 125 200 x 149 196 123 169 175 149 149 193 184 140 162 130 117 x 101 111 174 156 173 200 197 150 135 149 103 120 x 194 183 190 157 109 125 191 133 103 148 110 129 131 146 169 195 117 131 130 134 171 179
x 109 134 104 189 115 120 141 132 123 199 173 146 108 134 x 118 153 x 189 192 118 112 112 195 178 140 190 143 141 161 169 129 161 186 175 152 x 190 130 193 x 172 157 156 150 178 200 149 178 135 169 138 141 151 184 158 140 148 138 180 120 130 109 144 101 159 x 145 154 118 195 200 116 160 194 115 136 184 187 159 111 175 143 111 103 128 129 145 132 138 129 169 172 183 102 170 171 x 108
146 167 189 186 190 164 133 191 165 137 147 190 196 174 121 114 136 187 153 165 140 142 132 144 137 131 140 117 162 167 195 115 156 192 128 187 149 190 x 199 118 147 102 161 131 154 129 109 135 172 161 108 147 191 108 142 165 102 191 170 134 147 x 149 178 194 104 150 160 127 x 118 113 107 109 191 167 178 146 112 106 147 107 173 176 134 168 113 163 159 179 109 143 180 164 146 112 120 184 172
105 x 107 200 170 134 135 164 120 144 130 106 131 x 109 140 170 173 164 134 196 200 156 186 131 127 184 116 102 168 137 200 171 x x 103 148 130 199 x 116 131 180 172 x 144 171 103 173 140 127 111 132 138 x 144 188 110 151 136 125 155 127 152 x 138 155 179 192 150 174 200 174 115 146 129 173 103 155 175 160 189 120 109 181 153 155 126 197 181 154 111 x x 103 171 162 172 127 120
188 200 111 200 112 161 150 120 183 158 176 179 102 109 135 159 109 150 142 197 182 133 138 143 189 140 150 164 159 175 122 x 197 151 187 160 132 193 118 116 x 169 123 110 154 x 200 133 150 186 114 185 111 129 193 189 196 193 142 114 132 150 133 128 135 162 114 182 x 173 111 189 178 102 159 137 159 123 118 159 160 x 182 180 171 142 116 129 144 127 197 126 173 195 131 120 159 104 179 200
107 183 185 158 127 183 135 138 125 107 155 108 128 108 155 184 125 120 189 141 141 131 114 170 x 109 144 141 171 160 173 172 161 116 199 115 151 x 147 131 169 x 135 176 156 131 181 x 171 141 135 189 171 108 107 150 146 167 129 190 110 116 143 140 150 196 102 174 130 x 145 112 101 170 197 174 102 126 144 179 184 179 147 x 151 103 125 183 164 x 108 133 121 129 174 127 193 176 122 187
138 190 110 178 114 154 104 169 164 191 116 104 132 118 107 200 150 134 183 150 111 125 115 174 183 162 142 164 191 143 193 109 133 126 176 117 188 172 102 180 123 135 x 159 189 137 111 138 175 116 130 162 200 126 x 105 109 200 137 167 175 128 101 123 148 189 154 154 165 134 121 125 189 138 122 151 105 149 191 137 185 179 x 169 116 101 174 128 130 180 168 190 170 146 126 152 181 x 106 112
145 129 169 149 190 183 192 145 178 154 138 142 157 192 140 149 115 172 104 x 146 125 x 148 131 193 197 168 167 107 x 117 111 109 190 143 199 157 161 172 110 176 159 x 150 135 114 182 193 173 109 178 103 114 x 136 172 152 126 140 180 189 x 115 192 138 113 182 141 150 185 180 153 155 x 145 187 155 109 107 161 173 144 150 180 200 101 174 122 114 101 156 141 180 101 161 121 183 175 147
197 121 132 131 181 180 133 194 199 191 160 x 133 193 168 135 182 136 114 132 151 138 115 183 132 164 105 114 132 x 200 162 192 195 184 140 149 156 131 x 154 156 189 150 x 165 115 110 123 149 169 117 184 191 173 x x 186 176 167 144 167 129 148 155 182 x 122 186 167 187 149 134 x 133 165 145 136 151 146 187 193 148 138 149 164 147 x 109 144 197 141 189 180 173 169 195 130 148 147
192 102 130 108 149 118 118 117 176 112 146 115 111 161 130 110 197 x 144 163 105 132 130 186 196 174 184 176 154 125 154 108 120 190 150 156 130 150 154 144 x 131 137 135 165 x 184 163 191 153 146 140 165 102 188 x x 170 161 123 144 168 x 167 191 149 169 159 132 106 193 144 160 125 131 107 103 172 194 126 107 161 131 146 170 140 133 141 171 196 118 199 134 194 137 x 123 123 175 182
121 159 164 138 126 170 195 108 131 x 121 187 114 117 154 144 153 172 103 147 156 x 153 199 105 114 168 183 102 152 167 136 164 168 134 x 176 178 129 171 200 181 111 114 115 184 x 164 189 178 101 190 193 174 136 185 104 181 157 121 153 180 123 174 127 114 x 111 109 186 162 118 145 132 111 183 168 113 152 170 118 x 107 154 105 144 165 107 145 178 173 x 138 109 131 x 107 173 109 163
122 130 x 157 115 192 x 134 143 175 165 135 147 153 165 135 137 127 x 168 103 132 102 167 162 125 138 111 196 170 168 115 148 182 106 141 135 200 109 103 133 x 138 182 110 163 164 x 159 157 137 162 110 x 143 160 136 143 190 132 148 179 162 150 185 153 189 137 x x x 181 174 158 142 173 110 153 173 169 x 140 x 162 167 178 117 129 155 135 121 178 183 194 154 x 120 123 x 146
192 179 142 158 104 140 120 189 146 193 x 112 146 x 155 112 196 115 103 132 182 121 145 135 194 164 165 196 167 184 140 136 125 164 157 167 125 149 135 173 150 171 175 193 123 191 189 159 x x 151 104 109 135 113 147 105 178 190 181 154 189 165 132 195 130 108 x 117 x x 149 x 195 145 118 182 117 170 113 175 134 123 143 115 x 150 103 142 130 194 x 182 188 117 120 144 109 141 193
133 151 185 173 106 109 175 118 102 148 x 154 149 128 156 x 101 159 130 123 127 108 172 134 106 149 185 159 140 149 101 135 194 196 188 197 200 178 172 140 186 141 116 173 149 153 178 157 x x 123 167 113 181 112 157 151 155 159 135 122 181 180 127 153 109 131 111 145 184 x 171 115 185 130 172 148 x 126 122 x 190 150 141 x 199 143 149 183 160 175 157 186 155 106 149 176 190 144 118
x 189 171 130 104 159 x 151 182 200 107 112 146 x 144 150 186 181 136 193 182 138 140 194 160 122 142 121 168 146 108 x 126 195 121 107 x 135 161 127 114 135 130 109 169 146 101 137 151 123 x 164 126 132 175 151 103 116 200 153 118 191 175 113 176 157 x 156 181 x x 200 167 x 168 195 157 138 153 144 199 127 199 128 185 158 118 125 178 155 127 127 154 176 186 106 112 182 151 171
168 x 162 115 117 149 178 x 116 170 197 112 108 x 109 117 170 111 142 164 176 167 131 129 134 183 165 144 168 174 153 108 136 144 197 131 149 169 108 111 185 189 162 178 117 140 190 162 104 167 164 x 118 149 105 114 178 174 132 127 x 171 117 125 130 190 112 194 182 162 174 141 125 122 121 101 162 153 190 168 200 131 x 149 x 184 112 180 129 168 136 131 149 129 120 145 141 155 151 x
196 197 187 197 200 132 101 x 188 153 129 x 184 180 116 145 113 154 161 181 187 163 x 183 116 182 136 196 128 134 x 155 106 127 191 103 196 138 147 132 111 171 200 103 184 165 193 110 109 113 126 118 x 134 x 174 110 136 115 159 195 168 180 185 128 128 116 190 196 115 x 101 183 x 117 168 110 147 190 160 108 131 152 165 117 175 125 146 148 116 173 136 187 x 197 194 125 135 134 128
197 155 x 117 186 115 106 172 172 123 188 120 155 127 121 199 160 143 110 172 186 149 101 106 164 145 105 105 170 148 108 163 121 163 159 131 123 141 191 138 129 108 126 114 191 102 174 x 135 181 132 149 134 x x 154 196 171 170 192 111 130 170 151 109 107 184 171 181 180 184 151 179 188 103 162 148 135 162 159 162 197 165 157 113 143 199 126 105 145 148 186 115 150 154 173 136 159 164 x
116 169 126 164 152 169 111 186 173 158 x 188 110 x 171 178 163 101 131 140 192 150 x 137 x 142 145 135 104 174 138 143 128 x 160 116 169 151 108 x 193 107 x x 173 188 136 143 113 112 175 105 x x x 162 169 179 110 200 x 196 114 133 196 151 109 168 160 128 150 112 136 179 x x 154 197 171 117 188 150 199 105 173 147 115 188 170 x 125 125 145 108 130 158 152 106 133 153
159 160 176 173 110 153 130 155 x 145 171 142 155 138 125 101 164 160 117 197 128 168 x 104 129 115 157 110 184 195 156 154 143 105 153 172 175 184 142 144 189 150 105 136 x x 185 160 147 157 151 114 174 154 162 x 154 172 109 107 102 121 171 180 186 132 195 114 104 197 158 193 163 145 128 x 105 179 171 199 167 103 115 110 101 x 114 137 184 186 107 151 170 141 187 144 132 128 185 102
162 186 161 116 147 146 108 x 165 164 172 105 141 109 121 113 163 134 131 137 145 157 194 172 107 188 174 120 175 168 150 148 145 130 171 185 149 158 165 188 196 146 109 172 x x 104 136 105 151 103 178 110 196 169 154 x 117 183 120 178 164 195 146 159 164 125 161 x 187 172 128 195 122 191 186 151 110 193 180 153 140 168 173 114 134 178 170 131 170 184 105 145 170 117 122 107 129 199 196
187 183 143 135 174 187 178 146 197 107 173 106 163 x x 114 154 104 155 164 131 173 143 158 149 140 181 157 148 153 196 179 161 197 196 192 149 140 102 110 193 167 200 152 186 170 181 143 178 155 116 174 136 171 179 172 117 x 112 186 142 196 174 168 128 126 165 125 178 159 146 135 117 118 140 167 112 150 191 165 178 148 150 170 146 109 176 121 197 110 188 167 178 158 x 176 105 x 182 176
123 192 179 126 174 146 190 126 111 126 x 122 125 152 140 194 148 123 134 115 184 138 125 171 171 159 168 121 142 133 160 169 169 121 102 174 193 148 191 151 142 129 137 126 176 161 157 190 190 159 200 132 115 170 110 109 183 112 x 102 190 164 199 159 144 131 178 129 159 143 170 x x 147 140 179 111 131 158 158 115 164 187 102 127 x 121 x 137 122 x 167 109 172 x 180 x 153 156 164
x 172 114 143 190 146 115 154 167 x 180 188 x 143 101 195 110 133 147 147 x 146 x 165 144 103 190 169 190 134 156 197 189 114 194 135 184 138 170 136 114 190 167 140 167 123 121 132 181 135 153 127 159 192 200 107 120 186 102 x 125 108 151 164 x 148 187 122 162 130 x 185 142 190 183 175 129 178 135 176 134 107 108 191 102 150 185 108 102 175 172 175 103 164 112 173 x x 145 114
150 115 x 172 150 114 113 186 146 104 175 x 156 137 193 135 109 129 155 169 164 135 183 156 163 156 175 114 145 112 123 181 157 103 134 134 140 180 134 125 132 110 175 180 144 144 153 148 154 122 118 x 195 111 x 102 178 142 190 125 x 187 132 x 180 163 193 136 152 165 140 123 185 183 111 x 138 123 110 111 150 144 194 163 176 184 x 164 126 120 193 115 147 144 144 153 181 118 118 193
115 180 186 200 161 121 153 103 195 122 182 125 150 147 170 180 186 128 106 132 185 131 165 193 153 113 132 190 149 x 171 188 146 146 102 164 162 120 147 155 150 116 128 189 167 168 180 179 189 181 191 171 168 130 196 121 164 196 164 108 187 x 192 189 123 172 134 143 106 197 113 183 162 156 167 197 106 164 144 179 149 104 132 135 114 193 127 159 130 129 133 114 105 149 116 192 188 110 170 134
180 179 155 109 109 142 194 194 115 189 158 176 150 161 193 189 182 170 x 157 159 162 163 147 155 164 170 118 x 136 112 x 149 144 146 162 130 130 x 127 133 143 101 x 129 x 123 162 165 180 175 117 180 170 114 171 195 174 199 151 132 192 x x 103 152 178 147 174 165 x 120 x 193 130 158 200 172 129 160 135 131 x 167 146 104 102 126 134 105 176 107 149 134 113 110 107 138 188 162
105 192 186 144 107 104 118 x 186 148 184 194 163 173 105 112 168 200 150 170 197 200 136 x 127 184 174 143 157 183 108 x 148 102 150 128 117 109 149 152 128 140 123 115 148 167 174 150 132 127 113 125 185 151 133 180 146 168 159 164 x 189 x x 145 160 131 116 188 117 x 117 143 192 189 167 105 102 131 176 164 170 186 152 107 106 149 172 130 134 180 189 x 195 101 178 152 106 127 160
117 199 134 x 170 186 190 168 181 133 x x 169 110 134 192 142 113 144 189 200 120 122 106 158 138 134 146 173 109 118 135 147 163 176 153 x 144 178 x 135 150 148 192 155 191 127 185 195 153 176 130 128 109 196 186 159 128 144 x 180 123 103 145 x 190 197 190 184 181 167 101 102 105 122 108 189 102 106 102 186 191 164 158 183 178 151 194 x 102 137 169 129 120 169 176 160 141 167 175
134 x 167 109 x x 140 134 148 102 102 114 159 154 145 103 183 x 160 125 116 142 174 x 151 114 108 137 126 180 148 157 113 136 153 191 101 101 194 138 162 196 189 138 182 149 114 153 130 109 157 190 128 107 151 132 164 126 131 148 163 172 152 160 190 x 165 117 155 126 131 141 184 125 103 113 146 180 163 165 140 149 116 123 x 140 172 142 178 128 138 200 147 130 103 x 101 125 199 138
169 174 181 180 152 159 117 132 199 146 137 145 186 136 147 140 149 169 197 128 129 107 168 179 170 182 153 x 117 x x x 152 199 170 161 111 159 104 155 114 102 154 113 x 169 x 189 108 131 x 112 116 184 109 195 125 165 178 187 193 134 178 131 197 165 x 144 151 115 132 123 160 174 138 196 165 162 165 131 126 148 120 143 x 152 143 142 190 133 169 194 192 153 118 135 158 150 160 199
130 103 144 103 194 137 145 140 155 x 117 167 x 113 116 200 172 153 196 180 102 147 199 134 147 155 185 197 156 164 188 172 154 122 118 175 174 x 150 179 182 174 154 182 122 159 111 137 x 111 156 194 190 171 168 114 161 125 129 122 136 143 147 116 190 117 144 x 168 114 112 150 152 107 115 111 138 192 141 122 103 195 156 118 195 133 129 199 x x 184 x 155 108 102 142 148 190 174 172
193 182 136 187 137 179 180 136 114 178 x x 141 156 110 133 179 175 140 101 x 193 x 143 156 163 111 164 165 132 159 153 108 192 171 103 156 145 160 192 x 130 165 141 186 132 109 x 117 145 181 182 196 181 160 104 x 178 159 162 152 106 174 188 184 155 151 168 x 109 141 150 x 136 173 x 117 179 135 121 147 x 165 117 112 158 192 178 131 117 175 178 153 178 136 147 151 x 165 153
168 158 x 155 141 127 120 107 115 200 184 135 163 x 182 149 135 107 109 158 144 199 174 170 114 107 111 x 175 125 136 108 190 192 134 138 173 154 127 150 173 x 134 150 167 106 186 x x 184 x 162 115 180 128 197 187 159 143 130 165 197 165 117 181 126 115 114 109 x x 143 155 160 169 180 186 103 180 x 151 162 128 156 161 101 156 116 145 138 106 157 151 153 147 179 111 109 152 186
176 135 103 143 144 156 x 197 112 194 130 135 145 134 108 185 104 155 129 152 x 186 141 103 x 118 x 146 197 173 142 136 150 147 137 126 200 118 x 174 111 145 121 185 187 193 162 x x x x 174 x 184 150 158 172 146 170 x 140 113 x x 167 131 132 112 141 x x 187 138 193 175 182 x 179 152 182 164 167 117 116 157 170 171 109 107 x 156 123 127 170 194 149 150 120 194 200
189 144 186 194 133 192 122 106 103 117 x 104 140 138 197 141 108 161 193 154 191 173 106 187 184 106 117 114 159 186 102 192 116 163 140 x 197 195 118 200 189 112 125 180 149 144 118 181 149 171 200 141 101 151 112 193 128 135 x 185 123 183 120 117 101 141 123 150 150 143 187 x 149 146 197 131 151 137 192 191 183 169 137 111 182 159 125 145 129 101 152 188 169 154 196 161 137 167 168 183
117 133 105 161 186 151 142 161 x 182 192 183 169 157 150 116 193 187 167 151 151 131 141 179 101 138 149 159 116 136 125 109 106 151 153 129 150 200 113 174 178 101 189 153 134 160 145 174 x 115 167 125 183 179 136 163 195 117 x 142 185 162 x 143 102 184 160 152 x 155 138 149 x 121 170 146 173 180 158 131 155 180 x 151 130 129 103 181 190 110 120 165 140 172 133 137 136 128 103 104
113 120 170 159 118 195 183 138 136 108 168 181 116 169 195 150 189 115 192 116 142 140 178 155 195 136 160 117 110 146 155 131 111 105 110 185 135 116 107 115 102 170 138 155 x 125 132 158 195 185 x 122 x 188 179 145 122 118 147 190 183 156 193 192 105 125 174 107 136 160 193 146 121 x 191 175 133 160 154 133 173 111 152 153 129 141 x 182 165 192 138 122 113 110 152 x 187 x 170 193
178 156 x 152 101 107 161 121 101 197 133 x 141 170 192 197 141 114 159 122 157 200 146 114 115 144 161 134 160 x 194 199 127 102 143 157 149 160 109 146 159 197 122 x 133 131 111 142 145 130 168 121 117 103 x 128 191 140 140 183 111 167 130 189 122 103 138 115 173 169 175 197 170 191 x 105 184 125 113 191 144 156 120 182 x 134 133 157 195 x 134 185 117 171 162 x 108 132 192 104
127 169 188 150 151 170 114 184 146 157 199 162 199 122 149 163 102 167 192 199 116 143 x 153 153 196 187 152 112 174 x 154 131 164 131 147 103 194 191 129 137 174 151 145 165 107 183 173 118 172 195 101 168 162 x x 186 167 179 175 x 197 158 167 108 113 196 111 x 180 182 131 146 175 105 x 113 105 162 133 111 151 112 140 112 188 162 163 114 156 176 103 143 190 x 195 157 132 158 150
156 153 131 186 x 180 182 153 188 103 187 154 130 157 129 138 120 141 133 137 156 158 x 127 185 111 144 126 158 143 175 123 176 189 149 152 120 115 167 173 159 102 105 187 145 103 168 110 182 148 157 162 110 148 154 105 151 112 111 129 138 106 200 105 189 146 165 138 117 186 x 151 173 133 184 113 x 137 190 121 154 131 149 155 105 161 134 134 186 132 175 174 172 107 189 162 161 149 123 146
176 151 144 112 155 170 176 161 112 109 133 152 162 158 138 105 114 112 148 149 147 135 133 138 x 151 160 152 159 111 200 189 151 120 186 199 x 136 178 103 123 126 149 155 136 172 113 153 117 x 138 153 147 135 197 179 110 150 131 178 123 164 172 102 102 180 162 192 179 103 179 137 180 160 125 105 137 x x 191 168 144 x x 160 181 x 181 180 101 x 158 x 170 107 165 127 168 118 172
107 148 170 104 195 145 132 150 129 168 191 101 115 128 117 137 154 148 x 152 110 130 136 111 167 150 105 142 140 156 193 144 113 135 191 150 194 184 146 155 118 144 191 109 151 194 152 173 170 126 153 190 190 162 171 171 193 191 158 135 110 144 129 131 106 163 165 141 135 180 152 192 158 154 113 162 190 x x 163 164 178 130 163 200 164 187 185 148 123 137 197 199 109 188 103 161 168 185 173
186 x 122 148 173 199 179 x 167 187 174 136 x 131 195 162 137 114 112 192 159 174 133 185 182 108 199 129 x 171 153 145 150 109 163 199 183 187 112 175 159 179 137 107 146 126 170 169 113 122 144 168 160 159 117 199 180 165 158 176 111 179 160 176 102 165 131 122 121 x 182 191 131 133 191 133 121 191 163 x x 112 136 132 162 x 123 127 155 109 200 x 152 167 x 104 120 132 151 170
171 111 102 131 155 111 117 122 186 x x 157 174 104 131 111 x 140 193 184 109 131 x 132 134 168 x 123 170 x 153 178 158 180 173 106 190 159 106 160 160 184 185 161 187 107 118 x 175 x 199 200 108 162 188 167 153 178 115 134 150 149 135 164 186 140 126 103 147 151 164 183 155 173 144 111 154 168 164 x x 155 145 192 138 176 115 152 135 108 200 107 x 149 127 152 192 160 154 200
157 155 104 152 181 192 145 164 184 129 105 103 102 191 196 186 x 156 108 x 187 185 150 142 185 130 109 134 197 140 151 x 195 171 157 171 157 111 147 189 x 179 179 173 193 161 x 140 134 190 127 131 131 197 150 103 140 148 164 107 144 104 131 170 191 149 148 195 x 162 167 169 180 111 156 151 131 144 178 112 155 x 163 191 x 179 141 169 189 155 135 178 165 155 126 191 135 131 165 159
196 x 141 190 169 200 118 137 131 118 181 186 138 131 192 117 111 137 199 110 157 172 104 180 x 123 132 141 168 171 107 145 123 105 188 173 109 175 107 120 182 147 x 144 148 131 107 x 123 150 199 x 152 165 199 115 168 150 187 108 194 132 x 186 164 116 120 156 165 128 117 137 x 152 120 112 149 x 130 136 145 163 x 147 x 176 175 112 190 168 128 x 110 178 118 x 185 135 132 126
183 164 134 190 173 173 148 122 105 165 106 200 161 161 x 170 191 136 149 180 129 102 169 154 113 179 154 191 157 194 147 125 150 107 133 164 125 143 173 109 180 x 169 150 138 146 154 162 143 141 128 149 165 157 105 110 173 170 102 191 163 135 167 152 158 123 143 118 117 156 116 111 151 153 182 140 155 x 163 132 192 191 147 x 161 182 145 153 121 138 x 145 140 160 181 x 175 165 107 184
116 165 157 115 x 140 182 126 148 130 130 161 157 150 169 125 101 158 114 178 102 x 110 156 197 180 x 159 152 113 190 106 155 112 116 182 191 111 176 181 171 151 116 180 149 170 105 167 115 x 185 x 117 113 173 101 114 146 127 102 176 114 146 107 183 x x 195 112 161 157 182 130 129 x 112 105 160 200 162 138 x x 161 x 141 135 184 145 178 154 112 x 161 190 162 134 150 196 109
197 200 132 155 178 108 179 141 109 200 163 199 108 101 192 141 108 117 182 192 103 153 194 137 149 129 158 176 121 107 132 143 160 x x 148 133 103 134 153 142 103 101 200 164 140 144 178 x 199 158 184 175 143 147 x 134 109 x 150 184 193 104 106 178 140 152 133 158 101 170 159 129 141 134 188 161 181 164 x 176 179 176 182 141 x x x 121 107 151 128 x 102 111 x 193 154 195 116
x 152 138 101 180 159 111 131 121 111 169 165 188 183 178 110 145 188 110 180 118 149 106 114 157 122 196 156 126 120 157 102 135 180 173 101 103 128 168 155 116 125 174 101 147 133 165 117 150 143 118 112 125 199 115 114 178 176 121 185 x 127 102 149 151 172 143 129 192 156 171 125 103 x 133 162 134 x 187 123 115 141 175 145 135 x x 126 120 104 130 137 154 112 185 148 185 164 137 144
178 159 120 194 194 160 170 192 195 110 x 172 157 183 117 176 175 184 178 180 110 129 175 123 190 134 103 x x 144 168 154 127 148 155 x 148 129 113 126 129 183 128 174 x 141 107 129 103 149 125 180 146 126 188 137 170 121 x 108 164 159 126 172 194 142 142 199 178 116 109 145 181 182 157 163 134 181 185 127 152 169 112 153 184 x 126 x 102 105 199 110 109 158 197 142 120 153 128 128
132 110 114 189 191 153 140 196 192 112 x 178 168 185 x 129 138 167 126 122 129 167 x 189 126 129 189 182 109 154 108 112 113 122 143 122 110 145 163 197 144 164 130 122 109 171 145 155 142 183 178 129 148 105 170 184 131 197 137 102 126 130 134 130 x 178 190 x 131 145 107 129 190 165 195 114 186 180 148 155 135 189 190 121 145 121 120 102 x 145 126 128 106 130 141 117 x 182 172 126
126 173 149 183 104 144 159 146 115 189 111 199 151 140 199 143 129 122 137 179 180 115 181 142 188 197 117 130 172 131 165 173 192 171 129 129 129 132 159 181 127 x 180 114 144 196 178 135 130 160 155 168 116 145 x 186 170 110 122 175 120 129 105 134 102 128 133 x 117 138 x 101 110 192 x 156 132 101 123 109 108 155 168 138 178 107 104 105 145 x 170 165 144 157 141 113 189 131 107 145
120 123 173 129 x 143 197 151 150 105 101 102 105 155 122 123 x 162 131 151 165 126 197 150 153 140 184 156 149 165 151 197 162 121 190 195 131 138 179 154 197 108 168 101 197 118 173 121 194 175 127 136 173 148 125 107 184 188 x 172 193 133 176 180 137 138 169 184 175 106 156 152 120 138 134 176 175 x 137 200 200 135 128 x 154 151 130 199 126 170 x 188 158 182 117 114 155 118 140 154
187 102 116 142 153 159 183 x 151 194 164 153 122 188 154 163 x 143 168 123 180 175 125 143 127 101 200 107 182 108 176 195 160 111 159 140 146 129 109 111 126 133 190 156 141 199 x 178 x 157 127 131 136 186 125 151 105 167 167 175 115 114 107 189 169 200 194 x 178 157 123 188 165 122 185 103 174 158 197 x 107 178 x 145 112 128 137 110 128 165 188 x 187 191 196 184 195 194 141 101
171 159 104 174 184 197 199 126 125 137 137 125 104 142 183 133 134 108 168 105 x 122 117 158 182 183 133 131 149 137 145 194 x 108 171 199 169 169 143 x 173 121 170 141 189 134 138 183 182 186 154 149 187 115 145 170 145 178 109 103 147 105 149 x 129 147 192 155 153 151 127 169 140 113 117 143 172 x 199 152 x 165 110 140 x x 154 109 106 144 158 187 x 151 116 157 133 x 133 109
200 148 137 x 147 192 148 144 151 154 122 175 157 164 145 138 134 192 178 160 121 181 169 181 126 145 132 178 142 190 194 164 142 152 189 184 195 172 180 x 195 129 146 180 180 194 109 194 188 155 176 129 x 150 108 141 170 158 172 164 144 149 134 195 120 130 153 108 178 153 170 154 172 110 171 190 107 170 109 167 149 155 178 160 161 102 112 158 130 157 182 191 151 x 189 191 138 162 140 127
x x 125 162 154 185 138 150 108 x 117 191 103 152 132 109 159 190 150 161 142 143 157 115 161 183 187 153 103 158 108 167 148 146 158 167 117 183 164 103 131 174 126 101 173 137 131 154 117 106 186 120 197 154 130 187 117 x x 112 144 116 113 101 169 103 118 102 136 147 194 196 133 152 162 x 189 107 188 x 127 126 118 181 190 111 185 197 141 141 117 196 116 189 x 163 123 106 135 181
143 160 181 111 159 192 141 112 187 158 155 162 184 200 103 160 146 135 121 150 117 167 115 150 167 125 116 131 109 125 123 109 183 188 165 147 131 102 146 171 120 127 152 161 169 x x x 120 149 106 145 194 173 158 144 122 176 180 173 153 192 110 178 176 x 135 142 147 179 149 161 137 x x 195 162 165 103 104 152 191 x x 162 x 148 142 117 113 114 184 157 191 163 x 199 x x 102
154 109 190 161 192 108 168 123 186 105 151 149 137 199 174 172 197 192 127 130 129 123 194 118 143 121 109 x 134 116 188 184 145 116 183 148 130 170 112 162 159 193 181 121 195 123 107 120 144 176 112 141 125 136 152 132 107 105 x x 181 188 107 152 160 101 158 148 151 111 150 137 136 187 108 157 161 127 161 120 192 135 185 175 134 193 185 120 x 189 155 195 133 138 123 199 x x 157 134
161 174 111 184 x 106 170 165 120 138 120 176 170 121 105 182 118 156 157 x 101 x 137 111 x 200 163 148 141 154 138 109 137 102 155 146 134 171 120 172 104 176 x 183 130 123 173 123 109 190 182 155 135 159 106 128 129 x 153 x 118 110 138 106 141 125 150 190 x 109 120 167 128 x 132 132 149 168 168 132 160 131 135 165 150 154 164 153 182 131 118 194 x 162 106 x x x 114 108
150 161 153 102 187 132 191 125 159 106 189 188 147 134 113 147 133 114 200 144 145 170 101 192 135 172 x 102 x 120 194 144 188 190 112 142 171 x 184 127 179 122 106 175 148 175 109 x 141 144 151 151 134 164 133 185 199 182 156 145 118 170 188 127 167 199 160 174 165 152 194 168 103 170 192 158 123 118 185 151 154 165 132 107 196 195 137 128 172 107 140 141 133 140 135 x 157 114 x 180
181 135 133 101 157 126 101 129 172 151 135 117 186 x x 108 144 181 169 157 141 150 194 106 186 171 175 150 141 148 157 170 194 179 146 110 179 108 172 120 200 187 112 147 147 182 163 146 193 118 171 x 128 x 153 102 196 176 164 114 193 134 162 160 175 138 199 172 153 186 200 183 104 193 104 150 146 172 173 170 200 159 126 184 109 116 144 128 126 145 154 101 109 127 181 102 134 108 180 x
