50
25
A B C D E F G H I J K L M N O P Q R S T U V W X Y Z AA AB AC AD AE AF AG AH AI AJ AK AL AM AN AO AP AQ AR AS AT AU AV AW AX
A B C D E F G H I J K L M N O P Q R S T U V W X Y
S
x 546 583 583 564 514 564 524 562 564 535 524 516 535 546 649 604 572 x 524 537 568 x 787 582 546 592 x x 583 564 537 534 510 546 504 564 547 572 528 509 524 x 661 539 x 543 546 534 x 
546 x 560 545 558 580 560 529 630 577 584 525 536 528 x 640 515 744 524 529 804 768 x 645 782 540 659 x 545 529 517 545 522 511 x 510 517 640 640 519 727 x x 524 553 546 501 x 516 545 
583 560 x x 650 590 x 718 600 580 579 674 537 579 517 723 539 608 539 523 540 566 517 524 501 523 519 517 x x x x 501 554 545 504 x 548 551 517 575 517 x 512 629 506 512 529 501 x 
583 545 x x x 503 x 654 583 548 560 654 537 545 517 567 539 571 539 523 x 546 517 515 501 523 519 517 x x x x 501 554 545 504 x 535 551 517 545 517 x 512 553 503 504 529 501 x 
564 558 650 x x 503 x 604 583 x 505 604 537 505 517 567 539 549 539 523 x 546 517 515 501 523 519 517 x x x x 501 554 545 504 x 535 549 517 545 517 x 512 553 503 504 529 501 x 
514 580 590 503 503 x 503 531 836 503 653 531 532 630 580 521 526 503 514 531 503 558 514 636 611 520 633 514 503 503 503 503 712 654 580 586 503 609 503 706 520 531 503 514 525 x 514 580 712 x 
564 560 x x x 503 x 541 583 x 505 541 537 505 517 567 539 549 539 523 x 546 517 515 501 x 519 x x x x x 501 511 521 504 x 535 549 517 545 517 x 512 553 503 504 529 501 x 
524 529 718 654 604 531 541 x 516 541 514 x 542 514 504 517 695 579 524 x 541 523 504 870 697 541 501 504 524 526 523 541 724 531 529 741 523 582 517 605 575 x 504 525 570 524 525 529 618 524 
562 630 600 583 583 836 583 516 x 583 696 516 937 696 559 725 742 503 562 516 583 674 559 719 695 510 998 559 562 583 583 583 570 885 630 990 583 642 503 618 500 516 510 690 928 562 690 630 570 562 
564 577 580 548 x 503 x 541 583 x 505 541 537 505 517 567 539 549 539 523 x 546 517 515 501 x 519 x x x x x 501 511 521 504 x 535 549 517 545 517 x 512 553 503 504 529 501 x 
535 584 579 560 505 653 505 514 696 505 x 514 673 x 584 637 746 654 535 514 505 584 524 586 691 505 593 505 505 505 505 505 550 864 584 555 505 656 518 550 752 514 505 509 873 535 509 528 550 505 
524 525 674 654 604 531 541 x 516 541 514 x 542 514 x 517 515 579 524 x 541 523 x 718 697 521 501 x 524 526 517 541 534 511 509 693 517 582 517 528 575 x x 525 553 524 501 525 534 524 
516 536 537 537 537 532 537 542 937 537 673 542 x 673 536 594 698 757 516 542 537 659 516 822 530 537 522 516 516 537 537 537 559 959 536 556 537 694 594 850 903 536 516 830 785 516 830 536 559 516 
535 528 579 545 505 630 505 514 696 505 x 514 673 x 514 518 746 518 535 514 505 584 514 586 691 505 593 505 505 505 505 505 550 864 528 555 505 656 518 550 752 514 505 509 873 535 509 528 550 505 
546 x 517 517 517 580 517 504 559 517 584 x 536 514 x 517 512 579 524 x 517 523 x 645 697 517 501 x 517 517 517 517 522 511 x 510 517 582 517 519 575 x x 501 553 524 501 x 516 517 
649 640 723 567 567 521 567 517 725 567 637 517 594 518 517 x 742 x 594 517 567 620 517 505 745 567 644 517 567 567 567 551 534 583 517 749 549 689 x 805 573 517 517 590 553 521 590 517 516 521 
604 515 539 539 539 526 539 695 742 539 746 515 698 746 512 742 x 742 565 512 539 894 512 652 924 536 696 512 539 539 539 539 587 715 512 748 539 585 742 697 927 512 512 974 566 526 974 512 587 526 
572 744 608 571 549 503 549 579 503 549 654 579 757 518 579 x 742 x 572 517 549 620 517 505 745 549 644 517 549 549 549 549 534 583 517 749 549 689 x 805 573 517 517 590 553 503 590 517 516 503 
x 524 539 539 539 514 539 524 562 539 535 524 516 535 524 594 565 572 x 524 537 568 x 787 582 539 592 x x 539 539 537 534 510 524 504 539 547 572 528 509 524 x 611 539 x 543 524 534 x 
524 529 523 523 523 531 523 x 516 523 514 x 542 514 x 517 512 517 524 x 517 523 x 645 697 517 501 x 517 517 517 517 522 511 x 510 517 582 517 519 575 x x 501 553 524 501 x 516 517 
537 804 540 x x 503 x 541 583 x 505 541 537 505 517 567 539 549 537 517 x 546 517 515 501 x 519 x x x x x 501 511 517 504 x 535 549 517 545 517 x 504 553 503 504 517 501 x 
568 768 566 546 546 558 546 523 674 546 584 523 659 584 523 620 894 620 568 523 546 x 523 786 516 546 652 523 546 546 546 546 621 572 523 720 546 648 620 789 976 523 523 571 657 558 571 523 621 546 
x x 517 517 517 514 517 504 559 517 524 x 516 514 x 517 512 517 x x 517 523 x 645 582 517 501 x x 517 517 517 522 510 x 504 517 547 517 519 509 x x 501 539 x 501 x 516 x 
787 645 524 515 515 636 515 870 719 515 586 718 822 586 645 505 652 505 787 645 515 786 645 x 646 515 719 515 515 515 515 515 522 561 645 508 515 824 505 976 795 645 515 852 734 636 852 645 522 515 
582 782 501 501 501 611 501 697 695 501 691 697 530 691 697 745 924 745 582 697 501 516 582 646 x 501 794 501 501 501 501 501 978 960 582 532 501 640 745 700 905 582 501 624 844 582 624 582 978 501 
546 540 523 523 523 520 x 541 510 x 505 521 537 505 517 567 536 549 539 517 x 546 517 515 501 x 519 x x x x x 501 511 517 504 x 535 549 517 545 517 x 504 553 503 504 517 501 x 
592 659 519 519 519 633 519 501 998 519 593 501 522 593 501 644 696 644 592 501 519 652 501 719 794 519 x 501 501 519 519 519 520 964 501 677 519 960 644 635 657 501 501 652 636 501 652 501 520 501 
x x 517 517 517 514 x 504 559 x 505 x 516 505 x 517 512 517 x x x 523 x 515 501 x 501 x x x x x 501 510 x 504 x 535 517 517 509 x x 501 539 x 501 x 501 x 
x 545 x x x 503 x 524 562 x 505 524 516 505 517 567 539 549 x 517 x 546 x 515 501 x 501 x x x x x 501 510 x 504 x 535 517 517 509 x x 501 539 x 501 x 501 x 
583 529 x x x 503 x 526 583 x 505 526 537 505 517 567 539 549 539 517 x 546 517 515 501 x 519 x x x x x 501 510 x 504 x 535 517 517 509 x x 501 539 x 501 x 501 x 
564 517 x x x 503 x 523 583 x 505 517 537 505 517 567 539 549 539 517 x 546 517 515 501 x 519 x x x x x 501 510 x 504 x 535 517 517 509 x x 501 539 x 501 x 501 x 
537 545 x x x 503 x 541 583 x 505 541 537 505 517 551 539 549 537 517 x 546 517 515 501 x 519 x x x x x 501 510 x 504 x 535 517 517 509 x x 501 539 x 501 x 501 x 
534 522 501 501 501 712 501 724 570 501 550 534 559 550 522 534 587 534 534 522 501 621 522 522 978 501 520 501 501 501 501 501 x 599 501 967 501 757 516 591 549 501 501 503 667 501 503 501 x 501 
510 511 554 554 554 654 511 531 885 511 864 511 959 864 511 583 715 583 510 511 511 572 510 561 960 511 964 510 510 510 510 510 599 x 510 721 510 537 583 883 843 510 510 790 624 510 790 510 599 510 
546 x 545 545 545 580 521 529 630 521 584 509 536 528 x 517 512 517 524 x 517 523 x 645 582 517 501 x x x x x 501 510 x 504 x 535 517 517 509 x x 501 539 x 501 x 501 x 
504 510 504 504 504 586 504 741 990 504 555 693 556 555 510 749 748 749 504 510 504 720 504 508 532 504 677 504 504 504 504 504 967 721 504 x 504 709 749 663 526 504 504 517 775 504 517 504 967 504 
564 517 x x x 503 x 523 583 x 505 517 537 505 517 549 539 549 539 517 x 546 517 515 501 x 519 x x x x x 501 510 x 504 x 535 517 517 509 x x 501 539 x 501 x 501 x 
547 640 548 535 535 609 535 582 642 535 656 582 694 656 582 689 585 689 547 582 535 648 547 824 640 535 960 535 535 535 535 535 757 537 535 709 535 x 689 954 870 535 535 708 697 535 708 535 757 535 
572 640 551 551 549 503 549 517 503 549 518 517 594 518 517 x 742 x 572 517 549 620 517 505 745 549 644 517 517 517 517 517 516 583 517 749 517 689 x 805 573 517 517 590 553 503 590 517 516 503 
528 519 517 517 517 706 517 605 618 517 550 528 850 550 519 805 697 805 528 519 517 789 519 976 700 517 635 517 517 517 517 517 591 883 517 663 517 954 805 x 963 517 517 543 767 517 543 517 591 517 
509 727 575 545 545 520 545 575 500 545 752 575 903 752 575 573 927 573 509 575 545 976 509 795 905 545 657 509 509 509 509 509 549 843 509 526 509 870 573 963 x 509 509 744 596 509 744 509 549 509 
524 x 517 517 517 531 517 x 516 517 514 x 536 514 x 517 512 517 524 x 517 523 x 645 582 517 501 x x x x x 501 510 x 504 x 535 517 517 509 x x 501 539 x 501 x 501 x 
x x x x x 503 x 504 510 x 505 x 516 505 x 517 512 517 x x x 523 x 515 501 x 501 x x x x x 501 510 x 504 x 535 517 517 509 x x 501 539 x 501 x 501 x 
661 524 512 512 512 514 512 525 690 512 509 525 830 509 501 590 974 590 611 501 504 571 501 852 624 504 652 501 501 501 501 501 503 790 501 517 501 708 590 543 744 501 501 x 599 501 x 501 503 501 
539 553 629 553 553 525 553 570 928 553 873 553 785 873 553 553 566 553 539 553 553 657 539 734 844 553 636 539 539 539 539 539 667 624 539 775 539 697 553 767 596 539 539 599 x 525 599 539 667 525 
x 546 506 503 503 x 503 524 562 503 535 524 516 535 524 521 526 503 x 524 503 558 x 636 582 503 501 x x x x x 501 510 x 504 x 535 503 517 509 x x 501 525 x 501 x 501 x 
543 501 512 504 504 514 504 525 690 504 509 501 830 509 501 590 974 590 543 501 504 571 501 852 624 504 652 501 501 501 501 501 503 790 501 517 501 708 590 543 744 501 501 x 599 501 x 501 503 501 
546 x 529 529 529 580 529 529 630 529 528 525 536 528 x 517 512 517 524 x 517 523 x 645 582 517 501 x x x x x 501 510 x 504 x 535 517 517 509 x x 501 539 x 501 x 501 x 
534 516 501 501 501 712 501 618 570 501 550 534 559 550 516 516 587 516 534 516 501 621 516 522 978 501 520 501 501 501 501 501 x 599 501 967 501 757 516 591 549 501 501 503 667 501 503 501 x 501 
x 545 x x x x x 524 562 x 505 524 516 505 517 521 526 503 x 517 x 546 x 515 501 x 501 x x x x x 501 510 x 504 x 535 503 517 509 x x 501 525 x 501 x 501 x