50
25
0 1 2 3 4 5 6 7 8 9 10 11 12 13 14 15 16 17 18 19 20 21 22 23 24 25 26 27 28 29 30 31 32 33 34 35 36 37 38 39 40 41 42 43 44 45 46 47 48 49 
3 18 38 17 24 29 40 36 28 2 19 27 33 7 1 0 35 9 14 25 10 5 34 30 20 
20 
x            47959.28449  37071.46032  17534.30746  21140.39191  80338.21737  23023.82614  79282.19982  20393.74085  40684.11427  49143.2607   59690.34684  36450.49686  54619.40846  57497.37109  55785.66326  52345.51753  10295.74247  37962.90791  88118.68654  60951.75285  5262.03858   53315.97594  41213.23127  83761.01559  64106.39245  84194.19902  51804.70038  62538.8975   21302.46756  33397.42513  72573.31445  73091.57051  18433.17892  48988.42595  18332.83527  57071.4382   39864.96423  67581.20332  85452.19974  54928.91349  75070.76491  68091.68646  21710.55117  71010.6353   10309.29294  73154.71951  50051.9412   79734.40177  37940.15605  
47959.28449  x            34319.8369   51961.79086  60906.90408  33536.51921  57497.4003   65806.9404   68198.65014  18098.02014  20701.82806  25657.05379  34562.62076  65358.43659  17097.8427   71448.17604  59827.49503  44840.68603  46902.99651  60125.82068  64886.95648  52904.00738  31654.53486  26461.33589  65034.30339  41480.01459  41348.43407  33095.2056   33918.92181  28976.69341  23229.37748  40611.15813  77911.0536   33451.70145  9673.14892   40778.6515   45089.38417  8452.45964   21540.05443  50363.0151   49543.80609  67777.90874  28777.68041  64592.3564   75855.63101  54760.77255  42464.21393  17712.63349  48817.16839  28230.1316   
37071.46032  34319.8369   x            51539.07834  57671.27635  65447.04149  57875.81802  93913.77745  54754.02984  16406.89904  50420.89577  58529.30897  52567.46135  81473.69228  51080.94009  85205.42838  77237.51623  27705.69257  61602.16708  92981.34097  84680.04342  39469.56787  60180.66008  49820.40339  95146.30789  27380.37993  75310.05633  60419.57641  27680.13544  34389.01479  12337.21302  73806.2302   98101.98902  19808.27163  42248.66749  44590.3844   70884.00937  31759.62501  54968.97052  84429.48441  72611.98731  93311.33866  62993.70493  58770.74621  95918.70264  47306.18591  75405.33291  48735.54682  82058.46468  48942.18075  
17534.30746  51961.79086  51539.07834  x            9138.11972   80747.60779  6381.36945   66165.27659  24081.1283   50601.69329  45748.2368   55714.99105  27727.78486  37875.271    56401.85121  38412.59847  36376.62993  27418.16597  23985.36689  78790.27367  45042.70696  19795.0802   46234.78972  35733.48863  71800.69472  77223.28183  81472.90745  44045.47233  74135.26887  23212.76825  44674.38556  65993.14307  56456.1211   31733.09473  49610.70656  11334.57229  45894.0584   43540.06919  68082.24277  78962.51     42041.61102  60678.29109  64982.97944  13715.23715  54442.53173  10619.68987  66040.05164  47791.20229  72075.17313  32006.61377  
21140.39191  60906.90408  57671.27635  9138.11972   x            89878.04299  6387.16995   71957.26294  18621.87756  58473.49187  54756.67172  64602.61905  36211.13935  40590.86982  65512.87193  39379.65974  40361.09519  31412.45322  30508.38313  86268.73177  48809.28553  21127.19953  54695.65266  44613.44311  78195.35021  84148.63855  90402.35431  52384.6431   81648.9082   32000.30215  52072.84042  74363.78487  58887.03723  38141.70134  58743.22985  20457.16346  53069.83192  52464.31832  77219.11155  87269.27469  48447.36328  65630.50835  73923.95163  5226.61439   57028.27724  11047.8612   74284.80989  56870.35959  80131.21003  40883.48964  
80338.21737  33536.51921  65447.04149  80747.60779  89878.04299  x            85242.5048   64810.21594  100060.83566 49302.89574  36037.59784  28703.3768   56174.16706  80937.48739  24493.16574  88320.04464  75112.31631  78212.6879   67551.38075  47298.97315  76604.30511  85474.00842  41515.83428  46581.21667  59761.8026   61008.79328  14795.82039  44285.22581  52242.30456  59708.55116  55961.32276  32315.66666  87075.87594  66959.9621   31559.58892  69510.37241  53677.93327  40759.01433  12807.3404   32566.79218  60691.07995  71044.82282  20395.72644  94267.71376  85466.9546   85771.73934  34556.28522  33335.87767  37106.39413  50097.27431  
23023.82614  57497.4003   57875.81802  6381.36945   6387.16995   85242.5048   x            65583.28996  24730.70383  56873.67933  49691.85561  59270.29948  30560.03411  34759.01358  60772.93463  34199.07421  34194.55695  33184.7227   24168.53792  80007.80065  42719.72568  24373.1069   48927.82766  39348.46693  71809.52963  83602.79628  85093.59941  46536.9731   80463.99996  29100.2557   51033.84537  68487.17865  53217.91745  38077.50618  54510.62712  16741.38062  46775.71926  49136.57213  72709.76705  81335.48432  42068.82838  59340.06924  68662.493    11583.77115  51301.624    14280.23715  68330.06413  52009.38504  74071.62019  35638.60756  
79282.19982  65806.9404   93913.77745  66165.27659  71957.26294  64810.21594  65583.28996  x            89995.08885  80965.16828  45267.73721  42020.47513  43864.62179  35921.17628  51509.74783  42359.95596  33059.78174  85239.43701  42203.04128  24499.88394  26690.88549  83650.71568  34439.3617   44134.63048  8710.85415   107273.66378 53346.24546  33673.45223  99640.49781  63163.24757  81696.00588  32498.67828  28509.97145  80337.35451  56155.13313  60950.00007  23317.57813  63653.52026  59563.47507  36882.03797  24387.0483   9554.54447   45873.64674  77080.86709  28001.87024  76518.43054  30255.48628  48095.3558   29120.35352  45492.83993  
20393.74085  68198.65014  54754.02984  24081.1283   18621.87756  100060.83566 24730.70383  89995.08885  x            60717.67881  67171.66404  77586.61833  51109.79504  59200.45413  76584.04272  57659.47094  58918.35847  27286.90684  47959.07131  102731.90732 67409.43591  16022.87677  69378.72181  58019.4218   95834.56572  82131.94234  102854.73747 67399.73567  81586.2391   40378.51946  53187.22152  89128.19321  77422.94762  38099.52006  68524.98205  32714.32996  69962.11438  59982.05953  87257.52827  102134.8856  66044.62765  84024.82306  86475.09126  14216.17705  75592.70532  14956.9996   89366.04384  68592.29686  95606.50788  54404.54647  
40684.11427  18098.02014  16406.89904  50601.69329  58473.49187  49302.89574  56873.67933  80965.16828  60717.67881  x            36093.51357  43120.09508  42997.37835  73807.55873  35104.13639  78707.10998  68882.89971  34154.01073  53963.79087  77725.28794  75400.60908  44695.6086   46589.72599  37863.84621  81264.0644   28696.95254  58903.19816  47322.88247  23845.44523  28684.6917   7843.67879   58320.04417  88844.51791  22665.80863  26691.76909  41006.79364  58673.47939  17324.21741  38574.35926  68437.892    61623.8327   81542.59835  46874.18007  60933.33342  86691.59547  49760.78746  60054.93998  33886.8211   66569.84003  37992.14078  
49143.2607   20701.82806  50420.89577  45748.2368   54756.67172  36037.59784  49691.85561  45267.73721  67171.66404  36093.51357  x            10547.16768  20142.77193  47588.04389  11838.08473  54440.5827   41789.55019  50381.82018  31839.75146  42912.12361  45586.1106   54396.26835  10954.03716  10550.10938  45170.88536  62053.75287  35812.39485  12518.68048  54618.98589  27937.19335  38106.46046  24599.89224  58138.87739  41497.11924  11273.40343  34928.0981   24551.82849  18867.2718   24197.88937  36910.88486  29654.64397  47095.59173  19342.91687  59454.52212  56162.19235  52305.23076  25774.18682  3494.99099   32587.45165  14137.32298  
59690.34684  25657.05379  58529.30897  55714.99105  64602.61905  28703.3768   59270.29948  42020.47513  77586.61833  43120.09508  10547.16768  x            28913.80164  52305.7418   9543.8575    59640.66744  46465.88767  60752.38047  39361.79652  34605.61869  48499.62798  64942.968    12816.77463  19990.88917  39984.49712  66557.91842  25823.61766  15581.84922  58467.51715  38474.67357  46435.87696  15277.05757  59860.30266  51474.34014  16428.36392  45148.04342  25699.10893  26873.52364  19032.03867  26765.84422  32364.33322  45933.2704   9452.53368   69426.16672  58080.74401  62680.3666   16936.45394  10346.27373  23529.9225   23721.19721  
36450.49686  34562.62076  52567.46135  27727.78486  36211.13935  56174.16706  30560.03411  43864.62179  51109.79504  42997.37835  20142.77193  28913.80164  x            31178.93199  31894.38165  36926.73148  25979.37282  41462.34506  12423.39487  51965.52906  32478.5155   41285.34167  18514.64709  9648.11199   47540.47334  71604.39554  54680.91508  16338.89225  65719.43972  19483.66857  41135.87442  38265.42451  45951.21031  36818.86783  28015.57345  18727.06117  20871.30722  27956.34897  44241.15574  51239.74211  20442.31543  41426.16402  38361.55586  41236.73897  43783.76194  36282.04007  38344.57037  23068.17169  44501.01895  6547.17893   
54619.40846  65358.43659  81473.69228  37875.271    40590.86982  80937.48739  34759.01358  35921.17628  59200.45413  73807.55873  47588.04389  52305.7418   31178.93199  x            58911.84636  7638.24181   5852.5116    63352.47949  19976.05817  56795.72141  9359.67889   57594.44432  39516.25156  39008.68525  43945.86425  102501.40184 74763.24334  36809.13474  96852.4173   47090.26949  71014.64246  53408.74285  18581.63365  63215.69796  57735.26926  38324.89661  28009.91833  59119.35764  70818.14683  63948.99133  20696.22043  27508.52604  60770.89738  45174.71971  16589.55846  48322.43611  52118.23382  51050.10485  55448.89113  37188.69818  
57497.37109  17097.8427   51080.94009  56401.85121  65512.87193  24493.16574  60772.93463  51509.74783  76584.04272  35104.13639  11838.08473  9543.8575    31894.38165  58911.84636  x            65941.24358  53071.88714  56970.99793  43677.09231  43209.91984  56135.62087  62737.06927  20055.2457   22249.36354  49498.20516  57236.06962  26869.31642  22471.28125  49043.1929   36320.53141  39400.0557   23675.6518   68109.991    46673.63458  9333.68764   45251.23708  33876.95488  20416.03157  12363.4623   33359.63371  39957.49353  55081.38896  12019.21266  70004.62878  66237.76241  61986.40532  25639.49485  8869.81691   31812.9465   25672.33416  
55785.66326  71448.17604  85205.42838  38412.59847  39379.65974  88320.04464  34199.07421  42359.95596  57659.47094  78707.10998  54440.5827   59640.66744  36926.73148  7638.24181   65941.24358  x            13271.32465  65134.51755  24883.89909  64051.94895  15778.97364  58152.3949   46826.70278  45386.88675  50657.97589  107366.77647 82368.05898  44084.71638  102103.82556 51068.83583  75326.17347  61046.40531  20379.22925  66312.70957  64239.85967  41016.9295   35627.39689  64800.4823   77975.6647   71540.30753  28311.43702  33430.47797  68233.5544   43445.36598  18891.31631  48357.13153  59754.66172  57864.31672  63026.9248   43225.7368   
52345.51753  59827.49503  77237.51623  36376.62993  40361.09519  75112.31631  34194.55695  33059.78174  58918.35847  68882.89971  41789.55019  46465.88767  25979.37282  5852.5116    53071.88714  13271.32465  x            60543.07566  15709.49089  52465.07595  8670.32208   55737.05522  33670.27064  33404.68813  40577.83426  97541.29616  69134.0336   30958.77989  91691.2549   42891.36744  66451.16968  47955.94755  21180.59577  59485.25975  52041.05841  35181.47933  22446.23641  53802.09829  64965.9933   58825.21371  15144.16614  25574.34271  54978.69351  45244.77522  19018.07588  46985.38841  46752.70316  45259.55732  50386.23292  31767.53418  
10295.74247  44840.68603  27705.69257  27418.16597  31412.45322  78212.6879   33184.7227   85239.43701  27286.90684  34154.01073  50381.82018  60752.38047  41462.34506  63352.47949  56970.99793  65134.51755  60543.07566  x            45427.65116  91602.83587  68991.9774   11769.49893  56418.88412  44154.75541  88927.42399  55046.27582  83823.74463  55354.01104  54300.6017   23148.4372   26393.15385  74735.24883  81591.99903  11733.44391  47879.47671  25427.11769  62323.87697  37535.52784  65736.16178  87280.8495   61214.68355  81908.98501  68353.57344  31636.72336  79466.42848  20468.50405  75614.83667  50583.22114  82367.90386  41397.23819  
37962.90791  46902.99651  61602.16708  23985.36689  30508.38313  67551.38075  24168.53792  42203.04128  47959.07131  53963.79087  31839.75146  39361.79652  12423.39487  19976.05817  43677.09231  24883.89909  15709.49089  45427.65116  x            55923.92377  23739.9739   41913.07778  27276.14799  21723.84922  47883.00731  82657.35442  64528.29303  24563.66137  77241.98359  27222.025    51038.701    45785.40096  36837.0936   43795.46945  40400.54465  20021.43851  22658.25441  39981.68106  56031.0781   58280.16198  18086.1003   37187.38949  48713.26509  35732.07513  34661.91642  34323.71128  45306.4784   35006.73839  50599.75814  18950.53825  
88118.68654  60125.82068  92981.34097  78790.27367  86268.73177  47298.97315  80007.80065  24499.88394  102731.90732 77725.28794  42912.12361  34605.61869  51965.52906  56795.72141  43209.91984  64051.94895  52465.07595  91602.83587  55923.92377  x            48437.23176  93103.71813  35185.22117  47449.14673  16255.07026  100116.38213 33438.05664  36373.01651  91678.03591  68455.13892  80769.50198  19536.14806  52817.95116  83922.94486  51033.84502  70691.42812  33266.52842  61224.42462  46436.30146  15075.65355  38936.48153  33779.74181  33039.76068  91489.87033  52107.17359  88099.51638  17677.88124  44262.97384  11506.10942  50358.89445  
60951.75285  64886.95648  84680.04342  45042.70696  48809.28553  76604.30511  42719.72568  26690.88549  67409.43591  75400.60908  45586.1106   48499.62798  32478.5155   9359.67889   56135.62087  15778.97364  8670.32208   68991.9774   23739.9739   48437.23176  x            64395.26419  36125.78871  38543.64404  34894.19144  103890.89524 69056.0458   33667.34306  97641.75633  50536.40039  73538.91577  47210.96646  13475.10178  67440.47263  56445.45903  43577.02221  22931.64403  59574.69031  67458.79757  56773.74373  16195.66612  18148.85341  56216.88349  53603.18573  11305.27297  55647.80622  45665.24895  49076.31749  48216.25213  37573.0874   
5262.03858   52904.00738  39469.56787  19795.0802   21127.19953  85474.00842  24373.1069   83650.71568  16022.87677  44695.6086   54396.26835  64942.968    41285.34167  57594.44432  62737.06927  58152.3949   55737.05522  11769.49893  41913.07778  93103.71813  64395.26419  x            58417.01892  46366.28596  88371.45002  66788.73558  89449.38534  56846.29783  65803.48965  26564.29382  37174.66768  77749.54315  76159.69539  22083.29353  54183.05053  22828.84125  61731.48179  44902.48796  72734.76707  90647.58791  59264.70715  79100.23571  73353.64984  20404.07043  74120.57828  10223.19857  78300.43313  55313.88202  84853.30455  43044.5868   
53315.97594  31654.53486  60180.66008  46234.78972  54695.65266  41515.83428  48927.82766  34439.3617   69378.72181  46589.72599  10954.03716  12816.77463  18514.64709  39516.25156  20055.2457   46826.70278  33670.27064  56418.88412  27276.14799  35185.22117  36125.78871  58417.01892  x            12272.64576  34965.74235  72983.90508  37257.74439  2799.58872   65572.65474  33272.85239  47854.35442  19779.41657  48084.82008  49007.5975   22155.5475   36703.01667  13950.48186  29265.5105   31432.9216   32778.4782   19931.39416  36177.87072  21737.47697  59744.43246  46194.84068  54456.28365  20009.65687  14096.44792  26446.06309  15376.04283  
41213.23127  26461.33589  49820.40339  35733.48863  44613.44311  46581.21667  39348.46693  44134.63048  58019.4218   37863.84621  10550.10938  19990.88917  9648.11199   39008.68525  22249.36354  45386.88675  33404.68813  44154.75541  21723.84922  47449.14673  38543.64404  46366.28596  12272.64576  x            46061.39472  65802.80894  45793.01603  11349.04776  59215.72227  21006.40712  37686.1726   31400.64181  51743.69836  37080.06673  18869.75074  25358.91608  21087.4621   21200.71237  34593.14525  44347.6036   23834.52053  43782.59782  29328.40025  49440.43819  49647.27913  43064.12894  31941.61314  13421.10644  38547.55931  3730.31701   
83761.01559  65034.30339  95146.30789  71800.69472  78195.35021  59761.8026   71809.52963  8710.85415   95834.56572  81264.0644   45170.88536  39984.49712  47540.47334  43945.86425  49498.20516  50657.97589  40577.83426  88927.42399  47883.00731  16255.07026  34894.19144  88371.45002  34965.74235  46061.39472  x            106386.69472 47263.00749  34895.30663  98414.10086  66233.66395  82819.63773  27993.60273  37190.99015  83024.60865  55390.06706  65543.03256  26706.79108  63999.43138  56028.55053  29819.06808  29800.59941  18264.67903  42104.40843  83383.82723  36711.47424  81894.82453  25675.35756  47566.1511   22887.67574  48031.24547  
64106.39245  41480.01459  27380.37993  77223.28183  84148.63855  61008.79328  83602.79628  107273.66378 82131.94234  28696.95254  62053.75287  66557.91842  71604.39554  102501.40184 57236.06962  107366.77647 97541.29616  55046.27582  82657.35442  100116.38213 103890.89524 66788.73558  72983.90508  65802.80894  106386.69472 x            74380.9245   74193.47208  8791.76097   56834.39618  32761.93608  80710.16831  117290.26524 46037.35744  51149.85552  68702.1496   86003.16751  44622.51508  54971.4983   88325.56305  89629.24817  108875.68952 67220.46953  85680.96816  115152.32681 74191.50908  82777.62133  59181.89437  88614.2888   66340.12774  
84194.19902  41348.43407  75310.05633  81472.90745  90402.35431  14795.82039  85093.59941  53346.24546  102854.73747 58903.19816  35812.39485  25823.61766  54680.91508  74763.24334  26869.31642  82368.05898  69134.0336   83823.74463  64528.29303  33438.05664  69056.0458   89449.38534  37257.74439  45793.01603  47263.00749  74380.9245   x            39999.86942  65592.00406  62917.57164  64577.70248  22020.44198  78059.08309  73346.7546   35984.32506  70739.77904  46758.39887  46787.69618  20461.09198  18392.23994  54067.80264  60657.62321  16491.97047  95188.14446  76680.03571  88053.7709   23881.48163  34273.71128  24405.65938  49521.51987  
51804.70038  33095.2056   60419.57641  44045.47233  52384.6431   44285.22581  46536.9731   33673.45223  67399.73567  47322.88247  12518.68048  15581.84922  16338.89225  36809.13474  22471.28125  44084.71638  30958.77989  55354.01104  24563.66137  36373.01651  33667.34306  56846.29783  2799.58872   11349.04776  34895.30663  74193.47208  39999.86942  x            66954.92885  32230.30067  48136.6821   21980.12586  45850.77348  48418.44016  23787.87834  34816.51016  12034.01035  30043.2909   34057.25122  34920.62617  17507.15796  34714.41379  24536.81903  57470.11694  43922.51234  52519.08217  22005.68874  15874.41605  28225.1237   13994.99596  
62538.8975   33918.92181  27680.13544  74135.26887  81648.9082   52242.30456  80463.99996  99640.49781  81586.2391   23845.44523  54618.98589  58467.51715  65719.43972  96852.4173   49043.1929   102103.82556 91691.2549   54300.6017   77241.98359  91678.03591  97641.75633  65803.48965  65572.65474  59215.72227  98414.10086  8791.76097   65592.00406  66954.92885  x            52529.98854  29576.12985  72348.8881   110937.63425 44118.7456   43508.91661  64821.63198  78892.49086  38068.9357   46261.55693  79677.68027  82920.26853  101665.37592 58704.56665  83679.60385  108826.78864 72273.19662  74452.54474  51596.12499  80171.93183  60103.68286  
21302.46756  28976.69341  34389.01479  23212.76825  32000.30215  59708.55116  29100.2557   63163.24757  40378.51946  28684.6917   27937.19335  38474.67357  19483.66857  47090.26949  36320.53141  51068.83583  42891.36744  23148.4372   27222.025    68455.13892  50536.40039  26564.29382  33272.85239  21006.40712  66233.66395  56834.39618  62917.57164  32230.30067  52529.98854  x            24324.90627  51852.43232  63878.26563  17343.75948  28154.85139  12543.94248  39920.6918   20524.41631  46901.3838   64577.64509  39907.0626   60892.29629  46789.53038  35617.65253  61695.01015  26145.01798  52624.84404  28749.71711  59338.19658  18333.46135  
33397.42513  23229.37748  12337.21302  44674.38556  52072.84042  55961.32276  51033.84537  81696.00588  53187.22152  7843.67879   38106.46046  46435.87696  41135.87442  71014.64246  39400.0557   75326.17347  66451.16968  26393.15385  51038.701    80769.50198  73538.91577  37174.66768  47854.35442  37686.1726   82819.63773  32761.93608  64577.70248  48136.6821   29576.12985  24324.90627  x            61702.76176  87009.39676  15092.08004  30333.35563  35948.22377  58773.44415  19572.56907  44596.77599  72625.99342  60825.58021  81353.26017  51402.98828  54176.77057  84832.68697  42835.5494   63245.9656   36506.52842  69940.98555  37041.11364  
72573.31445  40611.15813  73806.2302   65993.14307  74363.78487  32315.66666  68487.17865  32498.67828  89128.19321  58320.04417  24599.89224  15277.05757  38265.42451  53408.74285  23675.6518   61046.40531  47955.94755  74735.24883  45785.40096  19536.14806  47210.96646  77749.54315  19779.41657  31400.64181  27993.60273  80710.16831  22020.44198  21980.12586  72348.8881   51852.43232  61702.76176  x            56054.70323  66096.82202  31649.72595  56425.80825  25542.76727  42133.06774  28160.84672  13006.79073  32814.30342  38997.9413   14254.96843  79449.33038  54661.28982  74190.52862  2318.24934   25357.75424  8257.31924   34852.58993  
73091.57051  77911.0536   98101.98902  56456.1211   58887.03723  87075.87594  53217.91745  28509.97145  77422.94762  88844.51791  58138.87739  59860.30266  45951.21031  18581.63365  68109.991    20379.22925  21180.59577  81591.99903  36837.0936   52817.95116  13475.10178  76159.69539  48084.82008  51743.69836  37190.99015  117290.26524 78059.08309  45850.77348  110937.63425 63878.26563  87009.39676  56054.70323  x            80632.41287  69208.27515  56308.47056  34256.79322  72873.82826  78885.26044  63714.71624  28491.93066  19045.82306  66764.09326  63276.03894  2183.77952   66896.60453  54191.01226  61597.08079  55323.33852  50950.68346  
18433.17892  33451.70145  19808.27163  31733.09473  38141.70134  66959.9621   38077.50618  80337.35451  38099.52006  22665.80863  41497.11924  51474.34014  36818.86783  63215.69796  46673.63458  66312.70957  59485.25975  11733.44391  43795.46945  83922.94486  67440.47263  22083.29353  49007.5975   37080.06673  83024.60865  46037.35744  73346.7546   48418.44016  44118.7456   17343.75948  15092.08004  66096.82202  80632.41287  x            37397.96893  25321.48447  57034.34201  26617.55128  54660.04798  78231.51534  57250.00031  78235.6016   58394.62883  39702.38891  78456.55028  28233.15958  67214.74866  41138.60971  74027.75493  35015.6738   
48988.42595  9673.14892   42248.66749  49610.70656  58743.22985  31559.58892  54510.62712  56155.13313  68524.98205  26691.76909  11273.40343  16428.36392  28015.57345  57735.26926  9333.68764   64239.85967  52041.05841  47879.47671  40400.54465  51033.84502  56445.45903  54183.05053  22155.5475   18869.75074  55390.06706  51149.85552  35984.32506  23787.87834  43508.91661  28154.85139  30333.35563  31649.72595  69208.27515  37397.96893  x            38288.04189  35821.88405  11097.23299  18753.05642  42294.44947  40723.39013  58332.5347   21293.56682  62952.67369  67199.91632  54218.23992  33363.47316  8092.50622   39905.64095  21468.41485  
18332.83527  40778.6515   44590.3844   11334.57229  20457.16346  69510.37241  16741.38062  60950.00007  32714.32996  41006.79364  34928.0981   45148.04342  18727.06117  38324.89661  45251.23708  41016.9295   35181.47933  25427.11769  20021.43851  70691.42812  43577.02221  22828.84125  36703.01667  25358.91608  65543.03256  68702.1496   70739.77904  34816.51016  64821.63198  12543.94248  35948.22377  56425.80825  56308.47056  25321.48447  38288.04189  x            38910.11525  32400.49265  56810.21965  69431.1378   36598.10531  56868.64831  54260.19067  24763.173    54164.92084  17765.86401  56709.50009  36758.64836  63039.25916  21709.20072  
57071.4382   45089.38417  70884.00937  45894.0584   53069.83192  53677.93327  46775.71926  23317.57813  69962.11438  58673.47939  24551.82849  25699.10893  20871.30722  28009.91833  33876.95488  35627.39689  22446.23641  62323.87697  22658.25441  33266.52842  22931.64403  61731.48179  13950.48186  21087.4621   26706.79108  86003.16751  46758.39887  12034.01035  78892.49086  39920.6918   58773.44415  25542.76727  34256.79322  57034.34201  35821.88405  38910.11525  x            41565.99405  44724.86458  36924.22789  7316.02932   22903.57636  33299.16343  58295.85167  32425.71321  55643.86609  24449.17749  27883.0791   28737.99452  22193.24368  
39864.96423  8452.45964   31759.62501  43540.06919  52464.31832  40759.01433  49136.57213  63653.52026  59982.05953  17324.21741  18867.2718   26873.52364  27956.34897  59119.35764  20416.03157  64800.4823   53802.09829  37535.52784  39981.68106  61224.42462  59574.69031  44902.48796  29265.5105   21200.71237  63999.43138  44622.51508  46787.69618  30043.2909   38068.9357   20524.41631  19572.56907  42133.06774  72873.82826  26617.55128  11097.23299  32400.49265  41565.99405  x            28202.97688  53244.77909  45010.40115  64468.92341  32390.56702  56140.88176  70759.82692  46373.45111  43675.99094  16978.63896  50368.84569  22078.09865  
67581.20332  21540.05443  54968.97052  68082.24277  77219.11155  12807.3404   72709.76705  59563.47507  87257.52827  38574.35926  24197.88937  19032.03867  44241.15574  70818.14683  12363.4623   77975.6647   64965.9933   65736.16178  56031.0781   46436.30146  67458.79757  72734.76707  31432.9216   34593.14525  56028.55053  54971.4983   20461.09198  34057.25122  46261.55693  46901.3838   44596.77599  28160.84672  78885.26044  54660.04798  18753.05642  56810.21965  44724.86458  28202.97688  x            33512.96228  51281.41231  64440.19654  13929.92724  81550.44604  77112.08731  72968.83503  30459.37911  21178.61875  35099.46787  37962.65824  
85452.19974  50363.0151   84429.48441  78962.51     87269.27469  32566.79218  81335.48432  36882.03797  102134.8856  68437.892    36910.88486  26765.84422  51239.74211  63948.99133  33359.63371  71540.30753  58825.21371  87280.8495   58280.16198  15075.65355  56773.74373  90647.58791  32778.4782   44347.6036   29819.06808  88325.56305  18392.23994  34920.62617  79677.68027  64577.64509  72625.99342  13006.79073  63714.71624  78231.51534  42294.44947  69431.1378   36924.22789  53244.77909  33512.96228  x            43908.55607  45220.26856  21645.65961  92376.17118  62637.24031  87196.30912  13014.97695  37111.81705  8557.84856   47835.28091  
54928.91349  49543.80609  72611.98731  42041.61102  48447.36328  60691.07995  42068.82838  24387.0483   66044.62765  61623.8327   29654.64397  32364.33322  20442.31543  20696.22043  39957.49353  28311.43702  15144.16614  61214.68355  18086.1003   38936.48153  16195.66612  59264.70715  19931.39416  23834.52053  29800.59941  89629.24817  54067.80264  17507.15796  82920.26853  39907.0626   60825.58021  32814.30342  28491.93066  57250.00031  40723.39013  36598.10531  7316.02932   45010.40115  51281.41231  43908.55607  x            20985.9254   40367.57516  53652.21309  26507.55111  52256.86194  31644.82835  33121.78022  35574.26311  23805.43039  
75070.76491  67777.90874  93311.33866  60678.29109  65630.50835  71044.82282  59340.06924  9554.54447   84024.82306  81542.59835  47095.59173  45933.2704   41426.16402  27508.52604  55081.38896  33430.47797  25574.34271  81908.98501  37187.38949  33779.74181  18148.85341  79100.23571  36177.87072  43782.59782  18264.67903  108875.68952 60657.62321  34714.41379  101665.37592 60892.29629  81353.26017  38997.9413   19045.82306  78235.6016   58332.5347   56868.64831  22903.57636  64468.92341  64440.19654  45220.26856  20985.9254   x            51275.3904   70625.7664   18457.34144  71234.88051  36916.89145  50269.6844   37039.24968  44369.17499  
68091.68646  28777.68041  62993.70493  64982.97944  73923.95163  20395.72644  68662.493    45873.64674  86475.09126  46874.18007  19342.91687  9452.53368   38361.55586  60770.89738  12019.21266  68233.5544   54978.69351  68353.57344  48713.26509  33039.76068  56216.88349  73353.64984  21737.47697  29328.40025  42104.40843  67220.46953  16491.97047  24536.81903  58704.56665  46789.53038  51402.98828  14254.96843  66764.09326  58394.62883  21293.56682  54260.19067  33299.16343  32390.56702  13929.92724  21645.65961  40367.57516  51275.3904   x            78698.13805  65123.21713  71633.97903  16542.17353  18039.81499  21557.11984  33053.0876   
21710.55117  64592.3564   58770.74621  13715.23715  5226.61439   94267.71376  11583.77115  77080.86709  14216.17705  60933.33342  59454.52212  69426.16672  41236.73897  45174.71971  70004.62878  43445.36598  45244.77522  31636.72336  35732.07513  91489.87033  53603.18573  20404.07043  59744.43246  49440.43819  83383.82723  85680.96816  95188.14446  57470.11694  83679.60385  35617.65253  54176.77057  79449.33038  63276.03894  39702.38891  62952.67369  24763.173    58295.85167  56140.88176  81550.44604  92376.17118  53652.21309  70625.7664   78698.13805  x            61472.55314  11490.28742  79404.41667  61451.1904   85291.74746  45711.85493  
71010.6353   75855.63101  95918.70264  54442.53173  57028.27724  85466.9546   51301.624    28001.87024  75592.70532  86691.59547  56162.19235  58080.74401  43783.76194  16589.55846  66237.76241  18891.31631  19018.07588  79466.42848  34661.91642  52107.17359  11305.27297  74120.57828  46194.84068  49647.27913  36711.47424  115152.32681 76680.03571  43922.51234  108826.78864 61695.01015  84832.68697  54661.28982  2183.77952   78456.55028  67199.91632  54164.92084  32425.71321  70759.82692  77112.08731  62637.24031  26507.55111  18457.34144  65123.21713  61472.55314  x            64910.07948  52841.55116  59628.0043   54196.34049  48815.50895  
10309.29294  54760.77255  47306.18591  10619.68987  11047.8612   85771.73934  14280.23715  76518.43054  14956.9996   49760.78746  52305.23076  62680.3666   36282.04007  48322.43611  61986.40532  48357.13153  46985.38841  20468.50405  34323.71128  88099.51638  55647.80622  10223.19857  54456.28365  43064.12894  81894.82453  74191.50908  88053.7709   52519.08217  72273.19662  26145.01798  42835.5494   74190.52862  66896.60453  28233.15958  54218.23992  17765.86401  55643.86609  46373.45111  72968.83503  87196.30912  52256.86194  71234.88051  71633.97903  11490.28742  64910.07948  x            74455.87008  53833.32604  80741.36734  39447.66437  
73154.71951  42464.21393  75405.33291  66040.05164  74284.80989  34556.28522  68330.06413  30255.48628  89366.04384  60054.93998  25774.18682  16936.45394  38344.57037  52118.23382  25639.49485  59754.66172  46752.70316  75614.83667  45306.4784   17677.88124  45665.24895  78300.43313  20009.65687  31941.61314  25675.35756  82777.62133  23881.48163  22005.68874  74452.54474  52624.84404  63245.9656   2318.24934   54191.01226  67214.74866  33363.47316  56709.50009  24449.17749  43675.99094  30459.37911  13014.97695  31644.82835  36916.89145  16542.17353  79404.41667  52841.55116  74455.87008  x            26785.06188  6815.09479   35289.49312  
50051.9412   17712.63349  48735.54682  47791.20229  56870.35959  33335.87767  52009.38504  48095.3558   68592.29686  33886.8211   3494.99099   10346.27373  23068.17169  51050.10485  8869.81691   57864.31672  45259.55732  50583.22114  35006.73839  44262.97384  49076.31749  55313.88202  14096.44792  13421.10644  47566.1511   59181.89437  34273.71128  15874.41605  51596.12499  28749.71711  36506.52842  25357.75424  61597.08079  41138.60971  8092.50622   36758.64836  27883.0791   16978.63896  21178.61875  37111.81705  33121.78022  50269.6844   18039.81499  61451.1904   59628.0043   53833.32604  26785.06188  x            33536.23666  16803.67891  
79734.40177  48817.16839  82058.46468  72075.17313  80131.21003  37106.39413  74071.62019  29120.35352  95606.50788  66569.84003  32587.45165  23529.9225   44501.01895  55448.89113  31812.9465   63026.9248   50386.23292  82367.90386  50599.75814  11506.10942  48216.25213  84853.30455  26446.06309  38547.55931  22887.67574  88614.2888   24405.65938  28225.1237   80171.93183  59338.19658  69940.98555  8257.31924   55323.33852  74027.75493  39905.64095  63039.25916  28737.99452  50368.84569  35099.46787  8557.84856   35574.26311  37039.24968  21557.11984  85291.74746  54196.34049  80741.36734  6815.09479   33536.23666  x            41809.274    
37940.15605  28230.1316   48942.18075  32006.61377  40883.48964  50097.27431  35638.60756  45492.83993  54404.54647  37992.14078  14137.32298  23721.19721  6547.17893   37188.69818  25672.33416  43225.7368   31767.53418  41397.23819  18950.53825  50358.89445  37573.0874   43044.5868   15376.04283  3730.31701   48031.24547  66340.12774  49521.51987  13994.99596  60103.68286  18333.46135  37041.11364  34852.58993  50950.68346  35015.6738   21468.41485  21709.20072  22193.24368  22078.09865  37962.65824  47835.28091  23805.43039  44369.17499  33053.0876   45711.85493  48815.50895  39447.66437  35289.49312  16803.67891  41809.274    x            
