50
25
1 2 3 4 5 6 7 8 9 10 11 12 13 14 15 16 17 18 19 20 21 22 23 24 25 26 27 28 29 30 31 32 33 34 35 36 37 38 39 40 41 42 43 44 45 46 47 48 49 50
26 5 8 37 14 30 44 39 35 16 9 12 22 1 4 31 21 47 10 43 19 17 6 18 48
24
x 29.6964 401.3221 827.6118 486.7160 400.8492 198.8191 525.0198 734.9637 726.8802 769.3576 858.2812 501.2447 527.0295 543.0885 773.1920 443.6663 931.0875 402.8999 707.4854 376.5406 226.9396 757.4319 361.3317 660.3012 618.3112 1036.2100 1018.0818 492.2192 772.8642 749.8025 1017.7165 863.1917 848.5980 358.9065 826.9546 445.8643 512.2323 782.7915 235.5523 653.4406 184.6914 726.2724 535.9649 730.8729 696.3108 495.8202 209.0257 418.0715 735.2358
29.6964 x 372.6357 798.0835 462.9538 371.5459 194.9355 502.5880 707.5492 710.2909 743.3084 837.7038 472.0262 498.0915 525.1429 755.1163 432.4814 901.4715 396.8616 687.4373 350.2444 234.3493 730.1518 357.8445 633.5146 588.7428 1007.4507 995.5272 465.5205 743.1943 721.0172 989.1449 839.6583 827.4269 329.6502 799.0558 421.2536 483.1501 753.5673 209.5621 630.8189 168.7909 697.3027 514.3674 701.2664 672.3088 466.8017 179.9148 388.4715 709.9764
401.3221 372.6357 x 472.6900 184.7660 162.7261 456.0194 236.9956 341.5832 496.6593 546.1831 554.2163 214.3581 126.5526 527.8555 514.3570 546.9971 540.9720 571.7361 425.6383 86.1928 448.5341 365.1470 419.4084 433.3085 275.4799 710.5794 678.7069 123.3807 405.5930 348.5108 699.6434 516.0405 536.4048 162.7063 543.4534 143.2362 113.5838 383.8801 179.1913 336.3009 373.9140 410.5114 260.4384 342.9707 351.9474 224.0352 229.5241 135.3704 369.2412
827.6118 798.0835 472.6900 x 566.6115 427.8236 789.9675 596.0875 390.4070 794.2790 312.3694 731.6782 329.4461 368.6222 592.1796 772.8242 718.1337 186.3834 788.3154 688.9818 549.2509 919.3526 400.1357 884.9458 296.1621 209.5364 247.4171 742.4296 479.7985 74.4688 283.5494 244.4404 620.0623 706.0653 469.8687 197.2805 x 371.3386 228.7581 643.3314 594.9984 716.3450 133.7581 617.4074 170.4114 551.7040 338.2996 619.4765 409.8445 504.7922
486.7160 462.9538 184.7660 566.6115 x 347.2297 595.9626 x 285.9824 311.9674 707.0549 387.0732 384.4779 207.4953 712.3441 332.6147 722.9285 576.3979 738.9439 247.0955 129.7204 441.8387 303.4628 345.3430 599.4719 405.9894 813.9266 533.9125 90.5384 492.6107 348.7478 808.9052 376.7148 372.8981 346.0504 681.5327 46.9452 213.0875 404.1873 256.3138 170.7326 518.8808 541.7018 75.6738 404.9527 209.6433 397.2641 374.3565 317.8396 253.2785
400.8492 371.5459 162.7261 427.8236 347.2297 x 379.0838 399.1895 443.3187 658.7692 412.3469 704.8217 100.7016 213.4534 367.4746 674.0110 405.3973 548.3230 444.8559 583.9343 238.7601 523.3454 467.2609 539.1645 296.4872 219.9421 638.0907 813.5365 276.5926 377.5144 411.4106 621.2462 651.6943 685.1873 42.0623 439.4241 305.8394 194.7866 424.4148 252.2098 490.5212 299.1326 327.0496 422.8761 353.1810 496.1960 97.6390 191.9894 36.6741 500.3207
198.8191 194.9355 456.0194 789.9675 595.9626 379.0838 x 643.0120 795.1979 875.2365 659.5727 982.4575 465.6914 565.9604 376.1299 913.4252 252.7655 925.8823 204.3262 837.1810 468.6680 425.7445 819.0984 551.6722 564.1492 591.6680 965.7101 1125.8935 572.0332 749.4795 782.9410 942.9846 964.7546 968.8390 341.5224 742.8002 549.8514 548.0037 801.7508 346.1362 766.4753 82.7704 669.7123 659.4105 732.2453 796.9197 454.0863 227.2121 409.6950 822.7191
525.0198 502.5880 236.9956 596.0875 x 399.1895 643.0120 x 283.9920 259.6689 751.8591 339.5410 433.0546 247.9289 764.7421 280.4068 774.9462 590.6247 789.8314 196.1697 180.4795 459.9310 298.2381 346.4794 646.0110 446.4658 843.3615 493.0666 133.8877 521.6563 360.1917 839.9198 339.8729 326.8341 398.5556 720.7186 98.3757 255.9541 418.7795 299.7942 128.4678 567.1354 580.3917 24.5366 430.1959 177.8038 446.3832 423.6948 369.2360 230.6358
734.9637 707.5492 341.5832 390.4070 285.9824 443.3187 795.1979 283.9920 x 414.0871 640.2868 343.1479 409.3295 232.3224 781.8797 385.3650 846.7776 324.8710 887.9794 307.0607 360.7530 725.4218 24.0857 628.6675 562.4550 339.3971 622.6176 390.3673 244.8325 322.4051 107.3308 626.9286 242.1748 317.8023 468.7533 564.2788 308.4844 251.0254 167.1790 500.7156 224.6144 712.5321 434.6014 295.8047 226.7467 168.8153 426.8104 570.4040 406.8134 114.7370
726.8802 710.2909 496.6593 794.2790 311.9674 658.7692 875.2365 259.6689 414.0871 x 994.1117 186.8140 687.1501 490.7353 1024.2971 64.5310 1028.9895 736.1475 1037.7428 107.0391 434.5368 591.4232 413.1366 431.4903 893.8217 681.6577 1034.0642 368.0110 387.4132 721.6952 518.9855 1036.3091 283.8540 196.1908 657.8190 946.5021 355.8925 502.6477 580.3627 530.3666 200.2285 805.3470 807.3619 236.3842 624.1279 245.4852 701.4670 668.3002 628.3039 303.5048
769.3576 743.3084 546.1831 312.3694 707.0549 412.3469 659.5727 751.8591 640.2868 994.1117 x 977.3400 332.2161 505.4550 346.3299 989.3356 500.2589 497.9125 582.8180 898.3816 632.0799 929.0813 657.1948 950.8600 115.8637 313.4478 343.7070 1022.9496 618.1963 344.1984 546.0362 314.9835 882.3658 952.9261 444.5473 131.2343 677.6505 496.0116 507.9779 664.0946 798.2335 607.8559 208.9202 776.2229 421.7195 773.8413 324.5864 573.6075 421.5522 744.5667
858.2812 837.7038 554.2163 731.6782 387.0732 704.8217 982.4575 339.5410 343.1479 186.8140 977.3400 x 706.6377 504.0379 1069.9977 122.5788 1101.2107 634.3055 1123.1537 151.7146 516.2954 753.0560 331.5992 601.8393 890.5187 667.3760 954.6916 182.3537 431.3636 665.2752 448.4424 962.1148 126.7823 25.7123 714.8544 907.0976 433.7605 520.4109 503.8736 638.9122 218.8163 905.9257 775.1623 324.5038 569.8761 211.2966 723.0819 761.3060 669.9688 233.0017
501.2447 472.0262 214.3581 329.4461 384.4779 100.7016 465.6914 433.0546 409.3295 687.1501 332.2161 706.6377 x 202.9935 372.7272 693.2098 447.2513 461.5237 500.6356 601.3688 299.9803 619.3909 432.1479 622.4686 218.9600 125.9878 537.6171 794.9304 300.3656 283.9199 355.5214 521.1747 636.9928 684.8111 142.3911 343.4139 350.3927 187.7359 355.9242 344.1395 502.8994 389.1188 226.5102 457.5694 274.9201 495.3548 17.4895 292.2372 94.1930 486.1485
527.0295 498.0915 126.5526 368.6222 207.4953 213.4534 565.9604 247.9289 232.3224 490.7353 505.4550 504.0379 202.9935 x 568.5871 492.3356 618.8043 417.0696 656.6544 400.4014 185.6143 567.3671 256.4066 517.2237 403.0953 198.8053 613.8924 601.4394 116.9927 296.8271 223.2568 606.6987 440.5365 482.5673 236.6009 474.0738 189.4428 18.7909 257.3830 304.7863 301.0313 483.1937 334.2115 271.9672 222.5160 292.7664 219.1811 344.8114 176.7863 288.8044
543.0885 525.1429 527.8555 592.1796 712.3441 367.4746 376.1299 764.7421 781.8797 1024.2971 346.3299 1069.9977 372.7272 568.5871 x 1041.3452 159.0117 769.4683 243.8599 951.4059 594.0969 751.6041 804.5037 830.9775 298.9408 462.4669 688.3436 1167.1366 644.0344 586.2349 720.7865 660.3616 1008.0471 1049.5298 366.7726 464.8446 668.8796 551.1931 709.4185 547.9747 857.5819 358.5821 458.7075 787.9179 619.9618 859.6752 355.2884 409.0157 400.8698 856.5423
773.1920 755.1163 514.3570 772.8242 332.6147 674.0110 913.4252 280.4068 385.3650 64.5310 989.3356 122.5788 693.2098 492.3356 1041.3452 x 1055.3332 701.1990 1068.7312 91.9375 460.3579 648.1538 380.9933 490.9542 893.2524 675.8881 1007.9824 303.4801 398.1200 701.8457 492.3218 1012.0001 226.9243 133.6134 676.9828 933.7378 378.7694 506.0263 552.5166 567.3086 191.7927 840.9333 796.3451 259.5667 604.1622 221.5353 708.3897 700.5030 641.7157 271.2218
443.6663 432.4814 546.9971 718.1337 722.9285 405.3973 252.7655 774.9462 846.7776 1028.9895 500.2589 1101.2107 447.2513 618.8043 159.0117 1055.3332 x 885.6296 84.9033 969.5081 595.3014 666.7061 870.4982 772.1979 437.1914 558.8306 838.3001 1218.2485 670.0063 700.3546 802.4265 811.2527 1055.9696 1083.2030 387.8985 612.1344 676.5720 600.1687 801.8673 513.8694 883.1173 266.3010 585.0619 796.0133 716.9367 896.7630 430.4279 368.1661 442.0396 905.0627
931.0875 901.4715 540.9720 186.3834 576.3979 548.3230 925.8823 590.6247 324.8710 736.1475 497.9125 634.3055 461.5237 417.0696 769.4683 701.1990 885.6296 x 950.4371 629.3648 600.6366 983.7322 323.1819 918.3923 478.7014 336.2733 330.7339 606.1638 503.7705 185.2756 230.7427 344.7116 511.2436 608.8842 588.3422 376.9545 581.5044 427.7028 172.2936 720.1391 549.3948 847.1833 313.4097 607.2200 200.2393 492.6431 474.7689 730.8385 521.4661 432.6641
402.8999 396.8616 571.7361 788.3154 738.9439 444.8559 204.3262 789.8314 887.9794 1037.7428 582.8180 1123.1537 500.6356 656.6544 243.8599 1068.7312 84.9033 950.4371 x 985.8964 609.4118 629.6454 911.9677 749.0726 514.5619 618.4226 918.5017 1249.5319 694.9374 765.6016 852.0543 891.9226 1086.7854 1106.5556 420.5923 691.7365 692.0373 637.8641 856.4961 511.4286 904.3376 242.8789 656.4846 809.4541 774.5109 923.6826 484.6537 369.4928 481.2269 937.6053
707.4854 687.4373 425.6383 688.9818 247.0955 583.9343 837.1810 196.1697 307.0607 107.0391 898.3816 151.7146 601.3688 400.4014 951.4059 91.9375 969.5081 629.3648 985.8964 x 376.4850 603.4948 306.2434 456.6945 801.5701 584.9899 927.6313 325.6563 307.5110 616.9162 412.2078 930.2825 203.9267 146.1917 588.3305 845.3054 293.9192 414.1078 473.4790 491.7933 100.2076 762.4479 707.1308 177.9277 519.2063 138.5969 616.6123 619.7007 551.1637 196.9066
376.5406 350.2444 86.1928 549.2509 129.7204 238.7601 468.6680 180.4795 360.7530 434.5368 632.0799 516.2954 299.9803 185.6143 594.0969 460.3579 595.3014 600.6366 609.4118 376.4850 x 383.1856 382.5280 336.9451 518.7675 358.3023 790.6750 657.6423 116.1694 479.5612 391.2495 780.9137 497.4208 501.4220 228.3541 628.7852 82.7788 179.0558 435.3822 141.0139 298.5216 390.3462 494.5211 200.8188 408.1036 329.1353 308.9500 245.0581 216.5195 361.0590
226.9396 234.3493 448.5341 919.3526 441.8387 523.3454 425.7445 459.9310 725.4218 591.4232 929.0813 753.0560 619.3909 567.3671 751.6041 648.1538 666.7061 983.7322 629.6454 603.4948 383.1856 x 744.2123 166.9947 814.2850 715.0747 1150.8768 928.7915 488.2642 853.8193 771.5535 1137.0533 789.9638 749.6633 486.6680 962.2918 417.3213 558.4937 818.1018 277.4934 579.7726 401.5822 842.1928 460.4736 789.3830 636.6115 619.9441 360.3044 525.6771 690.2837
757.4319 730.1518 365.1470 400.1357 303.4628 467.2609 819.0984 298.2381 24.0857 413.1366 657.1948 331.5992 432.1479 256.4066 804.5037 380.9933 870.4982 323.1819 911.9677 306.2434 382.5280 744.2123 x 644.1340 581.6304 359.3094 628.1811 370.0965 266.4160 334.0731 116.9022 633.6156 225.5601 306.0261 492.8219 577.9605 328.0049 275.1071 173.3887 522.8449 229.3161 736.4491 450.4135 308.5792 240.1673 169.8117 449.6358 594.1365 430.7765 110.0837
361.3317 357.8445 419.4084 884.9458 345.3430 539.1645 551.6722 346.4794 628.6675 431.4903 950.8600 601.8393 622.4686 517.2237 830.9775 490.9542 772.1979 918.3923 749.0726 456.6945 336.9451 166.9947 644.1340 x 835.1565 694.6147 1127.5322 781.5204 415.2821 813.9561 693.3539 1117.8476 653.0229 601.2579 510.9362 961.3912 337.0588 513.6105 746.9937 292.3333 450.8169 508.2482 829.8939 339.7337 736.1153 512.9393 627.6476 422.0577 530.0028 572.8812
660.3012 633.5146 433.3085 296.1621 599.4719 296.4872 564.1492 646.0110 562.4550 893.8217 115.8637 890.5187 218.9600 403.0953 298.9408 893.2524 437.1914 478.7014 514.5619 801.5701 518.7675 814.2850 581.6304 835.1565 x 223.9440 406.8133 951.4507 512.1425 302.2484 477.7513 381.9472 803.6033 866.8658 328.9316 180.2758 567.8246 391.8093 449.9548 548.2656 701.4664 505.9941 165.3830 670.5142 359.2987 682.7278 210.1018 460.8533 306.3656 659.8167
618.3112 588.7428 275.4799 209.5364 405.9894 219.9421 591.6680 446.4658 339.3971 681.6577 313.4478 667.3760 125.9878 198.8053 462.4669 675.8881 558.8306 336.2733 618.4226 584.9899 358.3023 715.0747 359.3094 694.6147 223.9440 x 436.5055 729.3976 315.4685 158.2566 261.7793 424.5001 579.8597 643.4971 261.7685 275.8024 383.9687 193.3972 247.0399 437.7668 484.8822 514.7317 137.2515 470.3209 158.7616 461.2698 138.5551 410.6694 200.3479 436.0317
1036.2100 1007.4507 710.5794 247.4171 813.9266 638.0907 965.7101 843.3615 622.6176 1034.0642 343.7070 954.6916 537.6171 613.8924 688.3436 1007.9824 838.3001 330.7339 918.5017 927.6313 790.6750 1150.8768 628.1811 1127.5322 406.8133 436.5055 x 936.8654 726.6437 321.7450 515.8522 30.6731 835.4378 929.0026 679.1985 227.0560 802.7262 615.1463 455.4970 873.3839 836.6753 901.1996 311.1121 864.5015 415.0241 789.1767 541.1752 827.7195 628.2335 737.0100
1018.0818 995.5272 678.7069 742.4296 533.9125 813.5365 1125.8935 493.0666 390.3673 368.0110 1022.9496 182.3537 794.9304 601.4394 1167.1366 303.4801 1218.2485 606.1638 1249.5319 325.6563 657.6423 928.7915 370.0965 781.5204 951.4507 729.3976 936.8654 x 556.7185 686.8274 476.9561 949.8152 162.7511 180.2716 831.0325 933.3568 578.2440 619.7031 518.5202 790.2256 364.7118 1046.2899 814.3502 482.9569 601.3856 329.0448 812.2562 899.9953 777.1145 313.2344
492.2192 465.5205 123.3807 479.7985 90.5384 276.5926 572.0332 133.8877 244.8325 387.4132 618.1963 431.3636 300.3656 116.9927 644.0344 398.1200 670.0063 503.7705 694.9374 307.5110 116.1694 488.2642 266.4160 415.2821 512.1425 315.4685 726.6437 556.7185 x 406.3696 283.7877 720.7426 394.3564 413.2057 283.6625 590.9960 78.4644 122.8739 333.5574 256.9245 214.4978 491.1318 451.2016 158.3762 322.4928 228.8735 314.2862 344.9479 243.6661 250.8128
772.8642 743.1943 405.5930 74.4688 492.6107 377.5144 749.4795 521.6563 322.4051 721.6952 344.1984 665.2752 283.9199 296.8271 586.2349 701.8457 700.3546 185.2756 765.6016 616.9162 479.5612 853.8193 334.0731 813.9561 302.2484 158.2566 321.7450 686.8274 406.3696 x 217.2640 318.8257 557.3130 639.8051 419.0521 246.6522 483.4771 300.7542 168.3471 579.5792 522.0027 672.9369 139.5443 542.9427 97.7389 480.3826 295.5032 566.7545 355.3922 435.8526
749.8025 721.0172 348.5108 283.5494 348.7478 411.4106 782.9410 360.1917 107.3308 518.9855 546.0362 448.4424 355.5214 223.2568 720.7865 492.3218 802.4265 230.7427 852.0543 412.2078 391.2495 771.5535 116.9022 693.3539 477.7513 261.7793 515.8522 476.9561 283.7877 217.2640 x 519.7279 340.6370 422.8939 443.9481 462.0421 358.8954 239.2491 61.8302 523.2273 324.5739 700.5258 337.6839 376.4970 125.1113 273.6173 372.6362 566.2851 376.9345 222.0655
1017.7165 989.1449 699.6434 244.4404 808.9052 621.2462 942.9846 839.9198 626.9286 1036.3091 314.9835 962.1148 521.1747 606.6987 660.3616 1012.0001 811.2527 344.7116 891.9226 930.2825 780.9137 1137.0533 633.6156 1117.8476 381.9472 424.5001 30.6731 949.8152 720.7426 318.8257 519.7279 x 844.3439 936.4042 661.9727 201.6924 796.0088 607.0394 460.3267 859.6542 837.9219 879.6862 295.2489 861.4920 414.2256 792.1395 523.9024 809.7030 612.8725 741.6036
863.1917 839.6583 516.0405 620.0623 376.7148 651.6943 964.7546 339.8729 242.1748 283.8540 882.3658 126.7823 636.9928 440.5365 1008.0471 226.9243 1055.9696 511.2436 1086.7854 203.9267 497.4208 789.9638 225.5601 653.0229 803.6033 579.8597 835.4378 162.7511 394.3564 557.3130 340.6370 844.3439 x 103.1731 668.5151 802.6787 419.6028 458.5815 391.3377 632.3920 212.3996 884.6910 675.9603 333.1335 465.2563 168.3301 654.1641 738.3605 615.3907 151.7326
848.5980 827.4269 536.4048 706.0653 372.8981 685.1873 968.8390 326.8341 317.8023 196.1908 952.9261 25.7123 684.8111 482.5673 1049.5298 133.6134 1083.2030 608.8842 1106.5556 146.1917 501.4220 749.6633 306.0261 601.2579 866.8658 643.4971 929.0026 180.2716 413.2057 639.8051 422.8939 936.4042 103.1731 x 696.2183 881.8980 419.2592 499.1972 478.1980 626.6256 202.9639 891.6009 750.3061 313.1850 544.5482 189.9534 701.3679 746.4552 650.0675 208.3831
358.9065 329.6502 162.7063 469.8687 346.0504 42.0623 341.5224 398.5556 468.7533 657.8190 444.5473 714.8544 142.3911 236.6009 366.7726 676.9828 387.8985 588.3422 420.5923 588.3305 228.3541 486.6680 492.8219 510.9362 328.9316 261.7685 679.1985 831.0325 283.6625 419.0521 443.9481 661.9727 668.5151 696.2183 x 478.0064 302.1469 217.8323 460.3163 220.3259 498.0009 260.4956 368.3248 421.4627 391.8600 508.9767 138.0824 149.9732 68.1746 518.1614
826.9546 799.0558 543.4534 197.2805 681.5327 439.4241 742.8002 720.7186 564.2788 946.5021 131.2343 907.0976 343.4139 474.0738 464.8446 933.7378 612.1344 376.9545 691.7365 845.3054 628.7852 962.2918 577.9605 961.3912 180.2758 275.8024 227.0560 933.3568 590.9960 246.6522 462.0421 201.6924 802.6787 881.8980 478.0064 x 659.5791 469.1984 414.9832 687.5476 746.7405 681.6288 140.4116 744.2359 337.8223 713.1955 342.3610 621.4559 437.5841 675.0772
445.8643 421.2536 143.2362 x 46.9452 305.8394 549.8514 98.3757 308.4844 355.8925 677.6505 433.7605 350.3927 189.4428 668.8796 378.7694 676.5720 581.5044 692.0373 293.9192 82.7788 417.3213 328.0049 337.0588 567.8246 383.9687 802.7262 578.2440 78.4644 483.4771 358.8954 796.0088 419.6028 419.2592 302.1469 659.5791 x 191.1227 410.5983 212.8653 216.6304 472.3512 520.9845 119.9662 400.8253 251.5336 362.1196 327.5622 278.2009 289.9529
512.2323 483.1501 113.5838 371.3386 213.0875 194.7866 548.0037 255.9541 251.0254 502.6477 496.0116 520.4109 187.7359 18.7909 551.1931 506.0263 600.1687 427.7028 637.8641 414.1078 179.0558 558.4937 275.1071 513.6105 391.8093 193.3972 615.1463 619.7031 122.8739 300.7542 239.2491 607.0394 458.5815 499.1972 217.8323 469.1984 191.1227 x 270.9379 292.6974 315.2589 465.2502 330.0563 280.2585 230.9381 309.2714 203.5522 327.6812 158.1307 306.8701
782.7915 753.5673 383.8801 228.7581 404.1873 424.4148 801.7508 418.7795 167.1790 580.3627 507.9779 503.8736 355.9242 257.3830 709.4185 552.5166 801.8673 172.2936 856.4961 473.4790 435.3822 818.1018 173.3887 746.9937 449.9548 247.0399 455.4970 518.5202 333.5574 168.3471 61.8302 460.3267 391.3377 478.1980 460.3163 414.9832 410.5983 270.9379 x 561.9335 386.4007 720.1880 299.2701 435.9188 91.0848 334.8941 372.1827 591.7113 392.2000 281.5271
235.5523 209.5621 179.1913 643.3314 256.3138 252.2098 346.1362 299.7942 500.7156 530.3666 664.0946 638.9122 344.1395 304.7863 547.9747 567.3086 513.8694 720.1391 511.4286 491.7933 141.0139 277.4934 522.8449 292.3333 548.2656 437.7668 873.3839 790.2256 256.9245 579.5792 523.2273 859.6542 632.3920 626.6256 220.3259 687.5476 212.8653 292.6974 561.9335 x 426.3886 275.0492 564.9999 314.6022 521.7038 464.3978 346.2157 145.7923 249.9647 500.5176
653.4406 630.8189 336.3009 594.9984 170.7326 490.5212 766.4753 128.4678 224.6144 200.2285 798.2335 218.8163 502.8994 301.0313 857.5819 191.7927 883.1173 549.3948 904.3376 100.2076 298.5216 579.7726 229.3161 450.8169 701.4664 484.8822 836.6753 364.7118 214.4978 522.0027 324.5739 837.9219 212.3996 202.9639 498.0009 746.7405 216.6304 315.2589 386.4007 426.3886 x 688.8109 608.0323 120.7679 424.6382 65.2570 518.4307 543.5171 456.7171 130.5529
184.6914 168.7909 373.9140 716.3450 518.8808 299.1326 82.7704 567.1354 712.5321 805.3470 607.8559 905.9257 389.1188 483.1937 358.5821 840.9333 266.3010 847.1833 242.8789 762.4479 390.3462 401.5822 736.4491 508.2482 505.9941 514.7317 901.1996 1046.2899 491.1318 672.9369 700.5258 879.6862 884.6910 891.6009 260.4956 681.6288 472.3512 465.2502 720.1880 275.0492 688.8109 x 599.7870 584.5264 652.1189 717.2480 378.5650 146.3307 328.6066 741.5244
726.2724 697.3027 410.5114 133.7581 541.7018 327.0496 669.7123 580.3917 434.6014 807.3619 208.9202 775.1623 226.5102 334.2115 458.7075 796.3451 585.0619 313.4097 656.4846 707.1308 494.5211 842.1928 450.4135 829.8939 165.3830 137.2515 311.1121 814.3502 451.2016 139.5443 337.6839 295.2489 675.9603 750.3061 368.3248 140.4116 520.9845 330.0563 299.2701 564.9999 608.0323 599.7870 x 603.8647 212.9689 576.8803 230.5232 517.4048 317.6269 542.2402
535.9649 514.3674 260.4384 617.4074 75.6738 422.8761 659.4105 24.5366 295.8047 236.3842 776.2229 324.5038 457.5694 271.9672 787.9179 259.5667 796.0133 607.2200 809.4541 177.9277 200.8188 460.4736 308.5792 339.7337 670.5142 470.3209 864.5015 482.9569 158.3762 542.9427 376.4970 861.4920 333.1335 313.1850 421.4627 744.2359 119.9662 280.2585 435.9188 314.6022 120.7679 584.5264 603.8647 x 450.5945 176.3625 470.8643 442.1378 393.2338 233.5230
730.8729 701.2664 342.9707 170.4114 404.9527 353.1810 732.2453 430.1959 226.7467 624.1279 421.7195 569.8761 274.9201 222.5160 619.9618 604.1622 716.9367 200.2393 774.5109 519.2063 408.1036 789.3830 240.1673 736.1153 359.2987 158.7616 415.0241 601.3856 322.4928 97.7389 125.1113 414.2256 465.2563 544.5482 391.8600 337.8223 400.8253 230.9381 91.0848 521.7038 424.6382 652.1189 212.9689 450.5945 x 382.6722 290.2311 531.6306 324.1265 339.1283
696.3108 672.3088 351.9474 551.7040 209.6433 496.1960 796.9197 177.8038 168.8153 245.4852 773.8413 211.2966 495.3548 292.7664 859.6752 221.5353 896.7630 492.6431 923.6826 138.5969 329.1353 636.6115 169.8117 512.9393 682.7278 461.2698 789.1767 329.0448 228.8735 480.3826 273.6173 792.1395 168.3301 189.9534 508.9767 713.1955 251.5336 309.2714 334.8941 464.3978 65.2570 717.2480 576.8803 176.3625 382.6722 x 511.7856 570.9625 460.7673 65.6939
495.8202 466.8017 224.0352 338.2996 397.2641 97.6390 454.0863 446.3832 426.8104 701.4670 324.5864 723.0819 17.4895 219.1811 355.2884 708.3897 430.4279 474.7689 484.6537 616.6123 308.9500 619.9441 449.6358 627.6476 210.1018 138.5551 541.1752 812.2562 314.2862 295.5032 372.6362 523.9024 654.1641 701.3679 138.0824 342.3610 362.1196 203.5522 372.1827 346.2157 518.4307 378.5650 230.5232 470.8643 290.2311 511.7856 x 286.8926 97.6799 503.2195
209.0257 179.9148 229.5241 619.4765 374.3565 191.9894 227.2121 423.6948 570.4040 668.3002 573.6075 761.3060 292.2372 344.8114 409.0157 700.5030 368.1661 730.8385 369.4928 619.7007 245.0581 360.3044 594.1365 422.0577 460.8533 410.6694 827.7195 899.9953 344.9479 566.7545 566.2851 809.7030 738.3605 746.4552 149.9732 621.4559 327.5622 327.6812 591.7113 145.7923 543.5171 146.3307 517.4048 442.1378 531.6306 570.9625 286.8926 x 211.4089 595.5392
418.0715 388.4715 135.3704 409.8445 317.8396 36.6741 409.6950 369.2360 406.8134 628.3039 421.5522 669.9688 94.1930 176.7863 400.8698 641.7157 442.0396 521.4661 481.2269 551.1637 216.5195 525.6771 430.7765 530.0028 306.3656 200.3479 628.2335 777.1145 243.6661 355.3922 376.9345 612.8725 615.3907 650.0675 68.1746 437.5841 278.2009 158.1307 392.2000 249.9647 456.7171 328.6066 317.6269 393.2338 324.1265 460.7673 97.6799 211.4089 x 463.9309
735.2358 709.9764 369.2412 504.7922 253.2785 500.3207 822.7191 230.6358 114.7370 303.5048 744.5667 233.0017 486.1485 288.8044 856.5423 271.2218 905.0627 432.6641 937.6053 196.9066 361.0590 690.2837 110.0837 572.8812 659.8167 436.0317 737.0100 313.2344 250.8128 435.8526 222.0655 741.6036 151.7326 208.3831 518.1614 675.0772 289.9529 306.8701 281.5271 500.5176 130.5529 741.5244 542.2402 233.5230 339.1283 65.6939 503.2195 595.5392 463.9309 x
