100
50
1 2 3 4 5 6 7 8 9 10 11 12 13 14 15 16 17 18 19 20 21 22 23 24 25 26 27 28 29 30 31 32 33 34 35 36 37 38 39 40 41 42 43 44 45 46 47 48 49 50 51 52 53 54 55 56 57 58 59 60 61 62 63 64 65 66 67 68 69 70 71 72 73 74 75 76 77 78 79 80 81 82 83 84 85 86 87 88 89 90 91 92 93 94 95 96 97 98 99 100
39 91 52 84 21 63 34 38 50 87 69 58 41 89 27 2 59 1 46 92 26 47 80 24 77 57 51 35 70 18 68 17 82 54 71 40 10 56 66 78 95 44 61 33 5 7 53 19 31 29
45
x 254.0648 611.8606 413.0109 404.4135 1028.7639 516.9299 875.1518 896.7619 250.2196 604.8111 285.8994 872.4802 820.7274 874.1188 1167.9006 843.2240 843.9408 452.3371 1203.2902 613.7906 712.7391 113.1628 725.5746 201.8780 611.0234 392.2286 804.5966 823.6344 428.2544 973.7625 663.0104 830.5410 935.1974 446.2252 47.6264 859.5073 452.6165 525.6293 406.6988 258.7235 161.8407 865.2228 619.5708 82.2485 161.4309 556.7480 766.8427 364.8598 441.1606 416.8140 1070.3182 513.4125 544.6327 879.1890 991.0553 598.2307 37.2034 767.8300 517.1383 826.2372 1167.6095 288.8881 17.5105 852.8309 474.6663 493.8443 882.2703 691.8811 281.0807 648.4739 913.8474 641.8148 523.2575 40.1425 894.1219 229.8246 495.5084 397.3412 943.6624 813.2110 720.7509 728.9888 628.0224 865.5344 708.6930 462.0964 663.5932 546.5123 569.3412 247.2643 1001.1340 735.1825 952.0031 885.1802 391.5693 364.2121 1024.8862 790.1909 667.6173
254.0648 x 403.7773 355.7428 232.2575 841.2325 430.6158 906.4999 649.7513 410.0028 636.0830 80.0855 635.2534 619.1987 892.8785 1016.2209 589.4314 622.7654 549.8271 1053.5915 690.9662 782.6625 271.0183 649.2109 321.5823 522.9060 145.5382 622.0417 801.1300 210.8375 895.2854 518.4713 906.2810 887.6894 561.4699 238.5571 608.1369 405.6779 279.4913 154.8255 4.7538 187.5684 782.1162 684.2370 303.7832 218.5534 373.1970 523.3713 482.2838 412.7044 222.6061 948.2059 497.2549 354.0173 855.6016 894.7653 658.0863 243.9975 567.3705 565.7463 879.1344 1031.2899 158.0367 250.6026 831.1983 510.7046 486.5386 833.2750 687.6873 36.5227 414.4882 895.4750 502.2056 277.5115 275.5660 781.7986 216.6788 480.9843 413.8647 748.0051 894.0454 500.1250 688.4752 485.3422 612.6000 519.1241 302.6304 593.5212 396.4990 343.2066 219.0316 825.6622 525.3811 768.5618 727.2816 270.9149 284.7657 927.1795 536.2918 525.3824
611.8606 403.7773 x 336.9093 211.2607 439.0356 294.3836 792.4634 351.4951 625.1589 587.4611 337.0830 288.4421 215.4250 761.1809 633.6451 434.5591 234.2720 630.3036 671.7006 695.9759 753.7951 561.3696 418.3336 545.1690 322.2490 273.4773 227.6007 621.0673 193.1328 611.8463 208.2634 862.9531 652.4610 662.2378 575.2845 357.1472 357.6290 189.2159 343.6593 399.7869 463.1546 508.4929 672.0081 682.7105 480.8379 84.4716 226.2781 616.4097 388.0767 195.0900 599.8987 435.5717 78.8514 663.2711 585.4398 646.2867 617.9288 163.7624 569.9754 804.0988 662.7175 325.5760 600.5647 646.5023 521.3071 444.9628 604.6146 565.9401 367.2575 109.4398 704.6035 210.0676 187.9360 614.0024 463.0607 416.2481 431.3892 453.9619 344.4115 860.8985 115.0350 506.7199 195.8041 384.5781 125.0932 175.9236 393.3020 161.3250 82.9285 399.7685 429.6507 123.6879 368.9242 352.0749 258.9276 314.4476 612.5434 392.8827 216.9010
413.0109 355.7428 336.9093 x 189.5186 661.7698 106.1774 557.3517 687.7699 316.4931 297.8160 283.0008 623.4241 490.7000 540.2759 765.8823 737.9581 551.7808 294.3838 799.7810 383.0947 459.8788 316.6894 314.6415 258.9678 198.1468 344.2310 446.7077 446.0342 274.9500 564.5182 277.2423 580.5791 539.7294 325.4508 365.7842 685.9774 49.9605 398.7326 431.2108 355.3547 256.3187 454.0222 366.0139 495.2480 251.5846 253.1670 558.9224 282.4508 64.5650 227.7558 658.7289 145.2851 259.6673 500.9319 578.4319 338.8115 437.4099 442.8458 250.6202 540.2448 758.9848 197.9130 396.3757 476.1466 195.8851 140.0596 485.3833 333.0647 334.2437 430.6864 540.3275 253.9720 395.5612 394.3438 481.9329 185.9384 131.1077 117.1787 592.7358 572.6935 447.1476 335.9271 245.1468 708.8829 374.3151 169.7057 253.5579 192.2025 354.5155 170.3464 621.7500 433.8642 583.9776 494.7741 109.9417 71.3834 612.2174 688.5187 279.1473
404.4135 232.2575 211.2607 189.5186 x 627.2450 221.4876 736.2427 537.3000 423.8988 485.6631 153.1037 490.8922 416.3279 714.7937 787.3862 557.6762 445.5302 469.8000 824.4136 572.1105 649.1557 350.1685 429.7484 339.2646 304.1868 164.3679 403.6367 601.9857 85.4329 669.8957 286.3278 769.2065 673.4878 495.6814 365.7836 521.9879 232.4392 211.6032 255.2810 229.6311 252.1212 556.9777 555.5228 478.6951 269.6512 152.9714 403.9309 435.8319 253.8232 38.3807 715.9517 329.3537 140.2823 653.8004 665.2059 528.3148 413.9236 363.4407 439.4536 725.7905 799.8465 115.6789 392.1370 631.3352 383.9023 327.8927 619.7704 506.2894 199.0232 274.1081 695.1297 269.9680 208.3989 404.0102 550.4716 206.5438 317.4919 295.6508 539.8506 761.8292 324.7607 484.6727 253.0850 540.1948 305.0316 70.4154 379.4177 164.2416 190.9905 190.8883 604.5447 332.7308 551.6036 498.7628 79.9177 133.4345 697.1692 506.5816 293.1606
1028.7639 841.2325 439.0356 661.7698 627.2450 x 564.2104 838.2182 450.7069 978.0398 766.8376 770.5030 359.2077 227.1310 794.7300 248.1320 658.0702 274.4629 900.0673 282.1299 888.4460 899.8013 957.8552 483.9245 916.9228 504.9096 712.0663 224.1691 642.2819 630.5605 475.9493 384.7273 968.8663 581.8689 938.2227 987.1396 521.2201 649.9844 609.3364 776.0485 837.4108 869.8889 444.7053 856.0978 1105.2127 880.0836 474.4908 450.0188 925.1672 678.9357 623.3964 325.7001 672.0870 490.1449 651.3415 410.0952 838.5724 1040.6329 275.8892 801.0966 890.3692 313.0903 741.0322 1015.2636 651.3515 775.4263 692.8634 564.2394 680.8202 804.7616 468.9786 679.9388 408.0689 609.2148 1023.4133 340.7521 809.6406 679.9724 755.8344 99.3826 977.5853 365.7543 580.5986 416.7426 558.2289 323.2970 566.6676 517.8556 486.1597 511.3408 791.6361 66.0874 324.6478 77.9585 189.0854 640.6802 680.4830 413.6443 649.0414 383.4776
516.9299 430.6158 294.3836 106.1774 221.4876 564.2104 x 521.5613 641.8538 415.7562 293.9274 352.2805 566.9636 410.1378 497.0972 659.8917 721.7577 483.1419 353.7070 693.6699 401.8787 460.8599 422.6878 219.8307 364.0560 95.8641 385.8132 356.4893 380.5114 299.5055 469.0181 180.8554 573.5301 457.4486 389.5386 470.0513 651.5290 85.8378 405.4883 476.7682 429.3217 357.7561 356.6621 377.6247 599.0272 355.6998 212.1747 520.4392 363.7105 115.7071 254.1999 553.5489 141.6201 227.7328 432.6015 477.5888 351.9494 539.8185 366.7536 278.5871 520.5068 652.9638 275.5370 500.5670 409.9135 234.6204 153.3022 403.1376 290.1400 403.5350 399.9998 473.8071 157.6946 402.5546 499.6614 377.1925 287.7614 139.3319 192.6398 501.3688 569.8483 392.4335 263.4536 152.8788 678.6088 298.5587 168.2413 162.9059 133.1864 335.8288 271.0293 520.9187 368.5510 487.0140 391.7719 160.1011 157.3409 511.1661 675.9201 181.1140
875.1518 906.4999 792.4634 557.3517 736.2427 838.2182 521.5613 x 1107.9881 645.5290 274.3579 838.4876 1016.4379 812.6582 44.7841 761.9049 1226.8472 911.0190 435.2407 775.4286 279.6222 192.2206 762.1411 391.6574 673.2741 470.3559 898.4740 732.8577 197.0189 818.6015 398.6169 599.4399 158.7897 280.5899 456.1559 831.5357 1136.5438 508.6258 926.7148 987.3405 906.8082 761.2727 393.8598 262.6768 947.9290 740.3784 720.2904 1006.0601 523.7417 495.7180 771.9370 595.0097 412.1240 740.2554 191.5608 467.3921 279.7241 910.0033 792.7282 358.4336 84.2691 701.3801 751.8576 858.0465 187.2546 405.7501 420.4400 278.6089 231.4280 888.8896 901.8965 176.2950 589.2919 923.8208 840.5397 498.2017 702.2287 427.1704 497.6645 834.3996 178.1123 862.9829 290.7532 600.3917 1168.5271 740.4871 689.5956 400.6101 639.8280 849.8325 694.1128 772.9828 821.5315 785.1268 660.6249 662.0877 628.0128 485.6183 1185.0679 592.2181
896.7619 649.7513 351.4951 687.7699 537.3000 450.7069 641.8538 1107.9881 x 961.1723 930.4754 611.9837 99.7688 310.9412 1071.6294 698.8150 214.1933 210.1326 981.6715 732.6404 1043.2257 1094.4024 873.6023 717.0876 875.4146 650.8661 505.6000 391.3333 920.5932 479.0840 841.0764 510.3086 1197.0816 916.2064 1013.2174 869.8664 77.8895 708.9432 371.3685 518.4600 645.0115 771.7500 762.5125 1017.6814 953.3527 795.5522 435.9399 133.5968 964.4690 739.5226 507.5119 748.6331 783.4314 428.1224 952.5534 791.4142 992.7095 892.1497 317.6487 919.7786 1131.9070 760.5115 637.0400 889.5516 941.3565 872.2582 794.4007 878.3029 893.0838 618.0784 263.2807 991.0251 523.4743 373.6486 909.4135 681.1769 740.2515 780.6150 804.9435 368.8870 1197.4587 250.9502 817.2939 515.5026 111.0487 367.8168 521.9112 710.8669 509.3423 346.3266 726.0507 490.7795 286.8814 430.4884 510.9809 601.3651 658.7612 807.8764 220.7229 516.9857
250.2196 410.0028 625.1589 316.4931 423.8988 978.0398 415.7562 645.5290 961.1723 x 388.6257 390.0268 911.9796 802.6551 650.8052 1067.6545 961.7057 854.2902 211.2738 1099.5059 372.8834 471.4883 152.1942 581.0088 91.2890 492.5266 502.1393 762.7371 628.0042 488.5465 812.7818 593.3243 585.3675 751.7141 198.7400 217.7926 942.9220 331.4419 614.2988 555.7769 413.2668 223.3653 714.6697 383.7287 310.5333 192.4472 548.3289 827.7260 122.0124 305.8011 454.5100 943.8507 347.2647 546.8370 681.3689 844.5268 365.8634 287.4181 752.8314 298.4313 588.5708 1051.1120 332.3018 235.5755 654.9988 271.7996 324.0658 702.6872 492.3847 417.7165 698.0061 710.9764 569.9923 611.2565 210.7814 768.2774 225.6083 331.8407 233.6620 908.7437 566.9899 740.0753 553.7149 561.6097 958.2816 685.3382 449.7476 520.6089 502.9884 614.8459 237.3718 936.5351 736.5393 900.3267 807.3801 366.3442 312.5896 877.9131 908.5338 594.8198
604.8111 636.0830 587.4611 297.8160 485.6631 766.8376 293.9274 274.3579 930.4754 388.6257 x 571.4504 849.8075 669.6956 269.4765 775.8955 1015.2649 756.3484 193.6071 800.9023 121.9995 167.0869 491.6660 286.0226 403.5816 285.7675 641.8646 599.9444 246.2372 570.7545 458.7699 431.9171 283.7982 376.2102 226.7959 560.1010 944.2309 253.2963 689.6198 727.7900 636.6852 486.9152 383.7331 90.9177 680.0727 466.2395 506.0473 812.7027 271.9688 233.4302 523.3433 625.3257 157.7963 521.4632 296.5559 506.6824 71.7827 638.8285 635.4140 90.2803 243.9698 738.6637 484.5317 587.5006 270.7423 131.6314 157.9159 333.5044 115.5734 620.7374 693.8786 323.4062 413.9177 686.5307 571.7434 468.3279 428.4621 168.2410 223.9547 731.0380 277.7560 679.5605 207.8507 418.4553 972.0242 571.6176 451.3564 249.9682 426.2170 628.6006 421.0072 709.0830 648.8404 697.6554 577.8161 407.1905 365.2825 537.1374 968.7607 427.4323
285.8994 80.0855 337.0830 283.0008 153.1037 770.5030 352.2805 838.4876 611.9837 390.0268 571.4504 x 586.8612 551.6655 822.8779 939.3924 577.8576 563.6181 503.1225 976.5900 635.1992 723.6569 269.9567 570.0850 298.7837 443.6737 114.6947 549.1796 726.0265 145.6881 815.5285 439.4062 847.0386 809.7055 519.2590 257.9937 578.4667 332.8523 242.3899 170.3976 78.0470 171.1863 702.3522 625.7105 349.5893 200.2915 298.4358 481.2321 444.2497 342.8412 147.5581 868.7411 426.9777 280.7502 780.0546 814.6825 599.0109 285.6524 499.1758 506.4313 815.3725 952.8903 86.9271 277.8278 756.0126 450.3382 418.1253 755.3591 616.0599 51.6102 363.0203 820.3177 422.7400 239.8007 297.4905 701.8187 173.0428 411.4228 353.3207 679.1854 836.0836 440.1275 612.1202 405.9972 587.6033 447.3251 223.2573 515.0968 317.1795 285.5065 169.3186 752.1503 460.4065 696.5780 650.5006 192.2055 211.6225 847.0945 524.3364 446.1788
872.4802 635.2534 288.4421 623.4241 490.8922 359.2077 566.9636 1016.4379 99.7688 911.9796 849.8075 586.8612 x 212.2184 979.1379 606.3502 298.8627 110.8186 914.3932 641.1295 965.3103 1011.5385 837.3724 624.8314 829.7064 566.5156 489.8121 293.2108 826.8479 445.3730 741.6930 422.7847 1110.7973 818.3834 947.5558 841.4085 162.5529 639.4338 357.6233 520.0050 630.6257 736.3570 664.6853 938.4803 935.1061 757.5745 370.5140 120.9043 904.3953 670.6527 465.9008 649.9314 707.5309 367.2813 857.1572 691.6711 914.2460 871.9548 223.7404 845.4837 1043.5757 665.3938 598.7156 863.5661 846.7821 800.5363 720.2656 781.5034 805.7451 601.1188 224.0439 895.1058 437.9034 359.2157 880.9443 581.9192 697.2724 706.2904 739.8141 272.5410 1112.2112 176.3917 726.2925 431.7198 199.9732 279.9256 464.1454 622.5401 437.1994 305.0726 681.7801 394.9333 200.9922 333.1034 411.2216 546.6088 602.6938 708.1220 292.4237 428.8597
820.7274 619.1987 215.4250 490.7000 416.3279 227.1310 410.1378 812.6582 310.9412 802.6551 669.6956 551.6655 212.2184 x 773.8588 446.0004 486.1178 101.6243 763.5324 483.6088 789.6088 824.7217 760.4147 422.0440 731.4056 384.3573 486.4356 81.4571 619.9459 408.5251 530.4729 238.8995 916.3874 606.3288 799.6403 781.7514 361.4546 492.6378 382.4494 548.9269 615.1992 666.4378 452.6710 760.3222 894.0827 680.5270 265.0545 255.1942 770.3411 523.9404 406.7909 454.6777 541.9122 276.1024 647.6185 482.9441 738.0627 829.2228 52.9130 680.0195 845.5796 490.4009 531.9606 808.4256 638.4782 642.2006 558.5519 570.3099 611.5216 582.6800 244.4764 684.8185 259.0663 382.2630 819.5493 370.4289 612.1118 544.5834 599.3244 129.7458 919.8210 141.5179 525.1429 259.0137 398.5533 117.3712 363.8087 428.7713 299.8309 284.4920 594.5630 230.4806 97.5182 164.9218 204.5540 444.4797 492.3640 501.5418 464.1913 242.6490
874.1188 892.8785 761.1809 540.2759 714.7937 794.7300 497.0972 44.7841 1071.6294 650.8052 269.4765 822.8779 979.1379 773.8588 x 717.2119 1194.9286 872.8793 442.9339 730.9224 294.0417 215.6471 760.9566 354.5538 672.6004 440.0780 878.1305 693.6148 155.2653 795.8898 354.0034 564.8316 200.4893 236.1262 466.9000 829.5587 1101.9690 490.8324 900.7605 967.7862 892.9618 754.1134 350.1232 272.8425 948.6917 734.6151 691.0355 972.0386 529.9324 480.3933 749.6965 550.3558 395.9748 711.6425 146.8231 422.6606 286.2892 908.2732 755.4128 357.3890 121.8278 657.0293 736.7558 856.8429 143.3971 400.7451 406.4985 234.0188 208.6187 873.7645 870.4866 132.4000 555.7551 897.9243 840.6155 454.3980 692.8592 411.9411 489.0966 792.5363 218.4512 828.2631 255.8953 567.5504 1134.4457 704.7494 665.3210 368.0371 611.2126 820.9666 683.7435 729.3597 785.7302 742.5324 618.3041 642.4863 611.4785 441.1110 1154.0605 557.3789
1167.9006 1016.2209 633.6451 765.8823 787.3862 248.1320 659.8917 761.9049 698.8150 1067.6545 775.8955 939.3924 606.3502 446.0004 717.2119 x 904.9940 514.9011 944.0815 38.0784 889.1537 872.8750 1080.9014 499.3462 1023.5684 575.4584 902.5022 406.6157 584.3326 812.0526 363.4618 506.3124 912.2369 481.8236 982.3831 1122.6143 768.7372 739.1369 818.5203 977.2032 1013.0040 1006.0726 395.6777 855.7800 1248.5461 1009.5134 643.7974 690.2366 990.2604 762.4497 793.6370 167.0728 728.1060 664.5205 571.6632 294.6644 845.0291 1186.0358 483.9553 834.1826 830.7499 80.6029 892.1755 1152.5411 581.7111 824.7561 751.2720 488.0179 668.8129 980.8073 688.5074 587.0133 526.6471 817.7956 1155.1046 308.9138 939.0592 740.9702 834.3397 336.6904 926.2081 586.8506 568.7963 541.2703 805.9080 508.6649 719.0950 553.7101 627.0888 714.0412 921.2648 217.0364 538.2690 283.1465 288.9484 778.3330 804.4038 277.5855 893.7093 501.0785
843.2240 589.4314 434.5591 737.9581 557.6762 658.0702 721.7577 1226.8472 214.1933 961.7057 1015.2649 577.8576 298.8627 486.1178 1194.9286 904.9940 x 395.6285 1027.0264 939.9433 1116.8777 1182.3462 847.4970 846.9193 871.0260 756.7936 463.1719 558.9641 1051.7618 478.9923 1008.0498 633.3544 1294.8034 1068.7276 1053.3575 826.6023 137.9951 771.0294 349.5610 437.2202 584.8357 748.8279 917.4405 1095.8003 884.7021 777.1615 510.8859 234.5087 991.6432 798.3840 520.7587 939.3364 859.2042 494.0356 1090.8506 966.0896 1069.2172 830.0046 474.4741 986.2328 1237.9809 962.4291 629.8745 840.0198 1075.9001 933.1523 864.8442 1025.1328 1000.3445 565.7278 325.1605 1131.4178 639.9918 352.7159 864.4993 848.8636 736.3880 852.1447 851.0952 569.6940 1291.5725 377.4159 939.5906 627.5243 103.2184 503.3521 569.5335 826.9038 591.9270 386.9841 726.0219 691.9573 427.8625 628.4271 690.5084 634.6290 690.7341 986.4463 53.5333 641.4168
843.9408 622.7654 234.2720 551.7808 445.5302 274.4629 483.1419 911.0190 210.1326 854.2902 756.3484 563.6181 110.8186 101.6243 872.8793 514.9011 395.6285 x 835.7944 551.1782 874.3659 915.0156 795.6295 519.5414 777.0613 470.8327 481.2768 182.9449 719.6191 417.9710 630.9686 324.9347 1010.4450 707.9527 870.5676 808.5586 265.3240 561.1427 360.1363 529.5086 618.3994 697.2966 554.2941 846.2300 912.5531 715.0962 305.9971 175.8528 834.1908 592.6810 427.6706 544.6186 620.6338 309.4378 748.4403 581.6129 822.9325 848.0731 121.2606 759.3145 941.2737 568.2315 559.4730 833.2130 738.7787 717.7079 635.3456 671.7396 705.0969 586.8552 214.4822 785.9414 342.4366 360.8049 847.5010 471.1341 650.0558 621.2892 665.4284 178.5042 1012.9210 123.5088 621.9980 338.8160 302.8904 185.7558 405.3596 521.6475 360.1864 279.6324 633.3486 298.8132 118.1669 233.8981 301.4274 488.7740 541.7298 598.7719 379.7052 330.0966
452.3371 549.8271 630.3036 294.3838 469.8000 900.0673 353.7070 435.2407 981.6715 211.2738 193.6071 503.1225 914.3932 763.5324 442.9339 944.0815 1027.0264 835.7944 x 972.0212 162.1545 261.1178 342.5580 444.7499 255.2551 395.2805 598.6257 705.9884 439.8430 551.7813 647.1180 529.0340 378.3111 569.4702 38.5588 412.9437 980.1521 275.2231 680.8870 672.5209 551.7715 371.8240 562.5768 172.7628 519.3057 344.1424 546.0167 853.2935 89.3486 243.8396 507.4150 802.5341 228.0400 553.8137 489.7463 689.9229 156.6470 488.8511 720.4217 112.3663 377.3734 914.5856 422.5953 436.1086 464.1237 124.6456 207.9583 525.3597 307.4248 544.9950 724.9568 514.8748 506.9295 677.6792 414.9340 635.5281 333.7398 221.3907 177.5366 848.0149 361.4617 738.0911 388.7821 504.9036 1002.4630 652.0885 463.3526 393.0065 477.6202 647.6873 334.3258 848.6350 719.6509 825.5635 715.3595 392.4663 336.4204 721.7026 976.2765 527.4021
1203.2902 1053.5915 671.7006 799.7810 824.4136 282.1299 693.6699 775.4286 732.6404 1099.5059 800.9023 976.5900 641.1295 483.6088 730.9224 38.0784 939.9433 551.1782 972.0212 x 912.5092 892.8124 1115.3370 527.7146 1056.9068 607.9284 940.3914 444.6938 602.4632 849.7813 377.0875 542.5043 927.7686 494.8393 1010.1913 1157.8262 803.3107 772.0409 856.5910 1015.2425 1050.3993 1041.5010 418.4952 879.1941 1284.1129 1044.5057 681.3756 726.7306 1020.1162 794.8024 831.0393 181.9677 758.2696 702.2079 586.6406 310.2997 869.3106 1221.7933 521.9078 861.4878 846.3368 76.5876 928.6263 1187.8305 598.1256 853.7589 781.5211 504.8649 692.1603 1018.2415 726.3757 599.6069 562.5708 855.8689 1190.0232 336.5484 974.1828 771.5121 865.9681 372.7542 942.4346 624.5939 593.2373 577.4091 840.3530 546.7074 755.9205 583.4027 663.6459 752.1190 956.4380 254.1162 576.1718 320.2844 326.3328 814.2996 839.4990 289.8135 929.4653 537.1102
613.7906 690.9662 695.9759 383.0947 572.1105 888.4460 401.8787 279.6222 1043.2257 372.8834 121.9995 635.1992 965.3103 789.6088 294.0417 889.1537 1116.8777 874.3659 162.1545 912.5092 x 99.0141 502.9670 406.2583 414.6234 405.2516 718.8092 721.0222 330.0146 657.3789 557.1372 551.0855 218.9409 461.0652 177.7451 573.4107 1053.0242 346.0425 781.7594 799.8919 692.3308 522.4953 494.0167 33.3937 681.4541 496.9329 612.7740 922.1986 251.3391 319.9693 610.4688 734.0635 260.4084 626.0674 370.8665 611.2420 51.5465 650.0767 753.8838 132.6769 216.0260 847.5671 549.9984 597.3664 347.9856 188.7388 252.3143 426.3879 220.3857 681.2336 799.8683 387.2514 532.2493 778.5944 576.7627 584.0456 475.1062 265.3898 283.3016 852.9631 204.2580 792.9026 320.9767 535.6285 1079.3510 688.9450 547.8682 371.9604 535.0322 730.1861 471.9512 830.2066 764.7326 819.5834 699.3745 492.1981 442.8132 639.8360 1068.7249 546.9949
712.7391 782.6625 753.7951 459.8788 649.1557 899.8013 460.8599 192.2206 1094.4024 471.4883 167.0869 723.6569 1011.5385 824.7217 215.6471 872.8750 1182.3462 915.0156 261.1178 892.8124 99.0141 x 601.7137 417.3352 513.2007 445.0732 801.6622 751.3205 292.2242 734.5407 523.5709 590.1912 123.6199 416.3059 274.7955 672.1425 1110.1256 417.8560 855.3274 885.2886 783.7924 618.3573 479.0669 98.4540 780.4207 593.5520 672.8581 978.4534 350.1918 395.3866 687.1951 711.3873 324.2213 688.4945 321.3694 584.4135 124.7110 748.9736 793.7564 217.2980 119.6983 823.7635 637.4392 696.2775 302.7019 273.3372 321.9162 391.3675 219.2961 771.0382 860.6577 328.2781 573.8152 852.2153 675.7694 577.2830 568.2384 333.3480 370.3477 874.8315 113.0219 843.5034 319.4264 579.9190 1138.3533 732.0228 617.7154 396.6833 592.7345 795.6795 563.8826 838.3832 810.6707 835.5457 711.8954 569.8168 524.2356 609.8532 1135.8244 584.9193
113.1628 271.0183 561.3696 316.6894 350.1685 957.8552 422.6878 762.1411 873.6023 152.1942 491.6660 269.9567 837.3724 760.4147 760.9566 1080.9014 847.4970 795.6295 342.5580 1115.3370 502.9670 601.7137 x 623.4174 89.0305 513.9640 384.5603 734.9303 712.4970 394.7140 869.3649 581.4963 720.7424 826.2118 339.6549 70.4476 845.4268 351.4692 509.6762 423.5453 274.8686 101.8608 762.6741 507.5886 190.4455 80.5337 495.8116 740.6710 257.0471 336.5777 371.6449 975.0513 404.6409 487.8082 767.9047 890.1244 485.8068 147.9908 708.0958 404.0126 714.1648 1075.6427 238.6602 95.9333 741.4863 361.7101 384.2633 773.7936 579.9205 285.7979 615.1800 802.0248 559.2241 506.8944 82.2041 798.0344 148.6499 386.8811 286.9577 878.0030 704.0157 674.7844 620.5758 546.9917 856.2757 644.7993 396.6149 561.1916 471.7014 532.5944 166.5054 925.0538 681.7109 880.1675 803.6533 317.7625 279.1127 923.9948 793.9639 585.1409
725.5746 649.2109 418.3336 314.6415 429.7484 483.9245 219.8307 391.6574 717.0876 581.0088 286.0226 570.0850 624.8314 422.0440 354.5538 499.3462 846.9193 519.5414 444.7499 527.7146 406.2583 417.3352 623.4174 x 551.9341 126.4568 590.1525 343.4793 205.2569 497.1279 250.1024 213.5713 497.5455 244.9979 483.0863 678.0282 748.7953 272.9704 579.4294 680.9188 647.7085 570.9046 139.6556 373.4389 807.7384 564.6777 359.1459 619.9422 493.6550 287.1786 456.7215 363.5390 234.1758 382.3311 244.9591 266.9400 357.6269 751.3670 401.0990 335.4581 424.3815 473.0714 495.2600 708.5992 229.0003 326.2105 257.5358 192.5326 198.0888 620.8229 525.8055 286.2758 208.3439 576.9654 703.9233 191.2457 500.5446 249.1761 349.0686 458.3845 502.9872 475.2989 103.4265 222.7141 781.9657 350.6804 365.0876 62.2322 286.9735 487.2705 484.9486 424.3510 431.5183 418.2554 295.1747 378.3238 375.7110 300.7868 808.7664 205.5763
201.8780 321.5823 545.1690 258.9678 339.2646 916.9228 364.0560 673.2741 875.4146 91.2890 403.5816 298.7837 829.7064 731.4056 672.6004 1023.5684 871.0260 777.0613 255.2551 1056.9068 414.6234 513.2007 89.0305 551.9341 x 449.9852 410.8909 697.3567 628.4969 399.9244 793.9783 534.1923 632.8556 745.1292 255.3704 159.1760 854.8616 285.4016 524.3844 465.1798 324.6292 134.0409 689.9021 418.6791 276.6704 103.0318 471.6337 741.8257 172.4418 265.6537 367.9221 909.5860 325.7571 467.8676 683.5936 818.7259 396.7877 237.0176 680.3724 315.3806 625.2040 1013.2671 242.4797 184.8065 657.1137 274.6179 304.2090 693.5102 494.7406 327.4996 612.7941 716.8027 511.1672 521.3718 168.1865 732.5288 136.1308 308.4348 206.6803 842.6868 616.5120 660.1719 540.8549 500.8627 869.3667 614.1850 371.7814 489.9101 434.1411 529.4344 149.4155 879.3892 660.2116 838.9652 753.5505 288.5963 239.1958 852.5231 817.7861 536.7413
611.0234 522.9060 322.2490 198.1468 304.1868 504.9096 95.8641 470.3559 650.8661 492.5266 285.7675 443.6737 566.5156 384.3573 440.0780 575.4584 756.7936 470.8327 395.2805 607.9284 405.2516 445.0732 513.9640 126.4568 449.9852 x 466.0464 317.3342 307.4032 374.5117 373.8255 146.1507 546.4065 369.3068 433.3533 563.8772 671.6094 164.5847 465.6248 557.0900 521.3594 452.8645 261.1413 376.1310 693.2332 449.6010 251.1536 540.0391 423.7451 186.9955 332.5387 461.1102 167.2409 272.3299 355.5768 381.8325 353.7056 634.7189 349.7535 300.2347 483.6435 563.3234 369.7723 594.4579 335.2553 270.6457 188.0106 315.6860 244.5499 494.3710 431.6836 397.3908 128.7692 462.9572 592.3668 284.0717 382.6536 175.3128 260.1139 454.9965 546.6003 400.6876 189.5269 135.3684 702.0381 286.9725 241.4191 77.0596 172.4049 381.2043 366.1979 454.9698 365.7766 430.3072 322.1788 252.1216 253.2037 415.4580 714.7122 141.7745
392.2286 145.5382 273.4773 344.2310 164.3679 712.0663 385.8132 898.4740 505.6000 502.1393 641.8646 114.6947 489.8121 486.4356 878.1305 902.5022 463.1719 481.2768 598.6257 940.3914 718.8092 801.6622 384.5603 590.1525 410.8909 466.0464 x 499.4216 766.2575 95.8223 824.3541 424.4568 923.5955 834.8812 618.4647 368.8503 467.4626 391.0074 134.4029 91.1461 140.8804 285.7205 712.4110 705.5517 448.0045 314.4036 263.4318 378.0602 547.4466 408.4446 133.5245 851.3222 488.4153 240.5947 817.8333 813.6464 678.3906 386.5514 436.2142 586.9528 884.4317 925.2949 177.4656 386.1100 795.5429 530.4471 484.2820 781.5844 669.5149 112.5332 270.2169 859.2440 412.7420 132.2885 407.9155 694.9138 279.8328 475.1260 435.9113 616.1526 914.6840 360.1149 648.7717 395.1492 474.8499 395.7160 225.0654 542.1717 310.2696 203.7314 272.4724 702.6202 390.2006 642.3903 615.7400 236.5172 277.4427 844.3932 409.6546 432.4240
804.5966 622.0417 227.6007 446.7077 403.6367 224.1691 356.4893 732.8577 391.3333 762.7371 599.9444 549.1796 293.2108 81.4571 693.6148 406.6157 558.9641 182.9449 705.9884 444.6938 721.0222 751.3205 734.9303 343.4793 697.3567 317.3342 499.4216 x 539.3286 412.7709 451.7762 177.0020 839.7732 525.1729 743.0328 763.0715 438.6566 441.5814 412.1414 571.2113 618.4140 645.9156 371.4751 690.8480 881.1319 656.6404 251.4101 325.0969 720.1168 472.1073 401.6462 390.7955 480.4089 268.4751 566.3157 407.1696 669.5808 816.5982 86.6787 616.7914 767.7579 440.2505 516.9732 791.1241 557.4530 582.6792 498.6741 488.8581 535.8681 585.7844 288.0188 603.3998 199.4645 411.3480 799.4996 291.6986 586.4467 484.9511 548.8293 146.0325 843.9626 192.8913 446.8642 203.8268 475.2643 103.7473 342.5009 354.6378 263.8868 307.4266 568.4933 203.8060 140.2196 147.9672 136.0402 417.2986 459.1619 427.7296 533.2871 178.6808
823.6344 801.1300 621.0673 446.0342 601.9857 642.2819 380.5114 197.0189 920.5932 628.0042 246.2372 726.0265 826.8479 619.9459 155.2653 584.3326 1051.7618 719.6191 439.8430 602.4632 330.0146 292.2242 712.4970 205.2569 628.4969 307.4032 766.2575 539.3286 x 678.1579 231.4658 418.6122 331.4952 131.6610 472.5647 776.8044 953.8419 396.4443 773.0175 857.2625 800.5117 685.8010 199.7643 298.8467 902.9318 671.4381 556.5555 825.1904 515.8264 394.9424 633.9745 420.5698 313.6567 578.6174 55.7648 292.7946 298.2071 854.8129 603.4025 332.7099 250.7867 532.2083 643.0980 806.1251 30.1207 357.3763 331.0809 99.1661 135.6198 777.6307 729.4580 94.3451 412.0691 770.3561 794.5602 303.7710 618.8493 331.5140 426.3494 637.4753 343.5550 680.4774 118.2582 425.4033 987.1598 555.4799 545.0268 230.9723 479.4851 686.3163 606.6946 577.4155 636.0944 588.1681 463.6090 536.8443 516.4627 317.6474 1012.9185 410.7171
428.2544 210.8375 193.1328 274.9500 85.4329 630.5605 299.5055 818.6015 479.0840 488.5465 570.7545 145.6881 445.3730 408.5251 795.8898 812.0526 478.9923 417.9710 551.7813 849.7813 657.3789 734.5407 394.7140 497.1279 399.9244 374.5117 95.8223 412.7709 678.1579 x 729.0312 328.7779 854.4096 742.1111 576.1877 396.0668 454.9929 317.4592 129.7521 184.5813 206.9341 292.9394 617.3552 640.9472 494.7810 316.4811 169.4889 345.9764 512.6996 339.2438 47.4113 756.5077 414.0138 147.6709 728.6392 717.8306 613.7369 430.4901 356.5661 524.7057 810.1254 832.3767 158.4717 418.6903 707.0493 469.0085 413.1087 689.2082 587.8404 174.3219 221.5969 770.2749 316.9197 126.5608 435.5850 599.1369 263.8053 402.5228 379.5240 537.1799 847.1728 294.4679 560.1000 299.3271 469.7360 309.3154 133.3223 451.2496 214.8227 141.0982 251.1810 616.5766 315.6310 558.4233 524.0392 165.2275 216.7483 748.5731 426.9611 336.6993
973.7625 895.2854 611.8463 564.5182 669.8957 475.9493 469.0181 398.6169 841.0764 812.7818 458.7699 815.5285 741.6930 530.4729 354.0034 363.4618 1008.0498 630.9686 647.1180 377.0875 557.1372 523.5709 869.3649 250.1024 793.9783 373.8255 824.3541 451.7762 231.4658 729.0312 x 408.8724 550.8862 118.3844 682.9831 926.1455 890.4212 521.5858 792.4072 913.4473 893.5166 820.5870 113.1767 524.7984 1055.7397 813.4687 573.2680 773.5542 712.3300 533.0551 692.8316 196.4413 468.8588 597.5951 209.7802 70.5296 520.1823 1000.3912 533.9274 535.1017 469.5314 304.0306 743.5332 956.6368 222.9318 544.1810 491.2234 132.3284 343.4552 865.4719 708.5463 223.6077 415.3923 790.3845 950.6697 160.1169 750.2835 485.8197 587.7574 502.0590 565.9840 632.3920 260.4010 432.7841 926.9395 509.6668 601.7883 311.0264 514.2093 690.8719 734.8644 410.3235 580.6730 442.4375 333.2928 625.3091 625.6208 87.6249 978.4405 400.2214
663.0104 518.4713 208.2634 277.2423 286.3278 384.7273 180.8554 599.4399 510.3086 593.3243 431.9171 439.4062 422.7847 238.8995 564.8316 506.3124 633.3544 324.9347 529.0340 542.5043 551.0855 590.1912 581.4963 213.5713 534.1923 146.1507 424.4568 177.0020 418.6122 328.7779 408.8724 x 688.0274 444.2068 566.0342 618.5133 537.2050 266.5871 383.5958 510.5502 515.7347 501.2760 302.0288 522.2174 743.0231 506.8707 165.2027 407.2807 544.3753 296.5020 299.6730 430.1761 304.2456 189.5168 457.8322 390.7312 499.5474 680.0909 203.7354 441.6813 621.6559 514.1442 386.3229 648.0573 442.5464 405.9754 321.9831 396.5323 383.1563 484.6068 313.4775 498.7240 23.3516 381.5454 652.3669 270.6655 435.9671 308.1883 373.4813 320.7773 689.4985 263.5557 309.0261 35.0170 569.6362 142.9779 216.2240 200.5608 122.4289 283.4890 417.9710 345.2116 223.4934 307.0990 222.4909 272.1830 302.4282 420.6838 595.5870 8.7273
830.5410 906.2810 862.9531 580.5791 769.2065 968.8663 573.5301 158.7897 1197.0816 585.3675 283.7982 847.0386 1110.7973 916.3874 200.4893 912.2369 1294.8034 1010.4450 378.3111 927.7686 218.9409 123.6199 720.7424 497.5455 632.8556 546.4065 923.5955 839.7732 331.4952 854.4096 550.8862 688.0274 x 434.4554 386.6755 791.1677 1217.1050 537.0037 973.2221 1007.9271 907.4121 741.0398 530.7659 222.0534 895.7447 715.7688 784.0037 1085.3442 465.9758 516.0163 807.0025 746.2282 441.4139 800.9386 341.1454 617.8581 248.2864 867.1309 889.5980 340.8359 81.4874 854.8550 760.6984 814.3888 330.7110 396.7091 441.3160 424.4834 305.3570 894.5737 971.1417 332.4948 673.7238 970.1443 792.8154 634.0535 691.7232 451.9914 493.7913 954.3082 23.4858 947.0932 394.5232 681.6729 1246.5835 830.9751 734.6229 488.8293 703.1187 909.3579 687.4808 905.0604 911.0552 909.9280 784.8869 690.3507 646.1974 638.4630 1249.4131 681.9609
935.1974 887.6894 652.4610 539.7294 673.4878 581.8689 457.4486 280.5899 916.2064 751.7141 376.2102 809.7055 818.3834 606.3288 236.1262 481.8236 1068.7276 707.9527 569.4702 494.8393 461.0652 416.3059 826.2118 244.9979 745.1292 369.3068 834.8812 525.1729 131.6610 742.1111 118.3844 444.2068 434.4554 x 602.9777 887.8123 958.9976 492.2814 821.8278 925.7527 886.5203 790.0342 153.7081 430.2456 1015.9083 778.7058 600.6188 835.9413 642.8094 496.9608 701.3785 314.7721 421.8260 624.3413 95.5267 188.2209 429.8571 964.6578 600.9787 460.4386 353.4337 420.9360 731.1406 917.7605 114.1470 479.9186 441.9535 54.4689 262.4228 860.9835 756.1504 105.2280 444.5809 819.4720 908.3930 246.2967 721.0103 439.7061 539.4316 596.6986 450.3859 691.4474 206.4407 460.6682 994.3774 565.3770 609.8504 294.9320 531.2476 726.1775 707.2613 515.7848 642.2268 540.2948 422.4131 617.5494 606.9429 205.0333 1034.7831 435.5607
446.2252 561.4699 662.2378 325.4508 495.6814 938.2227 389.5386 456.1559 1013.2174 198.7400 226.7959 519.2590 947.5558 799.6403 466.9000 982.3831 1053.3575 870.5676 38.5588 1010.1913 177.7451 274.7955 339.6549 483.0863 255.3704 433.3533 618.4647 743.0328 472.5647 576.1877 682.9831 566.0342 386.6755 602.9777 x 409.3678 1009.8700 309.4569 705.7616 689.4496 563.6961 379.2295 599.9028 194.1975 509.2456 350.2292 578.2026 883.9732 82.9496 277.9346 532.7957 840.2065 266.1363 585.1015 521.3161 726.8175 182.1242 483.1986 755.9617 149.5055 393.4889 952.4167 441.3416 430.6249 496.0194 162.8480 245.7136 559.9158 341.7550 559.0237 755.0200 544.9219 543.7785 702.5582 407.6817 673.7455 347.4776 258.9920 208.2940 885.4737 368.2587 771.1703 425.5393 541.3537 1031.4195 687.4847 493.1277 431.5502 511.4970 676.6903 349.9431 887.0083 753.9812 863.5630 753.7448 419.7722 362.8824 758.4068 1002.1509 564.5682
47.6264 238.5571 575.2845 365.7842 365.7836 987.1396 470.0513 831.5357 869.8664 217.7926 560.1010 257.9937 841.4085 781.7514 829.5587 1122.6143 826.6023 808.5586 412.9437 1157.8262 573.4107 672.1425 70.4476 678.0282 159.1760 563.8772 368.8503 763.0715 776.8044 396.0668 926.1455 618.5133 791.1677 887.8123 409.3678 x 835.8415 405.0607 500.1642 393.3391 242.9688 117.5902 817.6704 577.8546 129.7122 114.3537 517.0175 738.6122 327.0035 393.5397 380.8927 1023.5607 466.0840 505.9939 832.4073 943.6264 555.8855 78.7632 728.9325 473.1711 784.3700 1121.3979 250.1756 30.6044 806.0799 429.4152 446.6762 834.8212 645.4906 260.9896 617.4707 867.3202 597.0661 497.6302 39.6008 847.2057 183.7123 448.1654 350.4552 903.3562 774.3849 685.8523 681.5519 583.5774 843.6881 668.5399 420.8201 616.0259 503.2751 536.9048 201.3928 958.1940 698.0348 910.0787 840.9006 348.0091 318.3718 977.4642 773.2472 622.9258
859.5073 608.1369 357.1472 685.9774 521.9879 521.2201 651.5290 1136.5438 77.8895 942.9220 944.2309 578.4667 162.5529 361.4546 1101.9690 768.7372 137.9951 265.3240 980.1521 803.3107 1053.0242 1110.1256 845.4268 748.7953 854.8616 671.6094 467.4626 438.6566 953.8419 454.9929 890.4212 537.2050 1217.1050 958.9976 1009.8700 835.8415 x 712.0564 336.1975 468.4246 603.3852 743.8695 805.9020 1029.1522 911.5192 769.4512 440.3654 131.7788 955.9883 741.6311 488.9537 809.7090 792.6510 428.5485 989.0517 844.3741 1003.4255 852.0584 358.2430 926.1334 1155.1760 827.8639 613.2105 853.5724 976.1605 876.1431 801.5539 918.3822 915.9489 578.6201 255.3384 1028.5690 547.5691 338.8745 875.0959 730.3550 718.7729 788.1032 802.6209 434.9265 1216.0138 273.7077 846.2276 537.4815 37.6592 398.4732 516.8553 736.4546 518.4175 333.6705 705.8052 557.3452 318.4409 494.9406 565.4358 591.9743 649.6163 862.8099 143.1993 544.5942
452.6165 405.6779 357.6290 49.9605 232.4392 649.9844 85.8378 508.6258 708.9432 331.4419 253.2963 332.8523 639.4338 492.6378 490.8324 739.1369 771.0294 561.1427 275.2231 772.0409 346.0425 417.8560 351.4692 272.9704 285.4016 164.5847 391.0074 441.5814 396.4443 317.4592 521.5858 266.5871 537.0037 492.2814 309.4569 405.0607 712.0564 x 437.6316 478.9922 405.3058 299.6651 412.6098 326.4432 534.7695 291.9137 273.1739 582.9071 278.6338 31.5422 270.0481 624.8508 97.4261 283.5097 451.4805 539.0202 299.4673 478.8071 447.4579 215.3646 493.8617 727.8798 247.8731 435.6294 426.5636 164.0870 95.9408 438.0831 283.2928 384.1461 457.1342 490.6906 243.3633 434.5056 431.3069 447.7022 229.7298 85.0668 107.2676 586.8136 530.1356 463.2820 287.4602 237.7553 736.6905 378.7908 201.8312 210.9858 202.4149 384.7938 215.2897 606.1006 444.5639 572.8363 476.1111 154.7479 121.2883 572.8858 722.6931 266.9473
525.6293 279.4913 189.2159 398.7326 211.6032 609.3364 405.4883 926.7148 371.3685 614.2988 689.6198 242.3899 357.6233 382.4494 900.7605 818.5203 349.5610 360.1363 680.8870 856.5910 781.7594 855.3274 509.6762 579.4294 524.3844 465.6248 134.4029 412.1414 773.0175 129.7521 792.4072 383.5958 973.2221 821.8278 705.7616 500.1642 336.1975 437.6316 x 169.4735 274.7873 408.4360 685.0640 763.7344 582.4070 434.8473 221.2933 243.8947 642.3677 461.9633 173.5817 789.0804 531.8483 197.4866 820.2805 770.6292 736.6357 520.8437 336.9839 649.3520 924.6729 850.7226 282.0167 518.8323 800.6708 594.3716 533.5014 771.1436 695.3372 246.9336 145.6651 862.1139 378.9357 3.2081 539.5569 648.5527 388.6971 521.9902 507.2494 510.7293 967.2421 245.3413 655.0960 362.1427 346.7606 312.7078 239.0169 542.1982 293.8129 106.3141 377.4737 609.0985 285.1113 545.4043 540.5877 290.8822 344.8910 798.7668 297.3058 392.2752
406.6988 154.8255 343.6593 431.2108 255.2810 776.0485 476.7682 987.3405 518.4600 555.7769 727.7900 170.3976 520.0050 548.9269 967.7862 977.2032 437.2202 529.5086 672.5209 1015.2425 799.8919 885.2886 423.5453 680.9188 465.1798 557.0900 91.1461 571.2113 857.2625 184.5813 913.4473 510.5502 1007.9271 925.7527 689.4496 393.3391 468.4246 478.9922 169.4735 x 150.4890 332.8352 801.9081 788.2809 448.2845 363.5106 346.8853 401.3868 614.6295 494.8222 224.5554 933.9886 576.1810 323.1506 908.9371 900.8984 761.2564 392.7872 501.3460 669.1292 971.1528 1003.9599 250.8037 404.4152 886.5874 612.6222 570.8993 872.5426 759.1907 138.5060 315.0973 950.3267 500.0862 168.9803 430.0303 781.1981 343.3649 562.3176 516.6295 678.0967 998.2179 414.1911 739.8547 482.4888 468.5458 468.5393 315.9080 633.2870 399.2822 265.3619 339.5563 772.1120 451.4256 709.7644 693.2936 325.3813 362.5077 931.1886 384.5811 518.7262
258.7235 4.7538 399.7869 355.3547 229.6311 837.4108 429.3217 906.8082 645.0115 413.2668 636.6852 78.0470 630.6257 615.1992 892.9618 1013.0040 584.8357 618.3994 551.7715 1050.3993 692.3308 783.7924 274.8686 647.7085 324.6292 521.3594 140.8804 618.4140 800.5117 206.9341 893.5166 515.7347 907.4121 886.5203 563.6961 242.9688 603.3852 405.3058 274.7873 150.4890 x 190.5902 780.3422 685.3838 308.5341 221.5996 369.8143 518.6717 484.7088 412.6888 219.3671 945.5718 497.2293 350.4999 854.9145 892.6543 659.1815 248.7433 563.4184 566.7920 879.8648 1028.3535 157.5074 255.1869 830.5693 511.6408 486.7143 832.1197 687.5459 32.6598 409.9554 894.8555 499.5989 272.8139 280.0668 779.4524 218.3984 481.0334 414.7307 744.0646 895.2792 495.8108 687.6315 482.6955 607.8657 515.4278 300.0328 592.2237 393.8586 338.8697 220.3823 822.0702 521.2665 764.8425 724.0765 269.4838 284.2723 925.0223 531.6825 522.6856
161.8407 187.5684 463.1546 256.3187 252.1212 869.8889 357.7561 761.2727 771.7500 223.3653 486.9152 171.1863 736.3570 666.4378 754.1134 1006.0726 748.8279 697.2966 371.8240 1041.5010 522.4953 618.3573 101.8608 570.9046 134.0409 452.8645 285.7205 645.9156 685.8010 292.9394 820.5870 501.2760 741.0398 790.0342 379.2295 117.5902 743.8695 299.6651 408.4360 332.8352 190.5902 x 710.3389 520.5813 242.8169 31.0283 401.3978 638.8588 298.0536 293.1262 271.2250 910.1591 372.1486 391.5586 741.5518 834.3419 495.9665 182.1457 613.7548 406.4681 723.2575 1006.3792 138.1856 146.7969 715.6398 355.7449 355.3555 736.2067 559.3314 194.4966 513.7174 778.4834 480.0035 405.6162 153.6350 734.5481 70.3846 354.2887 265.2049 786.8702 726.7366 575.6003 583.8331 466.3056 755.1756 552.3230 304.0793 509.5627 385.6864 431.3723 86.7278 840.6109 584.8068 792.7226 723.5591 230.4209 202.9596 868.0693 695.3265 505.8209
865.2228 782.1162 508.4929 454.0222 556.9777 444.7053 356.6621 393.8598 762.5125 714.6697 383.7331 702.3522 664.6853 452.6710 350.1232 395.6777 917.4405 554.2941 562.5768 418.4952 494.0167 479.0669 762.6741 139.6556 689.9021 261.1413 712.4110 371.4751 199.7643 617.3552 113.1767 302.0288 530.7659 153.7081 599.9028 817.6704 805.9020 412.6098 685.0640 801.9081 780.3422 710.3389 x 460.6990 947.3785 704.3285 464.5695 683.9322 620.5609 426.1656 580.4255 241.6207 367.7333 488.8060 207.2630 129.8665 451.1545 890.9855 447.7087 450.4079 450.4118 354.9323 630.6371 848.2375 206.7275 451.4837 390.7551 121.7825 273.6684 752.3066 609.1003 238.8982 306.3754 682.9229 843.3792 104.3576 639.9604 383.8798 485.2503 448.7701 541.9229 540.0357 176.0097 323.4870 841.4897 414.5628 489.1731 201.6849 402.6765 585.4638 624.2149 379.2449 490.0516 395.2696 273.4435 512.2479 513.6648 163.2848 884.8062 293.3043
619.5708 684.2370 672.0081 366.0139 555.5228 856.0978 377.6247 262.6768 1017.6814 383.7287 90.9177 625.7105 938.4803 760.3222 272.8425 855.7800 1095.8003 846.2300 172.7628 879.1941 33.3937 98.4540 507.5886 373.4389 418.6791 376.1310 705.5517 690.8480 298.8467 640.9472 524.7984 522.2174 222.0534 430.2456 194.1975 577.8546 1029.1522 326.4432 763.7344 788.2809 685.3838 520.5813 460.6990 x 689.4977 496.2264 589.3982 897.9870 261.7285 301.9792 593.7688 700.8845 237.0443 603.4938 341.2197 578.3389 27.2289 655.3819 725.4723 119.3206 206.6699 814.3971 539.6981 602.8422 317.7846 175.7060 231.2183 394.4657 187.0441 672.8378 776.9600 359.3723 503.8408 760.5906 583.4486 550.6714 469.8197 243.6910 272.4233 821.7079 210.3732 767.0078 287.5878 507.8169 1056.0764 661.1289 527.9577 340.3295 510.7564 708.8355 465.4313 797.5755 737.6564 787.6320 667.0126 475.7851 428.4230 607.1160 1048.2264 517.8896
82.2485 303.7832 682.7105 495.2480 478.6951 1105.2127 599.0272 947.9290 953.3527 310.5333 680.0727 349.5893 935.1061 894.0827 948.6917 1248.5461 884.7021 912.5531 519.3057 1284.1129 681.4541 780.4207 190.4455 807.7384 276.6704 693.2332 448.0045 881.1319 902.9318 494.7810 1055.7397 743.0231 895.7447 1015.9083 509.2456 129.7122 911.5192 534.7695 582.4070 448.2845 308.5341 242.8169 947.3785 689.4977 x 243.6636 631.6246 825.8574 430.3490 522.9257 487.9252 1152.3024 594.0950 618.2596 958.3493 1073.2952 669.3166 64.8613 841.1810 591.3033 895.8848 1249.1533 364.1821 99.1429 931.9317 551.2155 574.1378 963.1952 770.2899 335.4815 711.8860 992.4120 722.0968 580.2810 108.6335 976.2140 311.6253 576.2399 477.1228 1018.5372 877.5040 789.0599 809.9047 708.0091 914.8180 783.7115 539.0186 745.7273 625.3396 635.0936 328.8976 1079.1967 806.3780 1028.8788 964.8326 471.0281 445.6807 1107.1277 832.4754 747.8244
161.4309 218.5534 480.8379 251.5846 269.6512 880.0836 355.6998 740.3784 795.5522 192.4472 466.2395 200.2915 757.5745 680.5270 734.6151 1009.5134 777.1615 715.0962 344.1424 1044.5057 496.9329 593.5520 80.5337 564.6777 103.0318 449.6010 314.4036 656.6404 671.4381 316.4811 813.4687 506.8707 715.7688 778.7058 350.2292 114.3537 769.4512 291.9137 434.8473 363.5106 221.5996 31.0283 704.3285 496.2264 243.6636 x 415.7084 662.3276 268.5470 282.2813 291.6862 909.2213 358.3593 407.3854 727.1951 829.7703 472.0888 186.9735 628.1020 383.8029 700.1330 1007.3437 159.0598 144.8934 701.0907 334.6566 340.3627 725.2364 542.9342 225.2951 535.9599 763.3887 485.0423 431.9702 145.6562 732.8528 70.9339 340.4060 247.2597 799.0134 701.0132 594.3154 572.2681 472.0822 781.5533 565.2809 316.8623 502.8407 394.2962 453.1066 88.9731 848.7809 601.2498 802.5754 729.3557 239.4077 205.1631 863.5882 723.6996 510.9577
556.7480 373.1970 84.4716 253.1670 152.9714 474.4908 212.1747 720.2904 435.9399 548.3289 506.0473 298.4358 370.5140 265.0545 691.0355 643.7974 510.8859 305.9971 546.0167 681.3756 612.7740 672.8581 495.8116 359.1459 471.6337 251.1536 263.4318 251.4101 556.5555 169.4889 573.2680 165.2027 784.0037 600.6188 578.2026 517.0175 440.3654 273.1739 221.2933 346.8853 369.8143 401.3978 464.5695 589.3982 631.6246 415.7084 x 310.1699 533.9495 303.6065 151.0051 587.9813 352.5279 24.3404 601.9443 555.7673 563.4394 566.8743 212.4558 485.9678 727.5361 662.9046 267.9030 544.0537 583.3668 436.9331 361.2009 550.2175 491.1378 337.4128 187.8329 643.6914 158.1994 218.9979 554.6196 435.0480 347.9542 347.7379 370.0084 387.0100 781.1267 194.6184 439.7556 141.1325 466.6919 152.0909 100.0735 325.8935 81.1272 130.0644 330.6459 453.7820 188.6104 399.2822 355.1957 183.0503 235.8529 585.3782 466.4607 173.6763
766.8427 523.3713 226.2781 558.9224 403.9309 450.0188 520.4392 1006.0601 133.5968 827.7260 812.7027 481.2321 120.9043 255.1942 972.0386 690.2366 234.5087 175.8528 853.2935 726.7306 922.1986 978.4534 740.6710 619.9422 741.8257 540.0391 378.0602 325.0969 825.1904 345.9764 773.5542 407.2807 1085.3442 835.9413 883.9732 738.6122 131.7788 582.9071 243.8947 401.3868 518.6717 638.8588 683.9322 897.9870 825.8574 662.3276 310.1699 x 833.1257 612.9091 373.9169 709.8700 661.7909 299.7952 861.8864 731.9412 872.3882 763.7525 240.0474 796.1202 1023.6668 741.3853 503.6510 759.0596 848.1709 746.8979 671.2091 793.5256 784.4790 490.4547 130.3306 901.8922 416.7901 245.8611 778.2037 614.3693 606.6633 657.6561 675.9943 354.2770 1084.2361 145.1584 716.1578 406.2728 162.4671 271.4328 391.2195 605.6387 387.2570 212.9470 592.4560 473.5734 193.8869 407.9576 458.2282 469.3213 526.8842 752.8246 209.0465 414.8844
364.8598 482.2838 616.4097 282.4508 435.8319 925.1672 363.7105 523.7417 964.4690 122.0124 271.9688 444.2497 904.3953 770.3411 529.9324 990.2604 991.6432 834.1908 89.3486 1020.1162 251.3391 350.1918 257.0471 493.6550 172.4418 423.7451 547.4466 720.1168 515.8264 512.6996 712.3300 544.3753 465.9758 642.8094 82.9496 327.0035 955.9883 278.6338 642.3677 614.6295 484.7088 298.0536 620.5609 261.7285 430.3490 268.5470 533.9495 833.1257 x 248.0221 471.5439 856.5197 262.2703 537.9077 567.7723 749.8502 244.2551 401.6542 723.8693 183.1644 466.7219 966.7180 370.0401 348.9627 541.6661 169.0843 239.2688 595.9788 380.8351 481.7664 703.0550 595.3749 521.3234 639.1881 326.8647 684.5013 271.2953 250.3015 171.3802 865.0615 448.3899 728.5257 451.9408 516.3214 975.5614 655.1507 442.6110 436.7168 474.2389 622.4184 275.7680 877.9463 716.3126 848.7682 745.6623 364.1438 306.4810 782.5508 939.6531 544.1660
441.1606 412.7044 388.0767 64.5650 253.8232 678.9357 115.7071 495.7180 739.5226 305.8011 233.4302 342.8412 670.6527 523.9404 480.3933 762.4497 798.3840 592.6810 243.8396 794.8024 319.9693 395.3866 336.5777 287.1786 265.6537 186.9955 408.4446 472.1073 394.9424 339.2438 533.0551 296.5020 516.0163 496.9608 277.9346 393.5397 741.6311 31.5422 461.9633 494.8222 412.6888 293.1262 426.1656 301.9792 522.9257 282.2813 303.6065 612.9091 248.0221 x 291.9590 644.1332 84.5522 313.2270 450.4953 554.1044 274.8179 469.0008 478.9308 188.0783 476.3388 748.7897 256.4276 423.9273 424.9946 135.0349 76.0987 443.2448 275.2843 393.4867 486.4756 488.6392 273.3828 458.8081 417.6394 467.2041 224.6370 68.5819 77.0170 617.0756 508.1628 494.4294 290.7071 268.3460 765.8174 410.2786 228.8567 224.9661 233.7864 412.9316 211.8764 634.0135 476.0624 602.0220 503.2507 174.4496 132.7402 587.9583 749.5708 296.5376
416.8140 222.6061 195.0900 227.7558 38.3807 623.3964 254.1999 771.9370 507.5119 454.5100 523.3433 147.5581 465.9008 406.7909 749.6965 793.6370 520.7587 427.6706 507.4150 831.0393 610.4688 687.1951 371.6449 456.7215 367.9221 332.5387 133.5245 401.6462 633.9745 47.4113 692.8316 299.6730 807.0025 701.3785 532.7957 380.8927 488.9537 270.0481 173.5817 224.5554 219.3671 271.2250 580.4255 593.7688 487.9252 291.6862 151.0051 373.9169 471.5439 291.9590 x 729.6874 366.6406 133.3160 685.0627 684.8352 566.5672 423.0938 353.9919 477.8177 762.8359 809.8275 133.0967 405.6998 663.0781 422.2825 365.7070 648.0605 541.4341 187.2322 245.3801 726.5797 285.5137 170.3744 419.8912 567.9444 232.9087 355.1120 333.8054 533.0864 799.7998 305.0601 516.1709 268.1246 505.9649 300.1050 91.7038 408.7696 180.5418 162.0741 218.5393 604.6079 318.6082 549.1452 504.7123 118.2906 171.3124 716.2238 469.3640 307.1114
1070.3182 948.2059 599.8987 658.7289 715.9517 325.7001 553.5489 595.0097 748.6331 943.8507 625.3257 868.7411 649.9314 454.6777 550.3558 167.0728 939.3364 544.6186 802.5341 181.9677 734.0635 711.3873 975.0513 363.5390 909.5860 461.1102 851.3222 390.7955 420.5698 756.5077 196.4413 430.1761 746.2282 314.7721 840.2065 1023.5607 809.7090 624.8508 789.0804 933.9886 945.5718 910.1591 241.6207 700.8845 1152.3024 909.2213 587.9813 709.8700 856.5197 644.1332 729.6874 x 597.6417 611.2395 405.2490 128.4254 692.2885 1092.2562 477.1594 690.7587 664.7597 113.5228 809.8776 1054.0499 416.2451 688.0937 621.0143 322.9064 514.2336 914.6511 676.9371 419.9473 446.0140 787.7345 1053.0337 177.1500 840.7097 612.3220 710.8169 382.5876 760.6643 583.6588 417.6266 462.8771 847.3385 478.8830 645.5805 423.2476 551.7139 682.8268 823.5954 267.1406 531.0052 319.7242 254.7763 691.4196 707.4325 110.7914 918.8604 423.0055
513.4125 497.2549 435.5717 145.2851 329.3537 672.0870 141.6201 412.1240 783.4314 347.2647 157.7963 426.9777 707.5309 541.9122 395.9748 728.1060 859.2042 620.6338 228.0400 758.2696 260.4084 324.2213 404.6409 234.1758 325.7571 167.2409 488.4153 480.4089 313.6567 414.0138 468.8588 304.2456 441.4139 421.8260 266.1363 466.0840 792.6510 97.4261 531.8483 576.1810 497.2293 372.1486 367.7333 237.0443 594.0950 358.3593 352.5279 661.7909 262.2703 84.5522 366.6406 597.6417 x 366.4522 369.4041 497.5134 210.9267 543.2713 501.9325 138.6850 396.5413 706.4005 340.7818 495.9634 343.5232 103.4141 23.3779 369.1727 190.9088 477.7951 539.9527 406.6012 283.0509 528.7634 486.7593 423.5541 305.4699 17.9604 119.1013 620.9030 435.5296 533.7023 215.9350 283.2801 819.2103 434.9696 293.6015 175.1434 274.6718 472.2374 293.8919 621.2995 507.9907 597.5311 488.1427 252.1577 215.9333 531.0169 812.0975 301.8500
544.6327 354.0173 78.8514 259.6673 140.2823 490.1449 227.7328 740.2554 428.1224 546.8370 521.4632 280.7502 367.2813 276.1024 711.6425 664.5205 494.0356 309.4378 553.8137 702.2079 626.0674 688.4945 487.8082 382.3311 467.8676 272.3299 240.5947 268.4751 578.6174 147.6709 597.5951 189.5168 800.9386 624.3413 585.1015 505.9939 428.5485 283.5097 197.4866 323.1506 350.4999 391.5586 488.8060 603.4938 618.2596 407.3854 24.3404 299.7952 537.9077 313.2270 133.3160 611.2395 366.4522 x 624.5317 580.0185 577.2693 553.4173 223.1994 497.8795 745.7774 684.9842 255.9586 532.4186 605.6616 447.5965 373.8950 573.7362 510.3964 317.9526 173.9216 666.3141 182.4579 195.1386 544.0754 459.1986 341.0476 360.6859 376.8459 400.6492 797.5398 193.3041 461.4532 165.3309 453.5875 166.8537 97.2086 347.7343 100.4616 109.6275 324.1394 471.7818 193.9586 415.8444 376.3697 180.4931 235.6475 609.5607 448.5766 198.0017
879.1890 855.6016 663.2711 500.9319 653.8004 651.3415 432.6015 191.5608 952.5534 681.3689 296.5559 780.0546 857.1572 647.6185 146.8231 571.6632 1090.8506 748.4403 489.7463 586.6406 370.8665 321.3694 767.9047 244.9591 683.5936 355.5768 817.8333 566.3157 55.7648 728.6392 209.7802 457.8322 341.1454 95.5267 521.3161 832.4073 989.0517 451.4805 820.2805 908.9371 854.9145 741.5518 207.2630 341.2197 958.3493 727.1951 601.9443 861.8864 567.7723 450.4953 685.0627 405.2490 369.4041 624.5317 x 277.0229 343.5100 910.4652 634.9115 384.6574 259.7584 513.8046 697.6088 861.6788 26.4990 411.5921 386.8346 87.6801 189.5072 831.6645 770.7019 41.8395 453.3025 817.6874 849.9251 310.6039 674.5322 387.2681 481.9624 654.8616 356.2520 716.7678 169.1535 467.5575 1023.1008 590.8129 595.3337 278.5498 526.4694 731.0793 662.3027 585.6020 670.6314 602.3643 479.6139 590.1345 571.1051 297.3922 1053.4020 449.6295
991.0553 894.7653 585.4398 578.4319 665.2059 410.0952 477.5888 467.3921 791.4142 844.5268 506.6824 814.6825 691.6711 482.9441 422.6606 294.6644 966.0896 581.6129 689.9229 310.2997 611.2420 584.4135 890.1244 266.9400 818.7259 381.8325 813.6464 407.1696 292.7946 717.8306 70.5296 390.7312 617.8581 188.2209 726.8175 943.6264 844.3741 539.0202 770.6292 900.8984 892.6543 834.3419 129.8665 578.3389 1073.2952 829.7703 555.7673 731.9412 749.8502 554.1044 684.8352 128.4254 497.5134 580.0185 277.0229 x 571.4312 1015.8308 492.0196 577.5666 536.3810 239.4287 747.3838 974.2278 287.8347 580.7773 520.5725 194.6291 393.1443 863.3577 676.5553 293.3530 400.9529 768.8279 970.3187 122.3831 764.0122 513.5515 614.7178 442.8520 632.2394 594.1895 301.2958 418.5546 881.3824 475.5129 595.5341 329.1386 504.3630 666.6372 747.7914 345.1013 541.5790 381.7372 280.4902 628.1051 634.8525 33.8710 939.1748 382.4064
598.2307 658.0863 646.2867 338.8115 528.3148 838.5724 351.9494 279.7241 992.7095 365.8634 71.7827 599.0109 914.2460 738.0627 286.2892 845.0291 1069.2172 822.9325 156.6470 869.3106 51.5465 124.7110 485.8068 357.6269 396.7877 353.7056 678.3906 669.5808 298.2071 613.7369 520.1823 499.5474 248.2864 429.8571 182.1242 555.8855 1003.4255 299.4673 736.6357 761.2564 659.1815 495.9665 451.1545 27.2289 669.3166 472.0888 563.4394 872.3882 244.2551 274.8179 566.5672 692.2885 210.9267 577.2693 343.5100 571.4312 x 633.7598 702.3994 92.5960 228.7448 805.7860 512.8900 581.3637 319.1374 148.7961 204.4508 391.4420 178.3404 646.3276 750.8659 364.4959 480.7546 733.4897 562.6348 538.3691 444.1647 217.0755 245.6904 801.9634 237.1542 742.2054 276.2393 484.2421 1030.1292 637.5706 501.0856 321.4065 485.1323 682.2882 439.4447 780.8646 713.5716 769.1900 649.5684 448.5674 401.2239 600.9805 1021.5144 495.4488
37.2034 243.9975 617.9288 437.4099 413.9236 1040.6329 539.8185 910.0033 892.1497 287.4181 638.8285 285.6524 871.9548 829.2228 908.2732 1186.0358 830.0046 848.0731 488.8511 1221.7933 650.0767 748.9736 147.9908 751.3670 237.0176 634.7189 386.5514 816.5982 854.8129 430.4901 1000.3912 680.0909 867.1309 964.6578 483.1986 78.7632 852.0584 478.8071 520.8437 392.7872 248.7433 182.1457 890.9855 655.3819 64.8613 186.9735 566.8743 763.7525 401.6542 469.0008 423.0938 1092.2562 543.2713 553.4173 910.4652 1015.8308 633.7598 x 776.3217 551.7211 862.0121 1187.9247 299.6269 52.7428 884.1762 508.1783 524.2585 911.4275 723.9204 274.1347 648.4254 945.6230 659.4095 518.6305 77.1153 916.6929 252.0914 525.3228 428.5346 953.7448 849.9218 724.6017 758.2594 645.0758 856.5094 718.9528 474.6910 689.6405 561.7009 571.0458 268.8409 1015.0698 741.5853 964.4006 901.5437 407.9207 384.8864 1049.6042 777.3345 685.0547
767.8300 567.3705 163.7624 442.8458 363.4407 275.8892 366.7536 792.7282 317.6487 752.8314 635.4140 499.1758 223.7404 52.9130 755.4128 483.9553 474.4741 121.2606 720.4217 521.9078 753.8838 793.7564 708.0958 401.0990 680.3724 349.7535 436.2142 86.6787 603.4025 356.5661 533.9274 203.7354 889.5980 600.9787 755.9617 728.9325 358.2430 447.4579 336.9839 501.3460 563.4184 613.7548 447.7087 725.4723 841.1810 628.1020 212.4558 240.0474 723.8693 478.9308 353.9919 477.1594 501.9325 223.1994 634.9115 492.0196 702.3994 776.3217 x 640.5476 821.0414 522.7381 479.0859 755.5550 623.8040 600.5537 517.4836 561.4428 584.2452 530.8481 205.0009 673.4923 221.6554 336.5584 766.7843 374.4369 559.9342 503.4440 553.4241 180.6631 891.8642 106.6360 502.7673 218.9568 394.0773 68.7351 311.5879 400.7719 250.9654 236.0564 542.4538 272.1630 54.8468 208.5933 222.5493 392.8010 441.6241 513.4639 447.3660 208.8373
517.1383 565.7463 569.9754 250.6202 439.4536 801.0966 278.5871 358.4336 919.7786 298.4313 90.2803 506.4313 845.4837 680.0195 357.3890 834.1826 986.2328 759.3145 112.3663 861.4878 132.6769 217.2980 404.0126 335.4581 315.3806 300.2347 586.9528 616.7914 332.7099 524.7057 535.1017 441.6813 340.8359 460.4386 149.5055 473.1711 926.1334 215.3646 649.3520 669.1292 566.7920 406.4681 450.4079 119.3206 591.3033 383.8029 485.9678 796.1202 183.1644 188.0783 477.8177 690.7587 138.6850 497.8795 384.6574 577.5666 92.5960 551.7211 640.5476 x 316.8350 803.0860 420.3779 499.9458 358.5183 56.5372 125.4179 414.8305 198.0730 553.7455 671.7772 412.9186 420.9664 646.1811 483.2640 525.3119 352.5956 139.2969 153.1178 755.1606 329.6728 670.9592 276.4193 421.7595 951.4461 573.6541 416.7424 286.9508 410.4378 600.1583 347.3580 747.2003 646.3919 728.3101 614.0695 359.5378 310.3763 609.3377 937.5963 438.8269
826.2372 879.1344 804.0988 540.2448 725.7905 890.3692 520.5068 84.2691 1131.9070 588.5708 243.9698 815.3725 1043.5757 845.5796 121.8278 830.7499 1237.9809 941.2737 377.3734 846.3368 216.0260 119.6983 714.1648 424.3815 625.2040 483.6435 884.4317 767.7579 250.7867 810.1254 469.5314 621.6559 81.4874 353.4337 393.4889 784.3700 1155.1760 493.8617 924.6729 971.1528 879.8648 723.2575 450.4118 206.6699 895.8848 700.1330 727.5361 1023.6668 466.7219 476.3388 762.8359 664.7597 396.5413 745.7774 259.7584 536.3810 228.7448 862.0121 821.0414 316.8350 x 773.5384 728.4645 809.4945 249.2700 369.5064 400.2916 343.0366 239.2490 864.4940 913.1224 252.4676 608.7670 921.6650 790.0798 554.0645 668.6439 409.3240 465.5334 878.5919 97.1841 883.2685 320.9552 617.9087 1185.6700 764.4898 685.7062 421.1946 646.4100 855.0930 662.4160 826.1749 845.1489 832.8211 707.7280 648.5894 608.7735 557.1303 1193.9898 615.1527
1167.6095 1031.2899 662.7175 758.9848 799.8465 313.0903 652.9638 701.3801 760.5115 1051.1120 738.6637 952.8903 665.3938 490.4009 657.0293 80.6029 962.4291 568.2315 914.5856 76.5876 847.5671 823.7635 1075.6427 473.0714 1013.2671 563.3234 925.2949 440.2505 532.2083 832.3767 304.0306 514.1442 854.8550 420.9360 952.4167 1121.3979 827.8639 727.8798 850.7226 1003.9599 1028.3535 1006.3792 354.9323 814.3971 1249.1533 1007.3437 662.9046 741.3853 966.7180 748.7897 809.8275 113.5228 706.4005 684.9842 513.8046 239.4287 805.7860 1187.9247 522.7381 803.0860 773.5384 x 899.5210 1151.7031 526.3627 798.8504 729.7691 433.7646 627.7547 996.6875 727.4590 525.2544 532.4677 849.7240 1152.2043 282.9672 937.8127 720.5355 817.5540 392.9622 870.0094 628.3441 530.8810 548.3889 865.3557 538.0933 730.1304 531.3468 636.5400 744.8478 920.3505 270.5545 577.5837 334.3600 310.8145 782.7638 803.4743 216.4126 947.8856 507.8744
288.8881 158.0367 325.5760 197.9130 115.6789 741.0322 275.5370 751.8576 637.0400 332.3018 484.5317 86.9271 598.7156 531.9606 736.7558 892.1755 629.8745 559.4730 422.5953 928.6263 549.9984 637.4392 238.6602 495.2600 242.4797 369.7723 177.4656 516.9732 643.0980 158.4717 743.5332 386.3229 760.6984 731.1406 441.3416 250.1756 613.2105 247.8731 282.0167 250.8037 157.5074 138.1856 630.6371 539.6981 364.1821 159.0598 267.9030 503.6510 370.0401 256.4276 133.0967 809.8776 340.7818 255.9586 697.6088 747.3838 512.8900 299.6269 479.0859 420.3779 728.4645 899.5210 x 276.4704 673.1697 364.1145 331.4275 676.6798 530.5431 137.0676 376.9058 737.4428 367.1484 278.9844 288.5838 638.6307 106.6943 324.9866 267.3017 654.8925 750.0365 437.5053 530.7518 351.6052 627.0352 419.9291 175.4209 438.0187 265.1469 294.0643 96.4402 715.9358 447.9534 664.7796 605.2000 119.3489 126.7652 780.4008 576.8788 392.0989
17.5105 250.6026 600.5647 396.3757 392.1370 1015.2636 500.5670 858.0465 889.5516 235.5755 587.5006 277.8278 863.5661 808.4256 856.8429 1152.5411 840.0198 833.2130 436.1086 1187.8305 597.3664 696.2775 95.9333 708.5992 184.8065 594.4579 386.1100 791.1241 806.1251 418.6903 956.6368 648.0573 814.3888 917.7605 430.6249 30.6044 853.5724 435.6294 518.8323 404.4152 255.1869 146.7969 848.2375 602.8422 99.1429 144.8934 544.0537 759.0596 348.9627 423.9273 405.6998 1054.0499 495.9634 532.4186 861.6788 974.2278 581.3637 52.7428 755.5550 499.9458 809.4945 1151.7031 276.4704 x 835.3205 457.2703 476.3633 864.8581 674.3796 275.9898 639.5227 896.3408 626.7270 516.3949 29.5476 877.7376 213.9119 478.0636 379.8357 930.7713 797.1941 710.2022 711.5728 613.0933 860.3161 695.8422 448.6712 646.5846 532.1817 559.7671 231.4939 986.9952 723.6720 938.3544 870.3559 377.0423 348.4905 1008.0662 786.8443 652.5621
852.8309 831.1983 646.5023 476.1466 631.3352 651.3515 409.9135 187.2546 941.3565 654.9988 270.7423 756.0126 846.7821 638.4782 143.3971 581.7111 1075.9001 738.7787 464.1237 598.1256 347.9856 302.7019 741.4863 229.0003 657.1137 335.2553 795.5429 557.4530 30.1207 707.0493 222.9318 442.5464 330.7110 114.1470 496.0194 806.0799 976.1605 426.5636 800.6708 886.5874 830.5693 715.6398 206.7275 317.7846 931.9317 701.0907 583.3668 848.1709 541.6661 424.9946 663.0781 416.2451 343.5232 605.6616 26.4990 287.8347 319.1374 884.1762 623.8040 358.5183 249.2700 526.3627 673.1697 835.3205 x 385.1098 360.7328 93.7731 163.0257 807.6194 754.4995 64.3056 436.9345 798.0368 823.4928 311.0205 648.8070 361.3564 455.6527 650.8452 344.5195 703.2131 146.9511 450.7031 1009.8296 577.6903 573.8318 258.4767 506.9438 712.8997 636.7122 585.9630 657.9757 599.8531 476.0673 566.6409 546.5500 310.3240 1037.6825 434.4983
474.6663 510.7046 521.3071 195.8851 383.9023 775.4263 234.6204 405.7501 872.2582 271.7996 131.6314 450.3382 800.5363 642.2006 400.7451 824.7561 933.1523 717.7079 124.6456 853.7589 188.7388 273.3372 361.7101 326.2105 274.6179 270.6457 530.4471 582.6792 357.3763 469.0085 544.1810 405.9754 396.7091 479.9186 162.8480 429.4152 876.1431 164.0870 594.3716 612.6222 511.6408 355.7449 451.4837 175.7060 551.2155 334.6566 436.9331 746.8979 169.0843 135.0349 422.2825 688.0937 103.4141 447.5965 411.5921 580.7773 148.7961 508.1783 600.5537 56.5372 369.5064 798.8504 364.1145 457.2703 385.1098 x 84.0064 431.0644 222.0851 497.9838 621.1755 443.2935 384.2427 591.1910 442.6234 517.4375 299.1704 97.7992 97.1224 723.9493 385.9494 625.0180 283.8902 383.1897 900.6632 532.7470 363.7293 271.4542 363.6980 547.9631 293.0242 724.2128 603.0439 700.9441 590.9697 304.0038 254.0773 613.5174 884.0747 403.9984
493.8443 486.5386 444.9628 140.0596 327.8927 692.8634 153.3022 420.4400 794.4007 324.0658 157.9159 418.1253 720.2656 558.5519 406.4985 751.2720 864.8442 635.3456 207.9583 781.5211 252.3143 321.9162 384.2633 257.5358 304.2090 188.0106 484.2820 498.6741 331.0809 413.1087 491.2234 321.9831 441.3160 441.9535 245.7136 446.6762 801.5539 95.9408 533.5014 570.8993 486.7143 355.3555 390.7551 231.2183 574.1378 340.3627 361.2009 671.2091 239.2688 76.0987 365.7070 621.0143 23.3779 373.8950 386.8346 520.5725 204.4508 524.2585 517.4836 125.4179 400.2916 729.7691 331.4275 476.3633 360.7328 84.0064 x 389.7187 204.6622 468.4499 547.7805 423.2269 300.3135 530.3809 466.4523 446.9108 289.9200 14.0566 97.6514 640.1247 434.2279 545.5667 236.7402 299.5596 827.3865 449.9896 296.7880 198.4885 285.0618 477.9909 279.2093 642.7281 521.5949 617.9268 509.6888 249.2749 208.7940 554.0376 817.0641 319.9934
882.2703 833.2750 604.6146 485.3833 619.7704 564.2394 403.1376 278.6089 878.3029 702.6872 333.5044 755.3591 781.5034 570.3099 234.0188 488.0179 1025.1328 671.7396 525.3597 504.8649 426.3879 391.3675 773.7936 192.5326 693.5102 315.6860 781.5844 488.8581 99.1661 689.2082 132.3284 396.5323 424.4834 54.4689 559.9158 834.8212 918.3822 438.0831 771.1436 872.5426 832.1197 736.2067 121.7825 394.4657 963.1952 725.2364 550.2175 793.5256 595.9788 443.2448 648.0605 322.9064 369.1727 573.7362 87.6801 194.6291 391.4420 911.4275 561.4428 414.8305 343.0366 433.7646 676.6798 864.8581 93.7731 431.0644 389.7187 x 218.1629 806.6644 709.6234 117.1158 395.5146 768.7341 855.9283 223.7134 667.0384 386.9843 487.3380 570.5509 438.1922 648.5476 153.2928 411.1900 953.2510 522.2099 556.6509 240.8109 479.4260 676.8724 653.1727 498.3958 600.4369 516.8027 395.2185 563.2308 552.4881 218.5981 989.9264 387.9793
691.8811 687.6873 565.9401 333.0647 506.2894 680.8202 290.1400 231.4280 893.0838 492.3847 115.5734 616.0599 805.7451 611.5216 208.6187 668.8129 1000.3445 705.0969 307.4248 692.1603 220.3857 219.2961 579.9205 198.0888 494.7406 244.5499 669.5149 535.8681 135.6198 587.8404 343.4552 383.1563 305.3570 262.4228 341.7550 645.4906 915.9489 283.2928 695.3372 759.1907 687.5459 559.3314 273.6684 187.0441 770.2899 542.9342 491.1378 784.4790 380.8351 275.2843 541.4341 514.2336 190.9088 510.3964 189.5072 393.1443 178.3404 723.9204 584.2452 198.0730 239.2490 627.7547 530.5431 674.3796 163.0257 222.0851 204.6622 218.1629 x 667.2406 675.2194 222.1313 369.7009 692.4353 661.7182 364.9231 494.5529 207.8915 295.9321 656.0950 308.3039 644.0789 102.1644 378.6667 946.5643 526.1278 458.2341 183.4737 410.2238 620.0180 483.8214 619.9149 606.5323 616.2524 492.6645 433.9450 404.4377 422.9390 957.2415 376.9035
281.0807 36.5227 367.2575 334.2437 199.0232 804.7616 403.5350 888.8896 618.0784 417.7165 620.7374 51.6102 601.1188 582.6800 873.7645 980.8073 565.7278 586.8552 544.9950 1018.2415 681.2336 771.0382 285.7979 620.8229 327.4996 494.3710 112.5332 585.7844 777.6307 174.3219 865.4719 484.6068 894.5737 860.9835 559.0237 260.9896 578.6201 384.1461 246.9336 138.5060 32.6598 194.4966 752.3066 672.8378 335.4815 225.2951 337.4128 490.4547 481.7664 393.4867 187.2322 914.6511 477.7951 317.9526 831.6645 863.3577 646.3276 274.1347 530.8481 553.7455 864.4940 996.6875 137.0676 275.9898 807.6194 497.9838 468.4499 806.6644 667.2406 x 379.5091 871.9246 468.8322 244.7996 299.2795 749.3984 211.6120 462.0513 400.8615 711.4839 883.1255 464.0550 663.7058 451.8215 584.4872 482.7748 269.4137 566.2580 363.0418 307.2325 210.9446 789.4578 488.9311 732.1848 691.9090 243.4350 262.8647 895.5623 512.3296 491.6616
648.4739 414.4882 109.4398 430.6864 274.1081 468.9786 399.9998 901.8965 263.2807 698.0061 693.8786 363.0203 224.0439 244.4764 870.4866 688.5074 325.1605 214.4822 724.9568 726.3757 799.8683 860.6577 615.1800 525.8055 612.7941 431.6836 270.2169 288.0188 729.4580 221.5969 708.5463 313.4775 971.1417 756.1504 755.0200 617.4707 255.3384 457.1342 145.6651 315.0973 409.9554 513.7174 609.1003 776.9600 711.8860 535.9599 187.8329 130.3306 703.0550 486.4756 245.3801 676.9371 539.9527 173.9216 770.7019 676.5553 750.8659 648.4254 205.0009 671.7772 913.1224 727.4590 376.9058 639.5227 754.4995 621.1755 547.7805 709.6234 675.2194 379.5091 x 811.8279 317.5669 146.3242 657.0267 554.7667 478.2554 534.5239 547.4548 369.7046 968.6299 103.3208 615.7409 304.0880 279.6710 201.2696 261.8979 502.5159 268.1521 83.3739 463.6190 474.5953 150.3284 409.3479 422.8069 339.0883 396.6903 701.5690 283.6949 321.9096
913.8474 895.4750 704.6035 540.3275 695.1297 679.9388 473.8071 176.2950 991.0251 710.9764 323.4062 820.3177 895.1058 684.8185 132.4000 587.0133 1131.4178 785.9414 514.8748 599.6069 387.2514 328.2781 802.0248 286.2758 716.8027 397.3908 859.2440 603.3998 94.3451 770.2749 223.6077 498.7240 332.4948 105.2280 544.9219 867.3202 1028.5690 490.6906 862.1139 950.3267 894.8555 778.4834 238.8982 359.3723 992.4120 763.3887 643.6914 901.8922 595.3749 488.6392 726.5797 419.9473 406.6012 666.3141 41.8395 293.3530 364.4959 945.6230 673.4923 412.9186 252.4676 525.2544 737.4428 896.3408 64.3056 443.2935 423.2269 117.1158 222.1313 871.9246 811.8279 x 494.5737 859.5224 883.8472 340.1176 712.0526 424.3537 517.1839 687.6658 349.6357 756.7387 210.4728 508.9657 1062.8260 630.6194 636.9843 320.3732 568.3040 772.7511 700.1782 613.9482 710.1323 633.7667 512.3307 630.8624 610.8018 309.9372 1094.3042 490.4663
641.8148 502.2056 210.0676 253.9720 269.9680 408.0689 157.6946 589.2919 523.4743 569.9923 413.9177 422.7400 437.9034 259.0663 555.7551 526.6471 639.9918 342.4366 506.9295 562.5708 532.2493 573.8152 559.2241 208.3439 511.1672 128.7692 412.7420 199.4645 412.0691 316.9197 415.3923 23.3516 673.7238 444.5809 543.7785 597.0661 547.5691 243.3633 378.9357 500.0862 499.5989 480.0035 306.3754 503.8408 722.0968 485.0423 158.1994 416.7901 521.3234 273.3828 285.5137 446.0140 283.0509 182.4579 453.3025 400.9529 480.7546 659.4095 221.6554 420.9664 608.7670 532.4677 367.1484 626.7270 436.9345 384.2427 300.3135 395.5146 369.7009 468.8322 317.5669 494.5737 x 376.7407 630.6241 282.5906 414.1883 286.4478 350.3344 343.7495 674.5680 274.6301 299.9439 17.6028 579.2534 158.2094 199.5753 188.8907 105.7923 281.5972 396.2257 368.2269 237.4339 330.4496 244.4573 251.7289 280.2882 431.6679 600.8619 25.9274
523.2575 277.5115 187.9360 395.5612 208.3989 609.2148 402.5546 923.8208 373.6486 611.2565 686.5307 239.8007 359.2157 382.2630 897.9243 817.7956 352.7159 360.8049 677.6792 855.8689 778.5944 852.2153 506.8944 576.9654 521.3718 462.9572 132.2885 411.3480 770.3561 126.5608 790.3845 381.5454 970.1443 819.4720 702.5582 497.6302 338.8745 434.5056 3.2081 168.9803 272.8139 405.6162 682.9229 760.5906 580.2810 431.9702 218.9979 245.8611 639.1881 458.8081 170.3744 787.7345 528.7634 195.1386 817.6874 768.8279 733.4897 518.6305 336.5584 646.1811 921.6650 849.7240 278.9844 516.3949 798.0368 591.1910 530.3809 768.7341 692.4353 244.7996 146.3242 859.5224 376.7407 x 537.0381 646.7849 385.6589 518.8815 504.0459 510.6806 964.1440 245.5295 652.4126 359.9148 349.6087 311.6643 235.9915 539.5612 291.2186 105.0961 374.3995 608.6304 284.8720 545.0361 539.5002 287.6868 341.6840 797.0297 300.4796 390.2188
40.1425 275.5660 614.0024 394.3438 404.0102 1023.4133 499.6614 840.5397 909.4135 210.7814 571.7434 297.4905 880.9443 819.5493 840.6155 1155.1046 864.4993 847.5010 414.9340 1190.0232 576.7627 675.7694 82.2041 703.9233 168.1865 592.3668 407.9155 799.4996 794.5602 435.5850 950.6697 652.3669 792.8154 908.3930 407.6817 39.6008 875.0959 431.3069 539.5569 430.0303 280.0668 153.6350 843.3792 583.4486 108.6335 145.6562 554.6196 778.2037 326.8647 417.6394 419.8912 1053.0337 486.7593 544.0754 849.9251 970.3187 562.6348 77.1153 766.7843 483.2640 790.0798 1152.2043 288.5838 29.5476 823.4928 442.6234 466.4523 855.9283 661.7182 299.2795 657.0267 883.8472 630.6241 537.0381 x 876.2761 216.4364 468.9757 369.1612 940.4652 775.2242 724.9250 702.6886 617.5290 882.6822 705.8289 457.6948 641.7420 538.5775 576.3683 234.4054 993.4542 736.5369 946.1665 874.8568 383.2874 350.8135 1004.1862 811.2101 656.5320
894.1219 781.7986 463.0607 481.9329 550.4716 340.7521 377.1925 498.2017 681.1769 768.2774 468.3279 701.8187 581.9192 370.4289 454.3980 308.9138 848.8636 471.1341 635.5281 336.5484 584.0456 577.2830 798.0344 191.2457 732.5288 284.0717 694.9138 291.6986 303.7710 599.1369 160.1169 270.6655 634.0535 246.2967 673.7455 847.2057 730.3550 447.7022 648.5527 781.1981 779.4524 734.5481 104.3576 550.6714 976.2140 732.8528 435.0480 614.3693 684.5013 467.2041 567.9444 177.1500 423.5541 459.1986 310.6039 122.3831 538.3691 916.6929 374.4369 525.3119 554.0645 282.9672 638.6307 877.7376 311.0205 517.4375 446.9108 223.7134 364.9231 749.3984 554.7667 340.1176 282.5906 646.7849 876.2761 x 664.8030 437.5801 534.8322 350.4249 644.6152 474.5051 263.1770 300.1044 766.9274 354.0555 480.2383 248.4346 387.5586 544.3413 647.8647 275.1045 422.2936 294.3390 176.8192 519.4642 532.2894 150.4537 820.2989 262.5622
229.8246 216.6788 416.2481 185.9384 206.5438 809.6406 287.7614 702.2287 740.2515 225.6083 428.4621 173.0428 697.2724 612.1118 692.8592 939.0592 736.3880 650.0558 333.7398 974.1828 475.1062 568.2384 148.6499 500.5446 136.1308 382.6536 279.8328 586.4467 618.8493 263.8053 750.2835 435.9671 691.7232 721.0103 347.4776 183.7123 718.7729 229.7298 388.6971 343.3649 218.3984 70.3846 639.9604 469.8197 311.6253 70.9339 347.9542 606.6633 271.2953 224.6370 232.9087 840.7097 305.4699 341.0476 674.5322 764.0122 444.1647 252.0914 559.9342 352.5956 668.6439 937.8127 106.6943 213.9119 648.8070 299.1704 289.9200 667.0384 494.5529 211.6120 478.2554 712.0526 414.1883 385.6589 216.4364 664.8030 x 287.7847 204.5873 729.3562 678.7925 530.6584 515.0841 401.1633 733.2607 496.2509 248.3465 439.2577 323.6429 394.9044 18.0559 777.9272 534.9521 732.0532 658.4566 169.1721 134.6853 797.7505 683.3164 440.0974
495.5084 480.9843 431.3892 131.1077 317.4919 679.9724 139.3319 427.1704 780.6150 331.8407 168.2410 411.4228 706.2904 544.5834 411.9411 740.9702 852.1447 621.2892 221.3907 771.5121 265.3898 333.3480 386.8811 249.1761 308.4348 175.3128 475.1260 484.9511 331.5140 402.5228 485.8197 308.1883 451.9914 439.7061 258.9920 448.1654 788.1032 85.0668 521.9902 562.3176 481.0334 354.2887 383.8798 243.6910 576.2399 340.4060 347.7379 657.6561 250.3015 68.5819 355.1120 612.3220 17.9604 360.6859 387.2681 513.5515 217.0755 525.3228 503.4440 139.2969 409.3240 720.5355 324.9866 478.0636 361.3564 97.7992 14.0566 386.9843 207.8915 462.0513 534.5239 424.3537 286.4478 518.8815 468.9757 437.5801 287.7847 x 101.9388 626.6255 445.3528 531.6625 233.7178 285.5804 814.0816 435.9364 284.6785 189.2301 271.2960 465.2143 276.3771 630.2316 507.5618 604.8594 497.2964 239.4196 200.9880 547.1274 804.5455 306.2768
397.3412 413.8647 453.9619 117.1787 295.6508 755.8344 192.6398 497.6645 804.9435 233.6620 223.9547 353.3207 739.8141 599.3244 489.0966 834.3397 851.0952 665.4284 177.5366 865.9681 283.3016 370.3477 286.9577 349.0686 206.6803 260.1139 435.9113 548.8293 426.3494 379.5240 587.7574 373.4813 493.7913 539.4316 208.2940 350.4552 802.6209 107.2676 507.2494 516.6295 414.7307 265.2049 485.2503 272.4233 477.1228 247.2597 370.0084 675.9943 171.3802 77.0170 333.8054 710.8169 119.1013 376.8459 481.9624 614.7178 245.6904 428.5346 553.4241 153.1178 465.5334 817.5540 267.3017 379.8357 455.6527 97.1224 97.6514 487.3380 295.9321 400.8615 547.4548 517.1839 350.3344 504.0459 369.1612 534.8322 204.5873 101.9388 x 693.9617 482.7885 563.4355 334.3910 345.0082 824.9865 484.6913 285.8187 287.8898 305.3070 470.2505 197.1510 710.4296 548.0496 678.9881 579.2098 216.8008 162.7839 648.3801 800.8438 373.5536
943.6624 748.0051 344.4115 592.7358 539.8506 99.3826 501.3688 834.3996 368.8870 908.7437 731.0380 679.1854 272.5410 129.7458 792.5363 336.6904 569.6940 178.5042 848.0149 372.7542 852.9631 874.8315 878.0030 458.3845 842.6868 454.9965 616.1526 146.0325 637.4753 537.1799 502.0590 320.7773 954.3082 596.6986 885.4737 903.3562 434.9265 586.8136 510.7293 678.0967 744.0646 786.8702 448.7701 821.7079 1018.5372 799.0134 387.0100 354.2770 865.0615 617.0756 533.0864 382.5876 620.9030 400.6492 654.8616 442.8520 801.9634 953.7448 180.6631 755.1606 878.5919 392.9622 654.8925 930.7713 650.8452 723.9493 640.1247 570.5509 656.0950 711.4839 369.7046 687.6658 343.7495 510.6806 940.4652 350.4249 729.3562 626.6255 693.9617 x 960.7682 266.5579 560.2040 349.2560 472.4481 234.9717 482.7984 481.5622 408.6536 414.1320 711.5107 122.4195 226.8524 62.9626 175.3469 560.2952 604.0060 453.5287 557.0710 321.4365
813.2110 894.0454 860.8985 572.6935 761.8292 977.5853 569.8483 178.1123 1197.4587 566.9899 277.7560 836.0836 1112.2112 919.8210 218.4512 926.2081 1291.5725 1012.9210 361.4617 942.4346 204.2580 113.0219 704.0157 502.9872 616.5120 546.6003 914.6840 843.9626 343.5550 847.1728 565.9840 689.4985 23.4858 450.3859 368.2587 774.3849 1216.0138 530.1356 967.2421 998.2179 895.2792 726.7366 541.9229 210.3732 877.5040 701.0132 781.1267 1084.2361 448.3899 508.1628 799.7998 760.6643 435.5296 797.5398 356.2520 632.2394 237.1542 849.9218 891.8642 329.6728 97.1841 870.0094 750.0365 797.1941 344.5195 385.9494 434.2279 438.1922 308.3039 883.1255 968.6299 349.6357 674.5680 964.1440 775.2242 644.6152 678.7925 445.3528 482.7885 960.7682 x 947.0471 400.5653 681.9685 1245.0406 832.2868 729.1117 491.4016 700.4789 905.4767 675.0597 914.1939 912.0018 917.4711 792.5678 682.6122 637.2564 653.6084 1245.6708 683.6498
720.7509 500.1250 115.0350 447.1476 324.7607 365.7543 392.4335 862.9829 250.9502 740.0753 679.5605 440.1275 176.3917 141.5179 828.2631 586.8506 377.4159 123.5088 738.0911 624.5939 792.9026 843.5034 674.7844 475.2989 660.1719 400.6876 360.1149 192.8913 680.4774 294.4679 632.3920 263.5557 947.0932 691.4474 771.1703 685.8523 273.7077 463.2820 245.3413 414.1911 495.8108 575.6003 540.0357 767.0078 789.0599 594.3154 194.6184 145.1584 728.5257 494.4294 305.0601 583.6588 533.7023 193.3041 716.7678 594.1895 742.2054 724.6017 106.6360 670.9592 883.2685 628.3441 437.5053 710.2022 703.2131 625.0180 545.5667 648.5476 644.0789 464.0550 103.3208 756.7387 274.6301 245.5295 724.9250 474.5051 530.6584 531.6625 563.4355 266.5579 947.0471 x 572.5505 265.5355 306.6837 126.3449 290.5057 463.3099 261.3489 157.0016 514.3598 371.9546 52.9771 306.4316 328.9297 373.7561 428.8080 616.9434 346.0490 270.8961
728.9888 688.4752 506.7199 335.9271 484.6727 580.5986 263.4536 290.7532 817.2939 553.7149 207.8507 612.1202 726.2925 525.1429 255.8953 568.7963 939.5906 621.9980 388.7821 593.2373 320.9767 319.4264 620.5758 103.4265 540.8549 189.5269 648.7717 446.8642 118.2582 560.1000 260.4010 309.0261 394.5232 206.4407 425.5393 681.5519 846.2276 287.4602 655.0960 739.8547 687.6315 583.8331 176.0097 287.5878 809.9047 572.2681 439.7556 716.1578 451.9408 290.7071 516.1709 417.6266 215.9350 461.4532 169.1535 301.2958 276.2393 758.2594 502.7673 276.4193 320.9552 530.8810 530.7518 711.5728 146.9511 283.8902 236.7402 153.2928 102.1644 663.7058 615.7409 210.4728 299.9439 652.4126 702.6886 263.1770 515.0841 233.7178 334.3910 560.2040 400.5653 572.5505 x 312.0675 878.5798 449.7340 426.8966 113.9169 361.8695 569.7456 501.6626 518.9578 530.7785 517.8107 393.3892 421.4481 404.8814 332.9223 899.4358 301.6649
628.0224 485.3422 195.8041 245.1468 253.0850 416.7426 152.8788 600.3917 515.5026 561.6097 418.4553 405.9972 431.7198 259.0137 567.5504 541.2703 627.5243 338.8160 504.9036 577.4091 535.6285 579.9190 546.9917 222.7141 500.8627 135.3684 395.1492 203.8268 425.4033 299.3271 432.7841 35.0170 681.6729 460.6682 541.3537 583.5774 537.4815 237.7553 362.1427 482.4888 482.6955 466.3056 323.4870 507.8169 708.0091 472.0822 141.1325 406.2728 516.3214 268.3460 268.1246 462.8771 283.2801 165.3309 467.5575 418.5546 484.2421 645.0758 218.9568 421.7595 617.9087 548.3889 351.6052 613.0933 450.7031 383.1897 299.5596 411.1900 378.6667 451.8215 304.0880 508.9657 17.6028 359.9148 617.5290 300.1044 401.1633 285.5804 345.0082 349.2560 681.9685 265.5355 312.0675 x 568.6362 153.3330 182.7510 199.7950 88.8438 265.6859 383.1543 378.9018 230.7710 338.8891 257.3516 237.1721 267.8806 449.2531 587.6844 40.5270
865.5344 612.6000 384.5781 708.8829 540.1948 558.2289 678.6088 1168.5271 111.0487 958.2816 972.0242 587.6033 199.9732 398.5533 1134.4457 805.9080 103.2184 302.8904 1002.4630 840.3530 1079.3510 1138.3533 856.2757 781.9657 869.3667 702.0381 474.8499 475.2643 987.1598 469.7360 926.9395 569.6362 1246.5835 994.3774 1031.4195 843.6881 37.6592 736.6905 346.7606 468.5458 607.8657 755.1756 841.4897 1056.0764 914.8180 781.5533 466.6919 162.4671 975.5614 765.8174 505.9649 847.3385 819.2103 453.5875 1023.1008 881.3824 1030.1292 856.5094 394.0773 951.4461 1185.6700 865.3557 627.0352 860.3161 1009.8296 900.6632 827.3865 953.2510 946.5643 584.4872 279.6710 1062.8260 579.2534 349.6087 882.6822 766.9274 733.2607 814.0816 824.9865 472.4481 1245.0406 306.6837 878.5798 568.6362 x 432.2905 539.2718 768.0896 545.8197 354.7983 720.9124 594.8616 352.8758 532.5592 602.7107 612.2739 669.7628 900.0252 117.5075 577.1796
708.6930 519.1241 125.0932 374.3151 305.0316 323.2970 298.5587 740.4871 367.8168 685.3382 571.6176 447.3251 279.9256 117.3712 704.7494 508.6649 503.3521 185.7558 652.0885 546.7074 688.9450 732.0228 644.7993 350.6804 614.1850 286.9725 395.7160 103.7473 555.4799 309.3154 509.6668 142.9779 830.9751 565.3770 687.4847 668.5399 398.4732 378.7908 312.7078 468.5393 515.4278 552.3230 414.5628 661.1289 783.7115 565.2809 152.0909 271.4328 655.1507 410.2786 300.1050 478.8830 434.9696 166.8537 590.8129 475.5129 637.5706 718.9528 68.7351 573.6541 764.4898 538.0933 419.9291 695.8422 577.6903 532.7470 449.9896 522.2099 526.1278 482.7748 201.2696 630.6194 158.2094 311.6643 705.8289 354.0555 496.2509 435.9364 484.6913 234.9717 832.2868 126.3449 449.7340 153.3330 432.2905 x 248.4874 343.2996 182.7437 206.7577 478.5684 307.4017 81.0453 249.4750 227.9379 327.9170 375.0723 500.3059 470.2967 149.3372
462.0964 302.6304 175.9236 169.7057 70.4154 566.6676 168.2413 689.5956 521.9112 449.7476 451.3564 223.2573 464.1454 363.8087 665.3210 719.0950 569.5335 405.3596 463.3526 755.9205 547.8682 617.7154 396.6149 365.0876 371.7814 241.4191 225.0654 342.5009 545.0268 133.3223 601.7883 216.2240 734.6229 609.8504 493.1277 420.8201 516.8553 201.8312 239.0169 315.9080 300.0328 304.0793 489.1731 527.9577 539.0186 316.8623 100.0735 391.2195 442.6110 228.8567 91.7038 645.5805 293.6015 97.2086 595.3337 595.5341 501.0856 474.6910 311.5879 416.7424 685.7062 730.1304 175.4209 448.6712 573.8318 363.7293 296.7880 556.6509 458.2341 269.4137 261.8979 636.9843 199.5753 235.9915 457.6948 480.2383 248.3465 284.6785 285.8187 482.7984 729.1117 290.5057 426.8966 182.7510 539.2718 248.4874 x 318.0125 93.9225 184.8154 230.8878 540.5317 288.4697 489.9904 431.0309 83.4896 138.5551 627.3273 520.9110 222.9290
663.5932 593.5212 393.3020 253.5579 379.4177 517.8556 162.9059 400.6101 710.8669 520.6089 249.9682 515.0968 622.5401 428.7713 368.0371 553.7101 826.9038 521.6475 393.0065 583.4027 371.9604 396.6833 561.1916 62.2322 489.9101 77.0596 542.1717 354.6378 230.9723 451.2496 311.0264 200.5608 488.8293 294.9320 431.5502 616.0259 736.4546 210.9858 542.1982 633.2870 592.2237 509.5627 201.6849 340.3295 745.7273 502.8407 325.8935 605.6387 436.7168 224.9661 408.7696 423.2476 175.1434 347.7343 278.5498 329.1386 321.4065 689.6405 400.7719 286.9508 421.1946 531.3468 438.0187 646.5846 258.4767 271.4542 198.4885 240.8109 183.4737 566.2580 502.5159 320.3732 188.8907 539.5612 641.7420 248.4346 439.2577 189.2301 287.8898 481.5622 491.4016 463.3099 113.9169 199.7950 768.0896 343.2996 318.0125 x 248.5326 455.8516 423.8919 461.7261 424.0238 447.7979 329.2662 322.8918 316.3710 362.9926 786.1625 193.9639
546.5123 396.4990 161.3250 192.2025 164.2416 486.1597 133.1864 639.8280 509.3423 502.9884 426.2170 317.1795 437.1994 299.8309 611.2126 627.0888 591.9270 360.1864 477.6202 663.6459 535.0322 592.7345 471.7014 286.9735 434.1411 172.4049 310.2696 263.8868 479.4851 214.8227 514.2093 122.4289 703.1187 531.2476 511.4970 503.2751 518.4175 202.4149 293.8129 399.2822 393.8586 385.6864 402.6765 510.7564 625.3396 394.2962 81.1272 387.2570 474.2389 233.7864 180.5418 551.7139 274.6718 100.4616 526.4694 504.3630 485.1323 561.7009 250.9654 410.4378 646.4100 636.5400 265.1469 532.1817 506.9438 363.6980 285.0618 479.4260 410.2238 363.0418 268.1521 568.3040 105.7923 291.2186 538.5775 387.5586 323.6429 271.2960 305.3070 408.6536 700.4789 261.3489 361.8695 88.8438 545.8197 182.7437 93.9225 248.5326 x 210.0048 305.6111 454.9373 242.7616 408.4726 340.2384 155.3122 195.3715 535.6860 547.5831 129.0219
569.3412 343.2066 82.9285 354.5155 190.9905 511.3408 335.8288 849.8325 346.3266 614.8459 628.6006 285.5065 305.0726 284.4920 820.9666 714.0412 386.9841 279.6324 647.6873 752.1190 730.1861 795.6795 532.5944 487.2705 529.4344 381.2043 203.7314 307.4266 686.3163 141.0982 690.8719 283.4890 909.3579 726.1775 676.6903 536.9048 333.6705 384.7938 106.3141 265.3619 338.8697 431.3723 585.4638 708.8355 635.0936 453.1066 130.0644 212.9470 622.4184 412.9316 162.0741 682.8268 472.2374 109.6275 731.0793 666.6372 682.2882 571.0458 236.0564 600.1583 855.0930 744.8478 294.0643 559.7671 712.8997 547.9631 477.9909 676.8724 620.0180 307.2325 83.3739 772.7511 281.5972 105.0961 576.3683 544.3413 394.9044 465.2143 470.2505 414.1320 905.4767 157.0016 569.7456 265.6859 354.7983 206.7577 184.8154 455.8516 210.0048 x 380.2453 506.9116 187.3675 444.4032 434.4721 258.3220 315.9764 694.2286 340.2046 292.2162
247.2643 219.0316 399.7685 170.3464 190.8883 791.6361 271.0293 694.1128 726.0507 237.3718 421.0072 169.3186 681.7801 594.5630 683.7435 921.2648 726.0219 633.3486 334.3258 956.4380 471.9512 563.8826 166.5054 484.9486 149.4155 366.1979 272.4724 568.4933 606.6946 251.1810 734.8644 417.9710 687.4808 707.2613 349.9431 201.3928 705.8052 215.2897 377.4737 339.5563 220.3823 86.7278 624.2149 465.4313 328.8976 88.9731 330.6459 592.4560 275.7680 211.8764 218.5393 823.5954 293.8919 324.1394 662.3027 747.7914 439.4447 268.8409 542.4538 347.3580 662.4160 920.3505 96.4402 231.4939 636.7122 293.0242 279.2093 653.1727 483.8214 210.9446 463.6190 700.1782 396.2257 374.3995 234.4054 647.8647 18.0559 276.3771 197.1510 711.5107 675.0597 514.3598 501.6626 383.1543 720.9124 478.5684 230.8878 423.8919 305.6111 380.2453 x 759.8714 517.9545 714.0362 640.4617 151.2595 116.9972 781.4973 673.1099 422.1304
1001.1340 825.6622 429.6507 621.7500 604.5447 66.0874 520.9187 772.9828 490.7795 936.5351 709.0830 752.1503 394.9333 230.4806 729.3597 217.0364 691.9573 298.8132 848.6350 254.1162 830.2066 838.3832 925.0538 424.3510 879.3892 454.9698 702.6202 203.8060 577.4155 616.5766 410.3235 345.2116 905.0604 515.7848 887.0083 958.1940 557.3452 606.1006 609.0985 772.1120 822.0702 840.6109 379.2449 797.5755 1079.1967 848.7809 453.7820 473.5734 877.9463 634.0135 604.6079 267.1406 621.2995 471.7818 585.6020 345.1013 780.8646 1015.0698 272.1630 747.2003 826.1749 270.5545 715.9358 986.9952 585.9630 724.2128 642.7281 498.3958 619.9149 789.4578 474.5953 613.9482 368.2269 608.6304 993.4542 275.1045 777.9272 630.2316 710.4296 122.4195 914.1939 371.9546 518.9578 378.9018 594.8616 307.4017 540.5317 461.7261 454.9373 506.9116 759.8714 x 325.2531 66.1725 133.2952 610.2457 646.1606 349.9692 678.3916 342.7305
735.1825 525.3811 123.6879 433.8642 332.7308 324.6478 368.5510 821.5315 286.8814 736.5393 648.8404 460.4065 200.9922 97.5182 785.7302 538.2690 427.8625 118.1669 719.6509 576.1718 764.7326 810.6707 681.7109 431.5183 660.2116 365.7766 390.2006 140.2196 636.0944 315.6310 580.6730 223.4934 911.0552 642.2268 753.9812 698.0348 318.4409 444.5639 285.1113 451.4256 521.2665 584.8068 490.0516 737.6564 806.3780 601.2498 188.6104 193.8869 716.3126 476.0624 318.6082 531.0052 507.9907 193.9586 670.6314 541.5790 713.5716 741.5853 54.8468 646.3919 845.1489 577.5837 447.9534 723.6720 657.9757 603.0439 521.5949 600.4369 606.5323 488.9311 150.3284 710.1323 237.4339 284.8720 736.5369 422.2936 534.9521 507.5618 548.0496 226.8524 912.0018 52.9771 530.7785 230.7710 352.8758 81.0453 288.4697 424.0238 242.7616 187.3675 517.9545 325.2531 x 260.7167 276.2328 371.6531 423.9506 564.1120 398.0060 230.1079
952.0031 768.5618 368.9242 583.9776 551.6036 77.9585 487.0140 785.1268 430.4884 900.3267 697.6554 696.5780 333.1034 164.9218 742.5324 283.1465 628.4271 233.8981 825.5635 320.2844 819.5834 835.5457 880.1675 418.2554 838.9652 430.3072 642.3903 147.9672 588.1681 558.4233 442.4375 307.0990 909.9280 540.2948 863.5630 910.0787 494.9406 572.8363 545.4043 709.7644 764.8425 792.7226 395.2696 787.6320 1028.8788 802.5754 399.2822 407.9576 848.7682 602.0220 549.1452 319.7242 597.5311 415.8444 602.3643 381.7372 769.1900 964.4006 208.5933 728.3101 832.8211 334.3600 664.7796 938.3544 599.8531 700.9441 617.9268 516.8027 616.2524 732.1848 409.3479 633.7667 330.4496 545.0361 946.1665 294.3390 732.0532 604.8594 678.9881 62.9626 917.4711 306.4316 517.8107 338.8891 532.5592 249.4750 489.9904 447.7979 408.4726 444.4032 714.0362 66.1725 260.7167 x 125.0940 563.2061 602.5998 391.4237 613.5965 306.0546
885.1802 727.2816 352.0749 494.7741 498.7628 189.0854 391.7719 660.6249 510.9809 807.3801 577.8161 650.5006 411.2216 204.5540 618.3041 288.9484 690.5084 301.4274 715.3595 326.3328 699.3745 711.8954 803.6533 295.1747 753.5505 322.1788 615.7400 136.0402 463.6090 524.0392 333.2928 222.4909 784.8869 422.4131 753.7448 840.9006 565.4358 476.1111 540.5877 693.2936 724.0765 723.5591 273.4435 667.0126 964.8326 729.3557 355.1957 458.2282 745.6623 503.2507 504.7123 254.7763 488.1427 376.3697 479.6139 280.4902 649.5684 901.5437 222.5493 614.0695 707.7280 310.8145 605.2000 870.3559 476.0673 590.9697 509.6888 395.2185 492.6645 691.9090 422.8069 512.3307 244.4573 539.5002 874.8568 176.8192 658.4566 497.2964 579.2098 175.3469 792.5678 328.9297 393.3892 257.3516 602.7107 227.9379 431.0309 329.2662 340.2384 434.4721 640.4617 133.2952 276.2328 125.0940 x 493.8102 524.7422 297.4460 667.1386 218.5317
391.5693 270.9149 258.9276 109.9417 79.9177 640.6802 160.1011 662.0877 601.3651 366.3442 407.1905 192.2055 546.6088 444.4797 642.4863 778.3330 634.6290 488.7740 392.4663 814.2996 492.1981 569.8168 317.7625 378.3238 288.5963 252.1216 236.5172 417.2986 536.8443 165.2275 625.3091 272.1830 690.3507 617.5494 419.7722 348.0091 591.9743 154.7479 290.8822 325.3813 269.4838 230.4209 512.2479 475.7851 471.0281 239.4077 183.0503 469.3213 364.1438 174.4496 118.2906 691.4196 252.1577 180.4931 590.1345 628.1051 448.5674 407.9207 392.8010 359.5378 648.5894 782.7638 119.3489 377.0423 566.6409 304.0038 249.2749 563.2308 433.9450 243.4350 339.0883 630.8624 251.7289 287.6868 383.2874 519.4642 169.1721 239.4196 216.8008 560.2952 682.6122 373.7561 421.4481 237.1721 612.2739 327.9170 83.4896 322.8918 155.3122 258.3220 151.2595 610.2457 371.6531 563.2061 493.8102 x 57.6639 661.0847 584.1405 277.2554
364.2121 284.7657 314.4476 71.3834 133.4345 680.4830 157.3409 628.0128 658.7612 312.5896 365.2825 211.6225 602.6938 492.3640 611.4785 804.4038 690.7341 541.7298 336.4204 839.4990 442.8132 524.2356 279.1127 375.7110 239.1958 253.2037 277.4427 459.1619 516.4627 216.7483 625.6208 302.4282 646.1974 606.9429 362.8824 318.3718 649.6163 121.2883 344.8910 362.5077 284.2723 202.9596 513.6648 428.4230 445.6807 205.1631 235.8529 526.8842 306.4810 132.7402 171.3124 707.4325 215.9333 235.6475 571.1051 634.8525 401.2239 384.8864 441.6241 310.3763 608.7735 803.4743 126.7652 348.4905 546.5500 254.0773 208.7940 552.4881 404.4377 262.8647 396.6903 610.8018 280.2882 341.6840 350.8135 532.2894 134.6853 200.9880 162.7839 604.0060 637.2564 428.8080 404.8814 267.8806 669.7628 375.0723 138.5551 316.3710 195.3715 315.9764 116.9972 646.1606 423.9506 602.5998 524.7422 57.6639 x 668.3846 639.8643 306.2154
1024.8862 927.1795 612.5434 612.2174 697.1692 413.6443 511.1661 485.6183 807.8764 877.9131 537.1374 847.0945 708.1220 501.5418 441.1110 277.5855 986.4463 598.7719 721.7026 289.8135 639.8360 609.8532 923.9948 300.7868 852.5231 415.4580 844.3932 427.7296 317.6474 748.5731 87.6249 420.6838 638.4630 205.0333 758.4068 977.4642 862.8099 572.8858 798.7668 931.1886 925.0223 868.0693 163.2848 607.1160 1107.1277 863.5882 585.3782 752.8246 782.5508 587.9583 716.2238 110.7914 531.0169 609.5607 297.3922 33.8710 600.9805 1049.6042 513.4639 609.3377 557.1303 216.4126 780.4008 1008.0662 310.3240 613.5174 554.0376 218.5981 422.9390 895.5623 701.5690 309.9372 431.6679 797.0297 1004.1862 150.4537 797.7505 547.1274 648.3801 453.5287 653.6084 616.9434 332.9223 449.2531 900.0252 500.3059 627.3273 362.9926 535.6860 694.2286 781.4973 349.9692 564.1120 391.4237 297.4460 661.0847 668.3846 x 960.8184 412.4679
790.1909 536.2918 392.8827 688.5187 506.5816 649.0414 675.9201 1185.0679 220.7229 908.5338 968.7607 524.3364 292.4237 464.1913 1154.0605 893.7093 53.5333 379.7052 976.2765 929.4653 1068.7249 1135.8244 793.9639 808.7664 817.7861 714.7122 409.6546 533.2871 1012.9185 426.9611 978.4405 595.5870 1249.4131 1034.7831 1002.1509 773.2472 143.1993 722.6931 297.3058 384.5811 531.6825 695.3265 884.8062 1048.2264 832.4754 723.6996 466.4607 209.0465 939.6531 749.5708 469.3640 918.8604 812.0975 448.5766 1053.4020 939.1748 1021.5144 777.3345 447.3660 937.5963 1193.9898 947.8856 576.8788 786.8443 1037.6825 884.0747 817.0641 989.9264 957.2415 512.3296 283.6949 1094.3042 600.8619 300.4796 811.2101 820.2989 683.3164 804.5455 800.8438 557.0710 1245.6708 346.0490 899.4358 587.6844 117.5075 470.2967 520.9110 786.1625 547.5831 340.2046 673.1099 678.3916 398.0060 613.5965 667.1386 584.1405 639.8643 960.8184 x 603.8396
667.6173 525.3824 216.9010 279.1473 293.1606 383.4776 181.1140 592.2181 516.9857 594.8198 427.4323 446.1788 428.8597 242.6490 557.3789 501.0785 641.4168 330.0966 527.4021 537.1102 546.9949 584.9193 585.1409 205.5763 536.7413 141.7745 432.4240 178.6808 410.7171 336.6993 400.2214 8.7273 681.9609 435.5607 564.5682 622.9258 544.5942 266.9473 392.2752 518.7262 522.6856 505.8209 293.3043 517.8896 747.8244 510.9577 173.6763 414.8844 544.1660 296.5376 307.1114 423.0055 301.8500 198.0017 449.6295 382.4064 495.4488 685.0547 208.8373 438.8269 615.1527 507.8744 392.0989 652.5621 434.4983 403.9984 319.9934 387.9793 376.9035 491.6616 321.9096 490.4663 25.9274 390.2188 656.5320 262.5622 440.0974 306.2768 373.5536 321.4365 683.6498 270.8961 301.6649 40.5270 577.1796 149.3372 222.9290 193.9639 129.0219 292.2162 422.1304 342.7305 230.1079 306.0546 218.5317 277.2554 306.2154 412.4679 603.8396 x
