50
11
Shskfk Qtvrkad Kkgjrx Vlwo Jdqnzg Ago Uorey Afitci Pyjp Wtmhw Fffpkf Znpx Rfzepj Oyeag Notyk Mfhocl Ovujrk Cmrcz Qegyks Fwsbvs Vracnu Zatvm Gop Sozcn Dgkodio Mjv Krbyrje Hngi Taac Luewed Gpgs Ldobab Ymxyxem Ekbri Sufz Meaeql Lovy Bvghsez Ajl Mqlir Lbicxjp Cfdxw Cdsve Nha Fgkf Getdw Ajpyk Vjfn Ffdty Kndr
Vlwo Jdqnzg Ago Uorey Afitci Pyjp Wtmhw Fffpkf Znpx Rfzepj Oyeag
Shskfk
x	3	12	18	4	4	15	10	13	13	7	3	3	18	8	3	9	4	7	13	9	18	7	11	18	5	20	5	3	12	10	18	18	11	7	4	13	14	1	6	14	14	15	3	17	3	5	6	1	11
3	x	10	16	2	2	13	8	11	11	5	1	1	16	6	1	7	2	5	11	7	16	5	9	16	3	18	3	1	10	8	16	16	9	5	2	11	12	x	4	12	12	13	1	15	1	3	4	x	9
12	10	x	7	9	9	4	3	2	2	6	10	10	7	5	10	4	9	6	2	4	7	6	2	7	8	9	8	10	1	3	7	7	2	6	9	2	3	x	7	3	3	4	10	6	10	8	7	x	2
18	16	7	x	15	15	4	9	6	6	12	16	16	1	11	16	10	15	12	6	10	1	12	8	1	14	3	14	16	7	9	1	1	8	12	15	6	5	x	13	5	5	4	16	2	16	14	13	x	8
4	2	9	15	x	1	12	7	10	10	4	2	2	15	5	2	6	1	4	10	6	15	4	8	15	2	17	2	2	9	7	15	15	8	4	1	10	11	x	3	11	11	12	2	14	2	2	3	x	8
4	2	9	15	1	x	12	7	10	10	4	2	2	15	5	2	6	1	4	10	6	15	4	8	15	2	17	2	2	9	7	15	15	8	4	1	10	11	x	3	11	11	12	2	14	2	2	3	x	8
15	13	4	4	12	12	x	6	3	3	9	13	13	4	8	13	7	12	9	3	7	4	9	5	4	11	6	11	13	4	6	4	4	5	9	12	3	2	x	10	2	2	1	13	3	13	11	10	x	5
10	8	3	9	7	7	6	x	4	4	4	8	8	9	3	8	2	7	4	4	2	9	4	2	9	6	11	6	8	3	1	9	9	2	4	7	4	5	x	5	5	5	6	8	8	8	6	5	x	2
13	11	2	6	10	10	3	4	x	1	7	11	11	6	6	11	5	10	7	1	5	6	7	3	6	9	8	9	11	2	4	6	6	3	7	10	1	2	x	8	2	2	3	11	5	11	9	8	x	3
13	11	2	6	10	10	3	4	1	x	7	11	11	6	6	11	5	10	7	1	5	6	7	3	6	9	8	9	11	2	4	6	6	3	7	10	1	2	x	8	2	2	3	11	5	11	9	8	x	3
7	5	6	12	4	4	9	4	7	7	x	5	5	12	2	5	3	4	1	7	3	12	1	5	12	3	14	3	5	6	4	12	12	5	1	4	7	8	x	2	8	8	9	5	11	5	3	2	x	5
3	1	10	16	2	2	13	8	11	11	5	x	1	16	6	1	7	2	5	11	7	16	5	9	16	3	18	3	1	10	8	16	16	9	5	2	11	12	x	4	12	12	13	1	15	1	3	4	x	9
3	1	10	16	2	2	13	8	11	11	5	1	x	16	6	1	7	2	5	11	7	16	5	9	16	3	18	3	1	10	8	16	16	9	5	2	11	12	x	4	12	12	13	1	15	1	3	4	x	9
18	16	7	1	15	15	4	9	6	6	12	16	16	x	11	16	10	15	12	6	10	1	12	8	1	14	3	14	16	7	9	1	1	8	12	15	6	5	x	13	5	5	4	16	2	16	14	13	x	8
8	6	5	11	5	5	8	3	6	6	2	6	6	11	x	6	2	5	2	6	2	11	2	4	11	4	13	4	6	5	3	11	11	4	2	5	6	7	x	3	7	7	8	6	10	6	4	3	x	4
3	1	10	16	2	2	13	8	11	11	5	1	1	16	6	x	7	2	5	11	7	16	5	9	16	3	18	3	1	10	8	16	16	9	5	2	11	12	x	4	12	12	13	1	15	1	3	4	x	9
9	7	4	10	6	6	7	2	5	5	3	7	7	10	2	7	x	6	3	5	1	10	3	3	10	5	12	5	7	4	2	10	10	3	3	6	5	6	x	4	6	6	7	7	9	7	5	4	x	3
4	2	9	15	1	1	12	7	10	10	4	2	2	15	5	2	6	x	4	10	6	15	4	8	15	2	17	2	2	9	7	15	15	8	4	1	10	11	x	3	11	11	12	2	14	2	2	3	x	8
7	5	6	12	4	4	9	4	7	7	1	5	5	12	2	5	3	4	x	7	3	12	1	5	12	3	14	3	5	6	4	12	12	5	1	4	7	8	x	2	8	8	9	5	11	5	3	2	x	5
13	11	2	6	10	10	3	4	1	1	7	11	11	6	6	11	5	10	7	x	5	6	7	3	6	9	8	9	11	2	4	6	6	3	7	10	1	2	x	8	2	2	3	11	5	11	9	8	x	3
9	7	4	10	6	6	7	2	5	5	3	7	7	10	2	7	1	6	3	5	x	10	3	3	10	5	12	5	7	4	2	10	10	3	3	6	5	6	x	4	6	6	7	7	9	7	5	4	x	3
18	16	7	1	15	15	4	9	6	6	12	16	16	1	11	16	10	15	12	6	10	x	12	8	1	14	3	14	16	7	9	1	1	8	12	15	6	5	x	13	5	5	4	16	2	16	14	13	x	8
7	5	6	12	4	4	9	4	7	7	1	5	5	12	2	5	3	4	1	7	3	12	x	5	12	3	14	3	5	6	4	12	12	5	1	4	7	8	x	2	8	8	9	5	11	5	3	2	x	5
11	9	2	8	8	8	5	2	3	3	5	9	9	8	4	9	3	8	5	3	3	8	5	x	8	7	10	7	9	2	2	8	8	1	5	8	3	4	x	6	4	4	5	9	7	9	7	6	x	1
18	16	7	1	15	15	4	9	6	6	12	16	16	1	11	16	10	15	12	6	10	1	12	8	x	14	3	14	16	7	9	1	1	8	12	15	6	5	x	13	5	5	4	16	2	16	14	13	x	8
5	3	8	14	2	2	11	6	9	9	3	3	3	14	4	3	5	2	3	9	5	14	3	7	14	x	16	1	3	8	6	14	14	7	3	2	9	10	x	2	10	10	11	3	13	3	1	2	x	7
20	18	9	3	17	17	6	11	8	8	14	18	18	3	13	18	12	17	14	8	12	3	14	10	3	16	x	16	18	9	11	3	3	10	14	17	8	7	x	15	7	7	6	18	4	18	16	15	x	10
5	3	8	14	2	2	11	6	9	9	3	3	3	14	4	3	5	2	3	9	5	14	3	7	14	1	16	x	3	8	6	14	14	7	3	2	9	10	x	2	10	10	11	3	13	3	1	2	x	7
3	1	10	16	2	2	13	8	11	11	5	1	1	16	6	1	7	2	5	11	7	16	5	9	16	3	18	3	x	10	8	16	16	9	5	2	11	12	x	4	12	12	13	1	15	1	3	4	x	9
12	10	1	7	9	9	4	3	2	2	6	10	10	7	5	10	4	9	6	2	4	7	6	2	7	8	9	8	10	x	3	7	7	2	6	9	2	3	x	7	3	3	4	10	6	10	8	7	x	2
10	8	3	9	7	7	6	1	4	4	4	8	8	9	3	8	2	7	4	4	2	9	4	2	9	6	11	6	8	3	x	9	9	2	4	7	4	5	x	5	5	5	6	8	8	8	6	5	x	2
18	16	7	1	15	15	4	9	6	6	12	16	16	1	11	16	10	15	12	6	10	1	12	8	1	14	3	14	16	7	9	x	1	8	12	15	6	5	x	13	5	5	4	16	2	16	14	13	x	8
18	16	7	1	15	15	4	9	6	6	12	16	16	1	11	16	10	15	12	6	10	1	12	8	1	14	3	14	16	7	9	1	x	8	12	15	6	5	x	13	5	5	4	16	2	16	14	13	x	8
11	9	2	8	8	8	5	2	3	3	5	9	9	8	4	9	3	8	5	3	3	8	5	1	8	7	10	7	9	2	2	8	8	x	5	8	3	4	x	6	4	4	5	9	7	9	7	6	x	1
7	5	6	12	4	4	9	4	7	7	1	5	5	12	2	5	3	4	1	7	3	12	1	5	12	3	14	3	5	6	4	12	12	5	x	4	7	8	x	2	8	8	9	5	11	5	3	2	x	5
4	2	9	15	1	1	12	7	10	10	4	2	2	15	5	2	6	1	4	10	6	15	4	8	15	2	17	2	2	9	7	15	15	8	4	x	10	11	x	3	11	11	12	2	14	2	2	3	x	8
13	11	2	6	10	10	3	4	1	1	7	11	11	6	6	11	5	10	7	1	5	6	7	3	6	9	8	9	11	2	4	6	6	3	7	10	x	2	x	8	2	2	3	11	5	11	9	8	x	3
14	12	3	5	11	11	2	5	2	2	8	12	12	5	7	12	6	11	8	2	6	5	8	4	5	10	7	10	12	3	5	5	5	4	8	11	2	x	x	9	1	1	2	12	4	12	10	9	x	4
1	x	x	x	x	x	x	x	x	x	x	x	x	x	x	x	x	x	x	x	x	x	x	x	x	x	x	x	x	x	x	x	x	x	x	x	x	x	x	x	x	x	x	x	x	x	x	x	x	x
6	4	7	13	3	3	10	5	8	8	2	4	4	13	3	4	4	3	2	8	4	13	2	6	13	2	15	2	4	7	5	13	13	6	2	3	8	9	x	x	9	9	10	4	12	4	2	1	x	6
14	12	3	5	11	11	2	5	2	2	8	12	12	5	7	12	6	11	8	2	6	5	8	4	5	10	7	10	12	3	5	5	5	4	8	11	2	1	x	9	x	1	2	12	4	12	10	9	x	4
14	12	3	5	11	11	2	5	2	2	8	12	12	5	7	12	6	11	8	2	6	5	8	4	5	10	7	10	12	3	5	5	5	4	8	11	2	1	x	9	1	x	2	12	4	12	10	9	x	4
15	13	4	4	12	12	1	6	3	3	9	13	13	4	8	13	7	12	9	3	7	4	9	5	4	11	6	11	13	4	6	4	4	5	9	12	3	2	x	10	2	2	x	13	3	13	11	10	x	5
3	1	10	16	2	2	13	8	11	11	5	1	1	16	6	1	7	2	5	11	7	16	5	9	16	3	18	3	1	10	8	16	16	9	5	2	11	12	x	4	12	12	13	x	15	1	3	4	x	9
17	15	6	2	14	14	3	8	5	5	11	15	15	2	10	15	9	14	11	5	9	2	11	7	2	13	4	13	15	6	8	2	2	7	11	14	5	4	x	12	4	4	3	15	x	15	13	12	x	7
3	1	10	16	2	2	13	8	11	11	5	1	1	16	6	1	7	2	5	11	7	16	5	9	16	3	18	3	1	10	8	16	16	9	5	2	11	12	x	4	12	12	13	1	15	x	3	4	x	9
5	3	8	14	2	2	11	6	9	9	3	3	3	14	4	3	5	2	3	9	5	14	3	7	14	1	16	1	3	8	6	14	14	7	3	2	9	10	x	2	10	10	11	3	13	3	x	2	x	7
6	4	7	13	3	3	10	5	8	8	2	4	4	13	3	4	4	3	2	8	4	13	2	6	13	2	15	2	4	7	5	13	13	6	2	3	8	9	x	1	9	9	10	4	12	4	2	x	x	6
1	x	x	x	x	x	x	x	x	x	x	x	x	x	x	x	x	x	x	x	x	x	x	x	x	x	x	x	x	x	x	x	x	x	x	x	x	x	x	x	x	x	x	x	x	x	x	x	x	x
11	9	2	8	8	8	5	2	3	3	5	9	9	8	4	9	3	8	5	3	3	8	5	1	8	7	10	7	9	2	2	8	8	1	5	8	3	4	x	6	4	4	5	9	7	9	7	6	x	x
