50
25
A0 B0 C0 D0 E0 F0 G0 H0 I0 J0 K0 L0 M0 N0 O0 P0 Q0 R0 S0 T0 U0 V0 W0 X0 Y0 Z0 A1 B1 C1 D1 E1 F1 G1 H1 I1 J1 K1 L1 M1 N1 O1 P1 Q1 R1 S1 T1 U1 V1 W1 X1 
A0 B0 C0 D0 E0 F0 G0 H0 I0 J0 K0 L0 O0 Q0 S0 V0 W0 X0 Z0 B1 F1 G1 H1 Q1 S1 
A0
x 86.0233 41.0 18.1108 18.868 66.0303 36.6197 32.311 45.618 74.3303 39.1152 11.1803 85.4459 55.5788 66.4003 20.0998 67.624 42.1545 60.9262 67.9779 27.5862 8.0623 17.1172 16.6433 53.0094 40.7185 47.8017 6.0 44.0114 44.5533 86.3134 51.8845 60.4152 40.2616 40.0 44.9222 66.4078 14.5602 8.544 68.4471 19.0263 62.9682 53.4603 23.6008 24.0832 60.6053 4.2426 82.7345 27.8927 64.5368
86.0233 x 57.8014 99.0353 80.7217 32.249 52.9245 114.56 75.7694 43.1856 123.1666 91.351 1.0 44.5982 30.1496 103.9423 77.4145 86.7006 29.5296 21.9317 93.9202 82.4924 75.5844 86.8159 39.6232 101.8725 44.1022 82.6801 69.2604 42.9535 11.4018 46.1736 41.1096 80.7527 83.1865 45.8039 29.8329 99.8599 88.6172 79.404 77.4726 61.5224 46.2385 96.0052 91.7606 89.7385 81.8413 13.6015 60.8112 36.6742
41.0 57.8014 x 46.6154 26.9258 54.0833 36.0555 60.9016 20.0 33.7343 70.2353 40.5216 56.9386 16.1245 53.0094 61.0328 34.2053 69.0652 28.3019 36.0555 63.2456 42.7551 42.5441 51.923 44.1475 44.1022 13.9284 41.4367 59.4643 33.5261 62.9682 49.0408 54.3415 64.2028 25.632 13.1529 30.4138 55.1453 38.833 35.805 46.0977 23.7065 13.8924 61.6117 59.7746 37.6563 38.1182 60.7289 15.6525 26.0768
18.1108 99.0353 46.6154 x 19.6977 82.365 53.2259 15.6205 43.0465 80.0062 24.2074 8.0623 98.3514 62.6498 82.4924 24.0832 64.6297 58.6941 71.6101 79.2023 41.6293 26.0192 35.2278 32.7567 69.3542 26.8701 57.1402 24.0832 62.0725 59.9083 100.7671 69.0797 77.4726 57.5587 34.5254 54.6443 75.8024 18.4391 11.1803 64.9384 37.0135 64.3817 60.4152 36.2353 38.6264 53.4883 21.587 97.4526 38.2884 72.45
18.868 80.7217 26.9258 19.6977 x 67.6757 40.3113 34.4093 26.9258 60.4401 43.566 14.0357 79.9812 42.9535 67.4166 36.8782 49.0408 58.5235 52.4976 60.208 46.0977 24.7588 30.4138 34.6554 55.0818 27.0185 37.8021 22.6274 56.0446 44.5982 83.4865 56.5685 64.3273 55.4707 21.2603 35.4683 56.3028 30.5941 13.1529 49.7695 33.6155 46.0109 40.7185 42.4382 42.5206 41.8688 18.3848 80.455 20.2485 52.7731
66.0303 32.249 54.0833 82.365 67.6757 x 29.4109 97.7548 74.0608 59.203 105.119 74.3034 32.3883 49.0408 2.2361 80.6226 84.4808 56.0446 34.9857 33.2415 66.3702 60.3075 51.6236 61.7171 13.0384 93.3916 41.7732 61.2209 38.3275 23.0868 25.4951 16.1245 9.0554 50.2892 78.2304 41.3038 41.4005 77.8974 71.1969 86.4002 52.4023 69.2892 49.3356 69.6348 64.8999 91.5478 61.8547 21.3776 48.2701 47.1699
36.6197 52.9245 36.0555 53.2259 40.3113 29.4109 x 68.4763 53.8516 57.7754 75.7166 45.1885 52.5547 40.4969 29.8329 52.0096 70.214 38.0789 35.5106 40.0 41.2311 31.1127 23.0217 34.0 16.4012 67.1193 30.2324 31.8904 24.4131 10.198 51.0392 16.2788 24.3516 32.28 55.109 27.8029 42.9535 48.7955 42.0476 71.8471 24.5967 57.9828 39.4081 43.0813 38.8973 72.2357 32.45 47.2017 23.7697 44.9444
32.311 114.56 60.9016 15.6205 34.4093 97.7548 68.4763 x 53.9351 93.6216 9.4868 23.6008 113.864 77.026 97.9439 29.1204 74.0608 69.1158 86.8332 94.4934 50.4876 39.5601 49.0408 44.1022 84.7231 29.8329 72.2011 37.9473 75.1332 75.452 116.3873 84.0952 92.5743 69.029 44.4072 69.814 90.6973 26.0768 26.6271 74.0068 50.2195 76.4003 74.793 44.5533 48.1664 60.407 36.2491 113.0708 53.7587 86.954
45.618 75.7694 20.0 43.0465 26.9258 74.0608 53.8516 53.9351 x 42.638 63.3482 40.025 74.8465 31.305 73.0068 63.6003 22.1359 82.0366 46.4866 53.8516 72.111 50.4777 53.7587 60.4649 63.7887 29.4109 33.3766 48.5489 75.4718 52.9528 82.0061 68.1542 73.9797 77.9872 9.8489 33.0606 46.5296 57.28 39.8497 22.8473 57.3149 22.8473 29.5466 68.9638 68.5055 18.3848 44.4185 80.05 30.4138 40.4969
74.3303 43.1856 33.7343 80.0062 60.4401 59.203 57.7754 93.6216 42.638 x 103.0776 74.2159 42.19 19.0263 57.2014 94.4299 36.0555 95.5196 24.7588 26.4197 93.9042 75.0067 72.6911 83.2947 56.0803 72.0069 28.6356 74.0068 81.8413 49.7393 53.1507 63.4114 64.3506 89.8888 52.2015 31.5753 17.8045 88.6848 72.5672 37.9473 75.9539 21.6333 21.0 93.2631 90.6697 51.1077 71.1126 53.1601 47.0 13.0384
39.1152 123.1666 70.2353 24.2074 43.566 105.119 75.7166 9.4868 63.3482 103.0776 x 31.8277 122.4949 86.3539 105.4372 31.0161 83.2166 72.1734 95.8019 103.407 53.0377 45.618 55.0364 48.5077 92.0869 38.2099 81.2712 44.2945 80.0812 83.2406 124.5793 90.9175 99.4786 72.8354 53.7587 78.8162 99.8599 29.8329 34.6554 83.0963 55.7136 85.8662 84.119 47.0425 51.2445 69.1158 43.2666 121.1652 62.482 96.2549
11.1803 91.351 40.5216 8.0623 14.0357 74.3034 45.1885 23.6008 40.025 74.2159 31.8277 x 90.6863 56.3028 74.4312 23.7697 62.0967 53.1413 64.3506 71.8471 37.4433 19.2354 28.0 27.313 61.2944 30.0167 50.1199 17.1172 55.0091 51.8652 92.8493 61.0983 69.4622 51.4198 32.6956 47.5079 68.884 17.4642 3.1623 62.6418 30.1496 60.0 54.0833 32.6497 34.1321 52.8394 14.0357 89.4986 30.8058 65.9242
85.4459 1.0 56.9386 98.3514 79.9812 32.3883 52.5547 113.864 74.8465 42.19 122.4949 90.6863 x 43.6578 30.2655 103.4456 76.4199 86.5794 28.6531 21.0238 93.6056 81.9878 75.1532 86.406 39.4588 101.0198 43.2666 82.1523 69.1809 42.5441 12.2066 46.0977 41.1947 80.6226 82.2982 45.0 28.8617 99.3227 87.9659 78.4092 77.0779 60.531 45.31 95.6347 91.4166 88.7694 81.2712 14.2127 60.1082 35.6931
55.5788 44.5982 16.1245 62.6498 42.9535 49.0408 40.4969 77.026 31.305 19.0263 86.3539 56.3028 43.6578 x 47.4342 75.6637 35.6931 77.4726 16.0312 22.8035 74.9667 56.0 53.7587 64.2806 42.4382 58.8982 10.2956 55.0364 64.8999 33.9411 51.6236 49.0408 51.9711 72.0139 39.4081 13.0 15.2643 70.0357 54.4059 37.6563 57.0701 20.2485 2.2361 74.2428 71.7008 45.5412 52.2398 50.1597 28.0179 10.0
66.4003 30.1496 53.0094 82.4924 67.4166 2.2361 29.8329 97.9439 73.0068 57.2014 105.4372 74.4312 30.2655 47.4342 x 81.3941 82.9699 57.7235 33.121 31.1448 67.6018 60.8769 52.345 62.6259 13.4536 92.8924 40.4475 61.7171 40.025 22.8473 23.7697 17.4642 11.0 51.923 77.4145 40.1123 39.4081 78.5175 71.3442 84.8999 53.2635 67.6757 47.8017 70.7248 66.0379 90.3549 62.2013 19.6469 47.8017 45.2769
20.0998 103.9423 61.0328 24.0832 36.8782 80.6226 52.0096 29.1204 63.6003 94.4299 31.0161 23.7697 103.4456 75.6637 81.3941 x 85.7263 41.1947 80.3243 87.0919 22.0227 21.4709 29.0689 19.4165 68.0147 50.9313 67.6831 21.5407 50.5668 61.2944 103.0049 65.1153 73.6614 42.2019 56.4624 64.7611 86.1278 6.3246 23.7697 86.3308 28.3196 82.4924 73.5527 16.0312 20.3961 76.4788 23.5372 99.2018 47.8539 84.5281
67.624 77.4145 34.2053 64.6297 49.0408 84.4808 70.214 74.0608 22.1359 36.0555 83.2166 62.0967 76.4199 35.6931 82.9699 85.7263 x 102.1763 51.3517 57.0088 93.6483 72.0694 74.4043 81.9878 76.5572 46.0977 43.0813 70.2353 93.6056 66.6483 86.0058 82.2982 86.539 97.6729 30.1496 44.2832 48.0104 79.404 61.9839 2.0 78.0064 16.0 35.171 90.7855 90.05 17.2047 66.1891 85.0529 48.7955 41.0122
42.1545 86.7006 69.0652 58.6941 58.5235 56.0446 38.0789 69.1158 82.0366 95.5196 72.1734 53.1413 86.5794 77.4726 57.7235 41.1947 102.1763 x 73.5459 77.5242 19.2354 34.4384 28.4253 25.9615 47.1699 82.8553 67.2309 36.6742 17.72 47.5184 81.4923 40.6079 47.1275 6.0 79.2023 64.4748 81.0247 43.0465 50.6952 103.4795 25.0 92.6499 76.0592 25.1794 21.0 99.3579 40.7063 77.3692 53.6004 82.8613
60.9262 29.5296 28.3019 71.6101 52.4976 34.9857 35.5106 86.8332 46.4866 24.7588 95.8019 64.3506 28.6531 16.0312 33.121 80.3243 51.3517 73.5459 x 7.8102 75.1066 59.203 54.4518 65.7647 31.4006 72.4017 14.8661 58.8218 58.5235 26.2488 35.6931 38.833 39.6232 67.6831 53.6656 17.0294 7.6158 75.3923 61.9112 53.3385 57.2189 35.5106 17.2627 75.6637 72.2496 61.5224 57.0088 34.1321 33.6155 12.2066
67.9779 21.9317 36.0555 79.2023 60.208 33.2415 40.0 94.4934 53.8516 26.4197 103.407 71.8471 21.0238 22.8035 31.1448 87.0919 57.0088 77.5242 7.8102 x 80.6226 65.7875 60.4152 71.8053 32.6956 80.1561 22.6716 65.5515 61.6117 30.0666 29.0689 40.3113 39.4081 71.5681 61.2944 24.7588 9.2195 82.3468 69.3397 59.0085 62.9682 41.0122 24.3516 81.5843 77.9295 68.2495 63.9766 28.0713 41.0488 16.1245
27.5862 93.9202 63.2456 41.6293 46.0977 66.3702 41.2311 50.4876 72.111 93.9042 53.0377 37.4433 93.6056 74.9667 67.6018 22.0227 93.6483 19.2354 75.1066 80.6226 x 21.6333 21.2132 11.6619 55.0364 67.4166 65.3758 23.6008 31.241 51.4198 90.802 50.2494 58.2495 21.0238 67.3573 62.3939 82.0061 24.5153 35.609 94.6678 18.0278 86.7295 73.1642 6.0 3.6056 87.9659 27.8029 86.764 47.8017 82.2192
8.0623 82.4924 42.7551 26.0192 24.7588 60.3075 31.1127 39.5601 50.4777 75.0067 45.618 19.2354 81.9878 56.0 60.8769 21.4709 72.0694 34.4384 59.203 65.7875 21.6333 x 9.4868 10.0 47.4236 48.4665 47.2652 2.2361 36.0555 40.0 81.8352 45.4863 54.0833 32.28 45.9674 44.2832 65.307 17.6918 16.4924 73.0616 11.0 65.8027 54.0093 18.9737 18.0278 66.5282 6.4031 78.1025 28.0179 64.2806
17.1172 75.5844 42.5441 35.2278 30.4138 51.6236 23.0217 49.0408 53.7587 72.6911 55.0364 28.0 75.1532 53.7587 52.345 29.0689 74.4043 28.4253 54.4518 60.4152 21.2132 9.4868 x 11.4018 38.9487 56.0446 44.1814 11.1803 27.0185 32.6497 74.0608 36.4005 45.0 25.0599 50.8035 41.1947 61.131 26.4008 25.02 75.6042 3.6056 66.2118 51.9711 21.2132 18.0278 70.9366 14.0357 70.214 26.9258 61.0737
16.6433 86.8159 51.923 32.7567 34.6554 61.7171 34.0 44.1022 60.4649 83.2947 48.5077 27.313 86.406 64.2806 62.6259 19.4165 81.9878 25.9615 65.7647 71.8053 11.6619 10.0 11.4018 x 49.4065 57.2451 55.0091 12.0416 31.6228 43.8634 84.9058 45.9674 54.4518 25.02 55.9017 52.0096 72.3395 18.6815 25.0599 83.006 9.434 75.2728 62.3939 10.0 8.0623 76.4853 16.2788 80.9938 36.6742 72.0
53.0094 39.6232 44.1475 69.3542 55.0818 13.0384 16.4012 84.7231 63.7887 56.0803 92.0869 61.2944 39.4588 42.4382 13.4536 68.0147 76.5572 47.1699 31.4006 32.6956 55.0364 47.4236 38.9487 49.4065 x 81.2158 33.541 48.2701 30.0167 11.0 35.7771 7.6158 10.198 41.1947 67.0075 32.311 38.833 65.0692 58.1808 78.3901 40.0 62.2656 42.19 57.8014 53.2353 81.7863 48.8262 31.7648 36.2215 43.1856
40.7185 101.8725 44.1022 26.8701 27.0185 93.3916 67.1193 29.8329 29.4109 72.0069 38.2099 30.0167 101.0198 58.8982 92.8924 50.9313 46.0977 82.8553 72.4017 80.1561 67.4166 48.4665 56.0446 57.2451 81.2158 x 57.8014 46.2385 82.5651 70.406 106.4519 83.2947 90.7965 80.6536 19.8494 56.356 74.027 45.2769 32.2025 45.7056 58.8218 51.9711 56.8507 62.426 64.1405 31.0 42.3792 103.8701 45.1221 68.6804
47.8017 44.1022 13.9284 57.1402 37.8021 41.7732 30.2324 72.2011 33.3766 28.6356 81.2712 50.1199 43.2666 10.2956 40.4475 67.6831 43.0813 67.2309 14.8661 22.6716 65.3758 47.2652 44.1814 55.0091 33.541 57.8014 x 46.5296 54.6443 24.2074 49.0408 39.6611 43.4626 61.7414 39.5601 3.0 18.7883 62.3618 47.8539 44.9444 47.3814 28.8444 9.2195 65.0077 62.2013 50.04 44.1475 46.8402 19.9249 17.0294
6.0 82.6801 41.4367 24.0832 22.6274 61.2209 31.8904 37.9473 48.5489 74.0068 44.2945 17.1172 82.1523 55.0364 61.7171 21.5407 70.2353 36.6742 58.8218 65.5515 23.6008 2.2361 11.1803 12.0416 48.2701 46.2385 46.5296 x 38.0132 40.4599 82.3286 46.6476 55.2268 34.4819 43.8634 43.566 64.7611 17.2047 14.3178 71.1969 13.0384 64.2884 53.0094 20.6155 20.0 64.4438 4.2426 78.6448 27.0185 63.5059
44.0114 69.2604 59.4643 62.0725 56.0446 38.3275 24.4131 75.1332 75.4718 81.8413 80.0812 55.0091 69.1809 64.8999 40.025 50.5668 93.6056 17.72 58.5235 61.6117 31.241 36.0555 27.0185 31.6228 30.0167 82.5651 54.6443 38.0132 x 32.311 63.7887 23.0868 29.4109 12.083 74.7329 52.2015 66.1287 50.2892 52.0384 95.1315 25.0799 82.134 63.8201 36.0555 31.0644 93.6483 41.0488 59.6657 45.2217 68.8767
44.5533 42.9535 33.5261 59.9083 44.5982 23.0868 10.198 75.452 52.9528 49.7393 83.2406 51.8652 42.5441 33.9411 22.8473 61.2944 66.6483 47.5184 26.2488 30.0666 51.4198 40.0 32.6497 43.8634 11.0 70.406 24.2074 40.4599 32.311 x 41.8688 15.6525 21.095 41.5933 56.0089 22.4722 33.8378 57.6281 48.8262 68.4251 34.5398 53.0094 33.3017 53.1413 49.0408 71.0634 40.3113 38.2099 25.318 36.7151
86.3134 11.4018 62.9682 100.7671 83.4865 25.4951 51.0392 116.3873 82.0061 53.1507 124.5793 92.8493 12.2066 51.6236 23.7697 103.0049 86.0058 81.4923 35.6931 29.0689 90.802 81.8352 74.0608 84.9058 35.7771 106.4519 49.0408 82.3286 63.7887 41.8688 x 41.1096 34.5254 75.6902 88.6002 50.1597 38.0 99.4887 89.9389 88.0057 75.4718 70.0071 52.9528 93.5361 89.0056 97.1648 82.0731 4.1231 63.2456 45.0
51.8845 46.1736 49.0408 69.0797 56.5685 16.1245 16.2788 84.0952 68.1542 63.4114 90.9175 61.0983 46.0977 49.0408 17.4642 65.1153 82.2982 40.6079 38.833 40.3113 50.2494 45.4863 36.4005 45.9674 7.6158 83.2947 39.6611 46.6476 23.0868 15.6525 41.1096 x 8.6023 34.7131 70.4557 38.0789 46.3249 62.8013 57.9396 84.0773 36.7967 68.5055 48.6004 53.6004 48.8262 86.4002 47.8539 37.0 39.1152 50.448
60.4152 41.1096 54.3415 77.4726 64.3273 9.0554 24.3516 92.5743 73.9797 64.3506 99.4786 69.4622 41.1947 51.9711 11.0 73.6614 86.539 47.1275 39.6232 39.4081 58.2495 54.0833 45.0 54.4518 10.198 90.7965 43.4626 55.2268 29.4109 21.095 34.5254 8.6023 x 41.4367 77.0584 42.3792 46.6905 71.4003 66.3099 88.3912 45.3431 72.0069 51.8845 61.8466 57.0088 91.9837 56.356 30.4138 46.0435 51.7397
40.2616 80.7527 64.2028 57.5587 55.4707 50.2892 32.28 69.029 77.9872 89.8888 72.8354 51.4198 80.6226 72.0139 51.923 42.2019 97.6729 6.0 67.6831 71.5681 21.0238 32.28 25.0599 25.02 41.1947 80.6536 61.7414 34.4819 12.083 41.5933 75.6902 34.7131 41.4367 x 75.7166 59.0339 75.1864 43.1856 48.7647 99.0353 21.9317 87.6584 70.6612 26.5707 21.8403 95.6033 38.2753 71.5681 48.9183 77.1622
40.0 83.1865 25.632 34.5254 21.2603 78.2304 55.109 44.4072 9.8489 52.2015 53.7587 32.6956 82.2982 39.4081 77.4145 56.4624 30.1496 79.2023 53.6656 61.2944 67.3573 45.9674 50.8035 55.9017 67.0075 19.8494 39.5601 43.8634 74.7329 56.0089 88.6002 70.4557 77.0584 75.7166 x 38.6005 54.6443 50.1597 33.121 30.4138 54.2033 32.6956 37.4433 63.6003 63.7809 20.6155 39.6232 86.3308 31.4006 49.0408
44.9222 45.8039 13.1529 54.6443 35.4683 41.3038 27.8029 69.814 33.0606 31.5753 78.8162 47.5079 45.0 13.0 40.1123 64.7611 44.2832 64.4748 17.0294 24.7588 62.3939 44.2832 41.1947 52.0096 32.311 56.356 3.0 43.566 52.2015 22.4722 50.1597 38.0789 42.3792 59.0339 38.6005 x 21.5407 59.4811 45.1774 46.0977 44.4072 30.6105 11.6619 62.0081 59.2115 50.2494 41.2311 47.7598 17.088 20.025
66.4078 29.8329 30.4138 75.8024 56.3028 41.4005 42.9535 90.6973 46.5296 17.8045 99.8599 68.884 28.8617 15.2643 39.4081 86.1278 48.0104 81.0247 7.6158 9.2195 82.0061 65.307 61.131 72.3395 38.833 74.027 18.7883 64.7611 66.1287 33.8378 38.0 46.3249 46.6905 75.1864 54.6443 21.5407 x 80.9568 66.6408 50.01 64.0312 32.0156 17.2047 82.2982 79.0569 59.9083 62.6418 37.2156 38.6264 7.0
14.5602 99.8599 55.1453 18.4391 30.5941 77.8974 48.7955 26.0768 57.28 88.6848 29.8329 17.4642 99.3227 70.0357 78.5175 6.3246 79.404 43.0465 75.3923 82.3468 24.5153 17.6918 26.4008 18.6815 65.0692 45.2769 62.3618 17.2047 50.2892 57.6281 99.4887 62.8013 71.4003 43.1856 50.1597 59.4811 80.9568 x 17.4642 80.0062 26.4197 76.3217 67.897 18.6815 22.0907 70.2353 18.3848 95.7758 42.45 79.0759
8.544 88.6172 38.833 11.1803 13.1529 71.1969 42.0476 26.6271 39.8497 72.5672 34.6554 3.1623 87.9659 54.4059 71.3442 23.7697 61.9839 50.6952 61.9112 69.3397 35.609 16.4924 25.02 25.0599 58.1808 32.2025 47.8539 14.3178 52.0384 48.8262 89.9389 57.9396 66.3099 48.7647 33.121 45.1774 66.6408 17.4642 x 62.6259 27.2947 59.0762 52.2015 31.1127 32.2025 53.535 11.0 86.5563 28.3019 63.9062
68.4471 79.404 35.805 64.9384 49.7695 86.4002 71.8471 74.0068 22.8473 37.9473 83.0963 62.6418 78.4092 37.6563 84.8999 86.3308 2.0 103.4795 53.3385 59.0085 94.6678 73.0616 75.6042 83.006 78.3901 45.7056 44.9444 71.1969 95.1315 68.4251 88.0057 84.0773 88.3912 99.0353 30.4138 46.0977 50.01 80.0062 62.6259 x 79.2023 18.0 37.108 91.7061 91.0659 16.1245 67.1193 87.0517 50.2096 43.0116
19.0263 77.4726 46.0977 37.0135 33.6155 52.4023 24.5967 50.2195 57.3149 75.9539 55.7136 30.1496 77.0779 57.0701 53.2635 28.3196 78.0064 25.0 57.2189 62.9682 18.0278 11.0 3.6056 9.434 40.0 58.8218 47.3814 13.0384 25.0799 34.5398 75.4718 36.7967 45.3431 21.9317 54.2033 44.4072 64.0312 26.4197 27.2947 79.2023 x 69.7782 55.3173 18.6815 15.0333 74.411 16.4924 71.5612 30.4631 64.195
62.9682 61.5224 23.7065 64.3817 46.0109 69.2892 57.9828 76.4003 22.8473 21.6333 85.8662 60.0 60.531 20.2485 67.6757 82.4924 16.0 92.6499 35.5106 41.0122 86.7295 65.8027 66.2118 75.2728 62.2656 51.9711 28.8444 64.2884 82.134 53.0094 70.0071 68.5055 72.0069 87.6584 32.6956 30.6105 32.0156 76.3217 59.0762 18.0 69.7782 x 20.1246 84.7703 83.2166 29.5296 60.6383 69.0652 39.3573 25.02
53.4603 46.2385 13.8924 60.4152 40.7185 49.3356 39.4081 74.793 29.5466 21.0 84.119 54.0833 45.31 2.2361 47.8017 73.5527 35.171 76.0592 17.2627 24.3516 73.1642 54.0093 51.9711 62.3939 42.19 56.8507 9.2195 53.0094 63.8201 33.3017 52.9528 48.6004 51.8845 70.6612 37.4433 11.6619 17.2047 67.897 52.2015 37.108 55.3173 20.1246 x 72.3395 69.8713 44.2832 50.1597 51.3517 26.0 12.2066
23.6008 96.0052 61.6117 36.2353 42.4382 69.6348 43.0813 44.5533 68.9638 93.2631 47.0425 32.6497 95.6347 74.2428 70.7248 16.0312 90.7855 25.1794 75.6637 81.5843 6.0 18.9737 21.2132 10.0 57.8014 62.426 65.0077 20.6155 36.0555 53.1413 93.5361 53.6004 61.8466 26.5707 63.6003 62.0081 82.2982 18.6815 31.1127 91.7061 18.6815 84.7703 72.3395 x 5.0 84.2021 24.5967 89.5545 46.5296 82.0
24.0832 91.7606 59.7746 38.6264 42.5206 64.8999 38.8973 48.1664 68.5055 90.6697 51.2445 34.1321 91.4166 71.7008 66.0379 20.3961 90.05 21.0 72.2496 77.9295 3.6056 18.0278 18.0278 8.0623 53.2353 64.1405 62.2013 20.0 31.0644 49.0408 89.0056 48.8262 57.0088 21.8403 63.7809 59.2115 79.0569 22.0907 32.2025 91.0659 15.0333 83.2166 69.8713 5.0 x 84.386 24.2074 85.0 44.3847 79.1012
60.6053 89.7385 37.6563 53.4883 41.8688 91.5478 72.2357 60.407 18.3848 51.1077 69.1158 52.8394 88.7694 45.5412 90.3549 76.4788 17.2047 99.3579 61.5224 68.2495 87.9659 66.5282 70.9366 76.4853 81.7863 31.0 50.04 64.4438 93.6483 71.0634 97.1648 86.4002 91.9837 95.6033 20.6155 50.2494 59.9083 70.2353 53.535 16.1245 74.411 29.5296 44.2832 84.2021 84.386 x 60.208 95.6347 48.7545 53.1601
4.2426 81.8413 38.1182 21.587 18.3848 61.8547 32.45 36.2491 44.4185 71.1126 43.2666 14.0357 81.2712 52.2398 62.2013 23.5372 66.1891 40.7063 57.0088 63.9766 27.8029 6.4031 14.0357 16.2788 48.8262 42.3792 44.1475 4.2426 41.0488 40.3113 82.0731 47.8539 56.356 38.2753 39.6232 41.2311 62.6418 18.3848 11.0 67.1193 16.4924 60.6383 50.1597 24.5967 24.2074 60.208 x 78.492 24.3311 61.0
82.7345 13.6015 60.7289 97.4526 80.455 21.3776 47.2017 113.0708 80.05 53.1601 121.1652 89.4986 14.2127 50.1597 19.6469 99.2018 85.0529 77.3692 34.1321 28.0713 86.764 78.1025 70.214 80.9938 31.7648 103.8701 46.8402 78.6448 59.6657 38.2099 4.1231 37.0 30.4138 71.5681 86.3308 47.7598 37.2156 95.7758 86.5563 87.0517 71.5612 69.0652 51.3517 89.5545 85.0 95.6347 78.492 x 60.208 44.1814
27.8927 60.8112 15.6525 38.2884 20.2485 48.2701 23.7697 53.7587 30.4138 47.0 62.482 30.8058 60.1082 28.0179 47.8017 47.8539 48.7955 53.6004 33.6155 41.0488 47.8017 28.0179 26.9258 36.6742 36.2215 45.1221 19.9249 27.0185 45.2217 25.318 63.2456 39.1152 46.0435 48.9183 31.4006 17.088 38.6264 42.45 28.3019 50.2096 30.4631 39.3573 26.0 46.5296 44.3847 48.7545 24.3311 60.208 x 36.6742
64.5368 36.6742 26.0768 72.45 52.7731 47.1699 44.9444 86.954 40.4969 13.0384 96.2549 65.9242 35.6931 10.0 45.2769 84.5281 41.0122 82.8613 12.2066 16.1245 82.2192 64.2806 61.0737 72.0 43.1856 68.6804 17.0294 63.5059 68.8767 36.7151 45.0 50.448 51.7397 77.1622 49.0408 20.025 7.0 79.0759 63.9062 43.0116 64.195 25.02 12.2066 82.0 79.1012 53.1601 61.0 44.1814 36.6742 x
