100
50
A0 B0 C0 D0 E0 F0 G0 H0 I0 J0 K0 L0 M0 N0 O0 P0 Q0 R0 S0 T0 U0 V0 W0 X0 Y0 Z0 A1 B1 C1 D1 E1 F1 G1 H1 I1 J1 K1 L1 M1 N1 O1 P1 Q1 R1 S1 T1 U1 V1 W1 X1 Y1 Z1 A2 B2 C2 D2 E2 F2 G2 H2 I2 J2 K2 L2 M2 N2 O2 P2 Q2 R2 S2 T2 U2 V2 W2 X2 Y2 Z2 A3 B3 C3 D3 E3 F3 G3 H3 I3 J3 K3 L3 M3 N3 O3 P3 Q3 R3 S3 T3 U3 V3 
A0 B0 C0 E0 F0 H0 I0 K0 L0 M0 N0 O0 P0 S0 U0 V0 Z0 A1 B1 C1 D1 F1 H1 K1 L1 M1 O1 T1 U1 V1 X1 Z1 B2 C2 N2 P2 Q2 R2 U2 V2 W2 X2 C3 D3 F3 L3 N3 P3 S3 T3 
A0
x 13.47684 10.21744 16.28675 15.55979 16.15952 18.30228 18.18353 19.29383 16.97897 17.67468 14.75317 14.29179 18.70447 16.02723 11.32454 11.4179 11.84407 10.90593 10.81237 12.43565 16.48743 12.2405 10.32109 13.36354 14.03178 14.28415 12.27062 18.95144 11.58467 14.25044 19.623 12.2287 14.3192 14.27552 16.77869 13.63799 10.9687 14.31491 10.94386 11.66351 14.80241 10.03026 11.41644 10.32778 19.67558 11.5886 19.58826 19.40938 12.49292 11.66506 11.65421 19.96933 18.91861 12.03825 18.43689 15.81712 14.73813 14.88295 18.47397 16.98319 12.04806 11.38174 11.74134 13.29703 16.8173 14.88073 10.37375 14.76599 17.00152 11.47588 14.08875 11.57182 11.27215 11.36513 10.61815 12.92576 12.2259 17.32377 19.29656 15.65946 11.38556 19.62826 19.06128 12.04827 13.55617 15.7189 13.20887 15.55255 11.13299 10.89599 16.87877 15.21198 10.37908 14.46457 12.59783 19.93022 19.22722 12.45716 15.19926
13.47684 x 14.75037 18.47207 16.78762 15.85533 10.25098 10.64727 13.35012 10.99039 17.29041 14.25026 13.33998 10.46045 13.82043 18.06638 15.83678 13.49268 10.67208 10.35397 10.38379 13.91498 14.12988 18.28371 19.48308 10.99363 16.09676 14.82423 16.51519 19.19192 17.06225 12.18031 10.3436 15.36233 17.44987 15.73712 17.37474 10.84128 19.45883 10.52435 18.88032 11.62212 10.54529 13.12014 10.95539 18.52937 19.55705 10.56641 11.65171 11.26652 14.33333 10.5674 12.4377 17.39432 19.01031 14.25117 17.26736 18.38351 14.41684 13.31927 13.76626 11.16972 11.25894 16.57405 15.04376 15.99644 14.77436 13.9947 14.36858 14.30441 17.14659 11.25845 10.67374 12.18745 12.87237 13.49606 14.54883 16.56369 15.71626 13.51808 17.42741 15.32878 19.21991 12.80701 14.07985 17.50767 19.15788 19.82651 17.50892 10.1085 15.4284 13.16472 13.17356 11.08287 11.09811 13.13613 11.86359 16.70001 11.95312 15.34068
10.21744 14.75037 x 19.07455 14.68535 10.0159 18.00293 18.08709 10.41147 11.56652 17.7173 16.77939 15.18264 11.3016 14.05028 12.64073 19.65533 13.16725 12.46298 13.95129 14.0955 11.86998 12.0058 14.01519 17.68693 14.50397 16.7409 12.26977 17.02911 13.49603 14.14956 15.93441 16.86257 12.74462 11.54854 18.46587 14.88017 13.78431 17.05521 19.2451 11.50741 15.22211 13.88995 16.24552 10.17634 17.48522 17.08931 18.74392 16.37351 19.39217 13.13952 18.5879 14.589 12.01434 18.66873 12.50077 17.36579 18.11974 19.97872 11.80866 11.54719 14.24003 14.51885 13.1544 12.99792 10.97524 12.07134 19.07522 10.88401 16.1123 11.78285 17.51595 14.90032 12.17906 16.77284 12.72475 16.38131 11.0596 16.41464 11.94432 18.17841 10.81909 19.94358 11.38594 12.25786 17.28946 16.83868 15.83326 18.82342 15.37645 14.10124 16.55416 16.64647 12.03374 12.67148 13.68803 13.77461 13.39795 16.38371 13.4901
16.28675 18.47207 19.07455 x 17.9316 13.34271 18.79085 11.87581 10.23431 12.46922 17.51842 19.80973 15.69025 12.49312 17.02932 17.04375 16.80636 17.52209 10.39147 11.08549 13.74011 15.18798 17.3845 19.65951 19.61249 17.25466 18.52509 13.15481 14.17568 10.16304 13.49949 11.17045 10.2048 16.53347 12.57751 17.89862 15.40367 10.40231 13.87652 14.85799 15.67058 18.75544 14.83423 15.10573 16.79146 10.5175 19.81197 11.97846 12.67099 15.64639 15.6909 10.91651 19.10076 11.20526 19.37418 14.3904 15.55253 12.84661 19.11562 18.02815 12.4032 19.77224 15.13762 16.15696 14.00143 18.90631 14.01737 14.9426 15.96051 16.32103 16.84286 15.52411 11.66047 11.32819 16.10664 14.31854 18.8375 13.41552 19.81654 14.42633 19.39477 15.62719 19.47002 14.55977 13.03009 19.42986 12.15254 15.81334 19.41019 10.63422 12.04821 18.80316 11.14761 11.67046 12.17181 18.45459 19.91648 18.5435 18.46171 15.92473
15.55979 16.78762 14.68535 17.9316 x 11.7759 15.16886 12.92725 10.55187 11.5254 13.29604 11.74754 11.83092 15.73408 13.31398 14.23123 16.19149 19.79851 19.62546 11.19178 12.68863 18.70144 18.3983 15.04158 15.99982 17.07606 13.48309 12.84922 10.74559 11.46498 13.20279 17.10616 18.16165 11.05502 15.05047 16.00033 19.24412 12.52111 12.94838 11.71626 10.37229 14.03697 16.48196 11.70658 13.04613 16.08524 17.08964 11.76053 15.89806 17.24026 14.19636 19.29004 12.64514 19.04923 16.33424 18.02731 13.37403 15.00219 13.27775 14.38328 19.91867 14.65178 16.66042 15.81475 14.28027 10.95184 12.4738 12.30085 10.39321 13.26422 16.05334 10.18582 14.49296 13.22399 15.73736 14.40737 17.14041 17.39215 16.33682 18.41259 13.81464 10.95284 13.20919 14.4836 11.55518 17.29137 14.68913 10.55202 13.07308 14.99514 16.24372 11.43125 18.75308 17.08239 11.63536 17.08923 17.85638 18.8429 15.06717 17.36635
16.15952 15.85533 10.0159 13.34271 11.7759 x 14.8334 16.07536 10.67314 15.4104 11.00374 17.78237 13.91788 18.60356 14.97161 14.84797 18.57793 19.43592 11.84026 13.60982 18.54313 14.92635 14.53439 17.74712 10.58123 16.56617 17.32278 15.70988 18.40178 18.30001 10.97782 17.18018 10.74707 13.2816 12.73752 15.27104 17.29245 15.63792 14.19144 13.40724 18.29917 17.41888 17.6323 16.69173 12.15985 14.63385 15.74183 11.09797 19.25399 12.09534 13.99255 12.6177 18.89434 13.17681 13.03375 14.47817 14.3128 18.39593 10.65339 19.8002 18.13992 11.41015 19.65854 14.3659 15.2349 12.85178 18.78769 10.32213 10.61059 15.75258 10.70421 18.37986 12.67036 18.24811 19.81913 11.80673 16.83635 16.69405 18.88434 13.03308 10.77614 10.32439 13.71611 17.90825 12.27067 19.84799 10.40946 10.33188 14.95723 15.03004 16.15202 10.02669 19.26462 16.08005 12.8896 11.28141 11.94234 11.988 15.8655 15.03493
18.30228 10.25098 18.00293 18.79085 15.16886 14.8334 x 14.2894 19.28356 19.38244 10.54734 16.81207 19.15298 17.70087 14.61908 13.13712 16.35384 17.46339 14.41275 10.80125 14.10055 16.82653 11.83288 10.27921 13.33134 13.03576 16.14108 12.38464 12.10578 18.95441 10.55823 10.64698 10.93934 18.88209 10.98528 18.46024 11.88308 13.72591 16.54135 10.52229 10.66887 17.63699 15.78276 12.45407 15.04604 12.96143 15.37458 17.2863 11.1095 10.39714 19.28853 18.13711 10.29399 18.04345 10.53244 16.20521 19.98759 12.57909 17.15143 17.40112 13.76737 18.68032 13.44032 11.2685 16.8487 11.0615 19.46944 16.72386 15.25763 11.67325 10.0158 12.67552 12.14543 11.80694 10.54495 12.08374 18.316 19.83589 13.87566 11.94887 14.18862 17.59931 15.27049 15.35852 18.71332 11.52459 14.52087 12.03293 11.37735 17.7658 16.91412 17.22895 13.75411 17.74375 10.82571 11.59817 10.86778 14.90363 15.59714 14.40542
18.18353 10.64727 18.08709 11.87581 12.92725 16.07536 14.2894 x 12.64696 14.52273 19.87782 14.63954 10.19523 15.04588 17.13496 11.21476 11.93168 19.74731 15.99257 13.61988 10.38727 14.66603 18.12319 13.09896 11.82622 11.988 13.7146 13.74388 13.86202 19.39527 18.59882 15.01946 18.17414 11.74915 14.71426 18.81486 15.49802 11.54 13.82494 19.43645 11.74769 11.33072 17.20936 13.44803 12.62809 11.12721 19.59289 15.20669 17.60271 19.53369 11.87978 11.22709 13.10243 18.02468 15.12193 18.66088 19.70101 11.28576 15.50815 19.71109 14.67533 19.96774 17.3231 12.64808 11.91697 11.75439 14.93651 11.93718 18.32034 18.13586 14.54714 15.12616 10.4549 12.64065 13.90822 16.88977 10.36135 11.85949 10.70542 10.64796 16.80929 14.78585 11.15764 16.44262 15.77606 11.13171 12.38903 12.72706 15.77413 19.71537 17.61852 17.58458 18.86874 14.36474 15.41364 10.253 17.29472 14.96662 10.8832 11.15671
19.29383 13.35012 10.41147 10.23431 10.55187 10.67314 19.28356 12.64696 x 18.02302 16.76871 12.63537 12.21905 14.84567 12.2982 11.45868 16.38056 12.12007 15.61726 17.85543 14.82479 15.8483 17.34757 19.74589 12.56571 14.09416 17.97881 10.05387 19.72199 15.29251 15.21859 13.96645 19.04341 16.60535 19.51969 13.70959 16.39958 19.40452 19.19488 15.53464 12.6732 17.72726 14.08906 19.80604 11.72499 19.55355 14.68012 19.91132 14.5091 13.86058 18.62106 10.00561 14.37008 16.87216 17.83229 14.12715 12.40176 17.614 14.09811 19.74956 16.9789 17.90091 11.92583 17.28615 13.14011 13.38874 14.86174 13.25806 12.9712 10.06489 17.23138 14.18927 17.95746 11.63559 16.49752 11.07831 12.1969 13.92324 19.04699 10.34165 16.77987 14.29649 12.06188 12.87138 14.49341 14.87395 13.91167 15.07638 17.9742 15.83815 15.47056 14.26277 10.43413 16.86205 18.04492 18.96211 10.42984 18.98787 14.18278 11.02575
16.97897 10.99039 11.56652 12.46922 11.5254 15.4104 19.38244 14.52273 18.02302 x 11.85356 14.00301 19.71128 11.26198 12.08203 14.70185 13.28169 18.79397 13.8521 11.10873 12.4482 13.26775 10.58652 16.3041 18.36696 11.17038 17.97813 13.54701 12.83229 14.53895 13.82175 10.47777 16.37761 11.04542 19.62272 14.65824 18.56234 10.25864 14.50907 17.031 12.37439 16.96396 16.42997 13.62148 17.45648 17.78473 10.89847 15.87178 16.32274 16.2073 15.63518 18.54744 18.81674 12.71622 11.75482 16.52224 13.65843 15.7988 11.29528 15.05372 17.47726 18.74385 12.17795 17.73117 16.33535 19.05866 14.75199 15.22366 10.73502 14.508 10.18723 16.32367 10.04607 12.85896 11.03809 10.12012 10.52831 10.78199 16.75241 12.87484 11.3166 14.71894 12.76851 14.23457 11.42 11.48437 13.79612 11.81299 15.96726 10.47597 15.77525 16.76503 12.56516 11.56295 12.53933 10.18185 19.30607 12.21261 19.14293 11.22769
17.67468 17.29041 17.7173 17.51842 13.29604 11.00374 10.54734 19.87782 16.76871 11.85356 x 16.18359 16.50181 17.47032 10.21633 15.18961 11.6824 19.9842 16.33992 18.70916 14.61834 19.80392 17.77696 15.68156 13.94393 17.50873 17.11673 10.61006 18.10245 19.4284 19.01163 10.95215 16.92081 18.76643 16.43065 15.7775 11.6072 14.32675 19.76649 12.67712 13.84156 11.95679 14.92127 10.19602 13.5431 11.17541 16.29657 19.46013 12.42218 15.06603 16.11321 12.94582 15.82755 14.16847 19.41518 11.28615 12.86111 18.17098 11.29978 18.64061 16.02228 16.29606 18.91863 19.78551 19.22258 19.89342 14.69759 15.62884 12.87808 17.44903 11.49845 17.15569 13.4972 17.93935 18.05716 14.66266 13.9394 17.52765 12.7432 10.50875 12.73607 12.75975 10.4688 14.91246 11.40615 13.10154 16.09784 18.09225 19.48933 19.14891 19.9319 18.35579 11.80921 11.85173 14.09662 14.01012 12.65351 14.84905 17.47392 14.76119
14.75317 14.25026 16.77939 19.80973 11.74754 17.78237 16.81207 14.63954 12.63537 14.00301 16.18359 x 14.01961 19.2001 10.53463 15.90526 13.76623 17.82821 17.00598 14.926 14.17785 17.38868 16.58786 14.73861 15.84524 10.7548 13.02041 17.96574 18.19297 14.80686 16.72734 11.87656 14.8256 13.73199 19.8216 19.03663 14.62351 10.30522 16.86546 11.82779 19.57771 13.05988 15.7778 19.20079 10.46341 11.89971 10.30259 11.73669 14.80798 10.51901 14.36925 13.20785 11.87231 19.10602 19.70475 16.58674 13.21091 16.47835 18.31512 10.52457 10.86517 10.34537 19.11155 14.70926 15.04692 16.84423 12.63489 12.23632 19.12273 16.59175 14.00887 12.12276 16.01533 18.43305 11.04189 13.91952 16.97755 16.49611 17.75117 12.1015 18.54487 17.75719 13.95134 10.45775 17.39381 18.92546 13.50675 15.67209 12.77958 12.10848 17.63137 10.64022 11.71874 13.17977 13.5822 16.40917 19.65345 12.19218 12.0462 11.97258
14.29179 13.33998 15.18264 15.69025 11.83092 13.91788 19.15298 10.19523 12.21905 19.71128 16.50181 14.01961 x 18.29156 18.43121 19.73988 14.29099 18.31341 11.8858 19.25775 17.1085 16.16486 18.28193 15.0674 17.02018 16.73741 10.22952 19.54343 10.28473 13.35656 14.3026 11.12683 10.8608 17.31802 15.59319 11.38731 11.4385 17.37988 13.97164 15.65209 12.34627 10.62769 11.32791 12.59481 13.74699 16.05778 13.53523 17.93182 10.413 17.74806 16.82315 16.91773 16.43585 12.52909 15.89999 15.31966 12.0473 14.03332 17.84114 12.27698 16.11967 17.33083 10.28271 16.84133 15.93765 16.57491 10.24646 16.1646 19.62304 17.01909 10.81529 12.90244 18.886 11.57075 15.36696 19.84575 11.07918 13.03629 15.17713 15.35643 14.58492 11.64388 16.59833 10.697 18.42942 16.30277 15.81443 18.46971 11.95969 15.57906 17.57 13.22469 10.62243 12.57875 14.85042 14.68738 12.58481 15.71677 10.64204 12.49398
18.70447 10.46045 11.3016 12.49312 15.73408 18.60356 17.70087 15.04588 14.84567 11.26198 17.47032 19.2001 18.29156 x 18.42865 17.68015 18.41573 14.11527 13.37671 16.16602 16.37643 18.32001 16.48925 16.18433 19.6453 15.32225 12.36038 10.45443 12.37745 17.86609 14.91671 12.5379 12.11257 15.57403 18.73057 12.2398 14.48783 19.13983 15.41441 10.28069 19.35062 19.49592 17.55341 14.49888 13.94828 13.63372 18.96102 19.74316 10.66765 13.20108 18.48497 15.7458 16.42646 15.73171 13.25278 13.7847 12.00725 11.23319 14.49212 11.11637 10.63394 11.53815 11.12097 18.58706 13.85214 18.81625 10.9623 16.29511 16.40886 15.54913 16.08277 18.802 18.15455 11.37945 13.73427 18.77571 15.49059 19.67807 15.93721 13.15959 13.78253 16.02636 16.5115 15.1215 18.52015 17.99896 10.88972 17.84031 12.69612 16.85611 19.6066 12.06737 12.76891 17.01994 15.94829 18.55701 11.0181 18.78555 19.44532 10.20907
16.02723 13.82043 14.05028 17.02932 13.31398 14.97161 14.61908 17.13496 12.2982 12.08203 10.21633 10.53463 18.43121 18.42865 x 15.69651 15.53236 12.71248 18.21533 12.42588 11.99583 17.98151 13.46465 16.99556 12.48154 19.41754 10.46962 14.26454 19.59539 17.42 12.62897 18.23341 19.22649 11.50317 12.86416 19.09159 19.1817 18.46411 11.69853 11.96942 15.4327 13.03787 19.20148 17.73901 19.7794 11.53796 15.81411 18.47319 15.0681 15.56875 14.02216 18.31124 13.22902 18.44992 18.20664 15.87328 15.20079 13.99816 12.64546 19.72743 17.63715 14.47924 19.42969 10.78414 17.20087 19.42947 18.6532 10.48493 10.99895 14.20003 14.22937 11.75512 12.05998 15.42242 14.32668 11.84555 14.12291 14.82142 17.16329 12.74278 15.78118 13.54035 19.28465 17.62418 19.67059 18.19575 14.66108 16.11017 14.41329 19.1203 10.29811 17.91395 10.73571 13.93148 14.47804 13.43886 10.62204 15.06243 19.17102 15.03666
11.32454 18.06638 12.64073 17.04375 14.23123 14.84797 13.13712 11.21476 11.45868 14.70185 15.18961 15.90526 19.73988 17.68015 15.69651 x 11.44232 10.85011 13.70736 10.63076 12.80149 13.72162 15.73643 14.99166 11.84176 12.40473 15.94456 12.48533 13.67723 11.17774 13.40655 17.88994 18.9403 16.22273 17.74536 16.32786 10.41483 16.5263 18.93107 14.2044 17.171 13.35417 13.15516 14.52975 18.18156 18.74627 17.57401 17.87933 11.08754 15.70851 13.5755 12.21403 10.53472 12.7739 18.99735 19.11325 13.93878 15.78661 11.92534 17.17066 17.38484 19.96197 12.4176 16.50177 11.77739 10.73455 11.233 19.84687 16.54958 10.97576 17.66595 10.16785 19.64699 12.0608 14.81834 15.98449 14.52318 12.18886 14.16731 19.80097 19.10404 17.59493 16.71161 11.31844 16.6982 17.95302 14.48956 17.32044 19.51912 18.38725 11.17608 18.85087 19.64884 19.77336 17.47559 16.87192 17.34898 10.20068 15.20103 18.65032
11.4179 15.83678 19.65533 16.80636 16.19149 18.57793 16.35384 11.93168 16.38056 13.28169 11.6824 13.76623 14.29099 18.41573 15.53236 11.44232 x 16.95543 18.18563 13.02398 16.20127 19.90175 13.46131 16.75322 10.9231 13.21846 18.35638 11.33523 14.94621 16.32801 14.70606 18.2753 10.45003 17.89403 16.09894 19.50851 17.78691 19.60021 14.78641 13.48963 10.47112 11.00997 17.32908 11.84603 13.66978 15.75796 12.12734 17.23608 10.90684 19.56122 17.54806 11.17948 16.91931 13.9671 14.33439 15.39332 19.07043 13.33425 13.00874 10.37322 11.69382 13.13309 12.46627 17.46797 15.30183 15.92623 13.03477 11.4512 19.65136 11.33404 12.84849 11.88152 12.70043 13.64834 11.53151 18.98672 18.83407 12.41256 11.06347 15.3327 16.16211 14.77278 14.7107 16.58095 19.25491 15.64164 11.81489 15.88448 19.66804 13.60611 17.05825 11.64899 18.92825 10.06341 10.2553 14.73907 16.98019 17.16574 13.24838 15.75635
11.84407 13.49268 13.16725 17.52209 19.79851 19.43592 17.46339 19.74731 12.12007 18.79397 19.9842 17.82821 18.31341 14.11527 12.71248 10.85011 16.95543 x 19.10537 13.23247 17.92449 14.35663 10.80899 11.576 10.12439 13.75542 16.3449 17.7669 11.00706 12.6228 14.64801 14.64035 15.60476 17.27657 15.75356 12.97185 12.21133 18.92165 16.08785 10.61014 17.21842 10.50243 14.84827 12.97178 19.54145 10.59952 17.70802 19.20565 19.11379 13.53285 16.94636 16.1028 14.79855 17.97294 19.3905 12.85681 18.34503 12.4539 18.53957 13.63496 18.28757 19.95745 17.9958 16.60598 18.08557 12.21674 11.65372 16.6112 16.23692 13.80697 13.79028 10.06358 16.27608 13.49745 15.45308 14.56144 15.84577 18.61995 11.64902 12.60287 14.0178 11.85272 16.46615 15.33524 13.97321 12.01645 11.62924 13.60594 11.52649 19.38441 15.76213 17.11143 11.23999 11.54584 13.57724 13.39309 11.93486 17.01224 16.34733 11.31009
10.90593 10.67208 12.46298 10.39147 19.62546 11.84026 14.41275 15.99257 15.61726 13.8521 16.33992 17.00598 11.8858 13.37671 18.21533 13.70736 18.18563 19.10537 x 10.83561 17.98416 17.68897 12.87058 11.80892 10.68797 16.86188 17.77123 15.1135 15.39018 16.0134 17.04456 16.85357 14.46143 17.09568 18.96166 16.23482 16.28552 12.89437 18.7656 19.86945 13.67461 14.03013 17.48332 15.32267 10.27527 12.52555 15.1409 12.27202 13.86069 19.02961 14.47285 18.3212 11.21972 17.62379 14.56539 11.15402 14.25481 10.86339 18.337 15.00867 19.06305 17.97835 10.39425 16.63447 13.66936 15.27118 11.1036 12.5768 13.00954 19.21728 11.10762 10.204 17.5124 13.22254 16.32572 11.23395 15.64876 17.28066 17.70836 17.40059 19.97626 14.72954 16.69163 19.14831 16.82735 17.57154 10.6707 14.53339 13.22593 15.6669 12.3405 18.81103 19.83887 10.21339 13.44132 16.43025 19.72744 16.44486 17.44047 19.39173
10.81237 10.35397 13.95129 11.08549 11.19178 13.60982 10.80125 13.61988 17.85543 11.10873 18.70916 14.926 19.25775 16.16602 12.42588 10.63076 13.02398 13.23247 10.83561 x 12.22551 19.52196 18.52833 14.56399 12.32207 17.33604 11.54184 15.99244 15.13219 18.84845 13.36638 15.89206 15.82757 14.89071 18.28229 19.29975 13.85444 14.309 17.78922 10.88681 15.70123 16.55112 11.88856 10.82953 10.93795 13.87988 12.12239 15.73839 12.51718 10.92069 15.25192 17.85802 15.64491 17.76767 17.74532 14.89022 10.1536 12.2739 16.14041 18.83988 12.45669 15.76854 19.27474 12.26151 10.01787 12.68437 13.1522 10.5232 10.49054 16.6505 17.66803 18.76983 19.77702 17.39644 12.9417 15.39741 10.5244 19.96376 18.00828 19.44634 19.18393 15.8585 19.81983 18.01848 11.10858 13.64559 14.40601 12.76622 15.6873 16.32467 18.79037 13.31145 15.01735 12.99596 19.17791 10.85101 16.59776 15.25532 16.14877 13.38529
12.43565 10.38379 14.0955 13.74011 12.68863 18.54313 14.10055 10.38727 14.82479 12.4482 14.61834 14.17785 17.1085 16.37643 11.99583 12.80149 16.20127 17.92449 17.98416 12.22551 x 14.60042 10.2908 19.90133 10.29225 11.93881 19.30727 13.55652 16.75043 17.20203 11.92592 11.80272 14.66252 17.60219 12.20814 18.76884 13.65915 17.10442 19.79111 10.316 12.53451 18.26717 13.09189 16.23621 15.78973 12.99433 14.1088 13.9809 17.20207 10.35055 10.4681 14.02714 12.51682 10.61366 14.20316 12.27779 12.71967 13.79317 19.63273 19.86778 13.58996 16.66765 12.7092 12.14066 17.55349 15.37413 17.32523 11.66735 14.92241 15.29726 16.37421 18.76096 10.03802 19.31186 13.24486 10.53964 16.93152 14.2941 19.53682 10.37268 19.57808 16.15933 19.15077 15.3603 14.80181 18.90772 16.31318 11.38705 15.89129 17.53951 14.72301 17.14273 10.05394 11.49513 12.57798 13.88169 17.23385 16.69807 15.28276 15.52223
16.48743 13.91498 11.86998 15.18798 18.70144 14.92635 16.82653 14.66603 15.8483 13.26775 19.80392 17.38868 16.16486 18.32001 17.98151 13.72162 19.90175 14.35663 17.68897 19.52196 14.60042 x 18.12254 14.93856 17.93851 15.96139 10.2532 18.74597 19.45495 13.72496 14.93578 12.37303 19.87982 16.70905 10.3503 17.27218 10.57393 11.53215 12.27928 19.83526 11.31568 12.61946 18.77811 19.28084 18.74333 18.31002 11.93966 17.15678 19.19963 16.16444 17.38779 16.36146 19.97524 18.08762 15.68144 19.12737 11.23265 18.73631 16.83621 19.35481 12.89107 10.19162 19.28587 18.20199 10.95098 18.39043 15.47589 17.06482 19.46306 18.5464 13.79684 12.3675 17.53215 19.39138 12.00957 14.52322 12.31669 17.79412 14.8114 13.03108 16.98863 17.43661 18.74724 12.22146 16.75901 13.96209 10.15875 17.4675 15.13531 13.68664 13.40558 14.24536 13.83788 14.07776 15.82367 18.80409 12.32634 19.68654 19.01198 10.4685
12.2405 14.12988 12.0058 17.3845 18.3983 14.53439 11.83288 18.12319 17.34757 10.58652 17.77696 16.58786 18.28193 16.48925 13.46465 15.73643 13.46131 10.80899 12.87058 18.52833 10.2908 18.12254 x 13.25446 15.35986 17.2067 12.48809 11.45739 17.88986 17.14255 14.95778 15.71827 14.70452 19.95796 15.73176 19.851 15.01667 13.94412 19.10151 14.8007 17.60142 15.35503 18.26921 18.0406 17.3033 14.3248 14.6864 13.0694 17.02585 13.45224 17.54171 15.83386 18.39914 18.39395 15.11535 10.5554 13.59323 10.23008 10.59579 12.96083 16.40623 14.19814 15.57293 15.69598 17.35127 13.29195 13.94054 15.39451 11.30939 15.64727 18.1856 15.45969 12.96634 12.161 11.58326 16.14497 11.68682 19.52366 12.16363 11.23719 15.18327 17.09376 16.16487 16.69322 10.13204 18.68342 11.50303 17.78119 12.56311 12.05527 19.90786 16.24522 10.04098 12.1261 15.41252 12.529 10.09693 11.23534 18.39098 11.24189
10.32109 18.28371 14.01519 19.65951 15.04158 17.74712 10.27921 13.09896 19.74589 16.3041 15.68156 14.73861 15.0674 16.18433 16.99556 14.99166 16.75322 11.576 11.80892 14.56399 19.90133 14.93856 13.25446 x 14.50365 17.15124 15.7416 19.74969 15.58213 14.02118 11.63383 10.00346 11.98712 15.58191 11.73565 15.6247 10.35547 12.26937 12.49286 11.16704 19.53937 18.75627 14.8121 12.88647 13.36604 10.63465 15.70115 16.19436 15.27623 14.29319 14.86351 11.01889 18.49174 11.30196 12.83992 19.5058 13.30475 13.33139 14.16184 19.82021 13.51556 12.03541 16.10352 13.63635 18.38521 12.86956 17.02502 11.3315 17.34067 10.59902 17.87048 11.79233 13.05217 10.03939 16.12508 19.93624 12.77179 18.95335 18.46619 12.14719 18.02183 17.62106 14.40472 17.02004 16.52174 12.22456 12.46128 15.25925 17.0904 13.40014 18.46409 13.00583 12.42774 15.30104 15.85859 11.02983 17.89073 17.78323 19.69861 16.45877
13.36354 19.48308 17.68693 19.61249 15.99982 10.58123 13.33134 11.82622 12.56571 18.36696 13.94393 15.84524 17.02018 19.6453 12.48154 11.84176 10.9231 10.12439 10.68797 12.32207 10.29225 17.93851 15.35986 14.50365 x 17.0138 16.69986 13.67138 12.06687 16.7413 15.99747 13.85621 13.86847 11.39637 12.91205 18.12657 10.49863 19.42684 13.06893 10.13739 15.71999 14.80763 17.92486 17.52121 12.02726 15.36086 10.27148 10.55058 19.0531 13.45114 13.25174 18.75267 14.91365 12.3412 11.89433 10.27862 19.9382 18.91258 18.59892 10.1113 11.47686 10.13716 16.72834 17.40781 15.09734 12.72328 16.6875 15.10984 19.59317 17.1159 10.07101 12.5363 10.03174 10.05337 11.73163 11.87956 16.49749 18.16058 16.35106 19.86036 14.04746 17.38718 16.80017 10.43303 11.63037 18.91248 11.11736 19.1641 18.30865 13.65216 16.16566 18.49 15.08321 15.78414 18.69102 16.44758 11.12991 11.556 13.2957 12.20279
14.03178 10.99363 14.50397 17.25466 17.07606 16.56617 13.03576 11.988 14.09416 11.17038 17.50873 10.7548 16.73741 15.32225 19.41754 12.40473 13.21846 13.75542 16.86188 17.33604 11.93881 15.96139 17.2067 17.15124 17.0138 x 16.89341 12.30943 11.88897 12.12811 11.85417 16.00658 15.81452 19.01776 13.62728 13.93546 12.99585 17.34122 12.17506 11.90527 17.32572 18.57136 11.73559 11.46932 11.91284 11.57897 13.53511 12.98978 11.42361 16.86783 14.9883 14.81338 15.11537 16.27051 16.16524 15.25294 15.07788 13.93822 11.41666 12.816 18.08903 16.19822 18.64428 15.04959 19.64891 14.22585 11.56929 17.83502 17.05948 13.8067 12.98448 13.92533 18.97899 14.22673 12.25506 14.22165 10.19946 11.52307 10.96545 11.56503 12.95709 10.40917 13.674 18.08493 12.70472 12.34973 11.68944 19.36508 16.22519 19.73988 17.21768 18.03502 16.46694 17.13163 17.51343 10.51717 12.93301 19.08807 11.77778 15.70115
14.28415 16.09676 16.7409 18.52509 13.48309 17.32278 16.14108 13.7146 17.97881 17.97813 17.11673 13.02041 10.22952 12.36038 10.46962 15.94456 18.35638 16.3449 17.77123 11.54184 19.30727 10.2532 12.48809 15.7416 16.69986 16.89341 x 12.83703 19.60157 13.08148 17.77178 10.228 14.68478 15.8153 10.31595 18.8776 10.18622 12.43792 15.61128 11.94768 19.66951 10.83404 18.05176 11.66204 19.56725 16.3636 13.58731 18.28418 17.35543 18.74256 11.19938 11.15945 16.72936 14.3959 16.99218 10.42022 19.1344 17.2758 11.71778 13.59087 12.75144 16.94975 11.99361 19.41656 15.89756 10.08201 17.24192 19.47476 14.65956 15.94716 16.44542 15.70313 12.63115 13.27047 15.40743 15.8513 17.75184 13.74092 18.2293 19.40724 14.59388 14.43624 14.24036 10.09813 19.31681 16.38541 11.38053 19.7644 18.83833 15.121 15.75015 17.37136 16.08904 14.31344 16.01704 13.74311 13.93602 16.84126 15.94137 11.14752
12.27062 14.82423 12.26977 13.15481 12.84922 15.70988 12.38464 13.74388 10.05387 13.54701 10.61006 17.96574 19.54343 10.45443 14.26454 12.48533 11.33523 17.7669 15.1135 15.99244 13.55652 18.74597 11.45739 19.74969 13.67138 12.30943 12.83703 x 12.34348 16.17059 13.24172 12.34656 18.04415 11.72628 15.80586 16.62279 19.24905 16.27897 14.3692 18.48036 13.75963 17.92615 17.88859 13.09194 10.04584 11.63389 10.07443 19.4835 18.56079 10.17728 17.02407 11.03958 14.4564 10.24608 14.78829 10.08549 14.32193 16.37864 11.12854 11.75461 17.63344 12.49785 13.13959 18.63135 12.42582 13.05782 17.38387 19.85491 13.52924 17.4492 14.60495 11.75883 10.47367 14.03254 10.83857 11.36434 12.67142 15.93318 17.53068 10.99745 12.56155 15.3936 11.74959 10.2236 11.27686 18.38934 17.05885 17.26258 11.58452 16.32329 12.03571 15.78429 15.07732 10.4762 15.51241 18.09939 15.40851 15.56899 10.2956 15.71284
18.95144 16.51519 17.02911 14.17568 10.74559 18.40178 12.10578 13.86202 19.72199 12.83229 18.10245 18.19297 10.28473 12.37745 19.59539 13.67723 14.94621 11.00706 15.39018 15.13219 16.75043 19.45495 17.88986 15.58213 12.06687 11.88897 19.60157 12.34348 x 18.46618 13.36168 17.88857 12.91959 11.37022 18.84839 14.53545 14.77563 18.29104 17.778 11.08435 12.65445 11.85458 16.57002 19.1615 15.58396 11.61077 19.96779 18.31561 18.9405 13.53387 14.25048 15.54699 10.15211 13.89761 17.34501 17.76433 16.65849 18.49627 18.96718 13.80027 15.05469 11.09502 19.68543 14.9487 18.07805 19.26354 17.64572 13.82222 12.05871 11.63562 13.74994 10.35465 18.61566 19.45407 17.53808 10.50476 18.75315 15.76069 13.9888 13.24579 19.4516 10.48168 14.60002 16.89222 12.98847 11.16448 16.31336 19.67569 14.04786 19.94064 12.5486 11.67236 13.76082 15.85021 19.79669 17.50491 19.63193 19.01126 13.75333 12.31897
11.58467 19.19192 13.49603 10.16304 11.46498 18.30001 18.95441 19.39527 15.29251 14.53895 19.4284 14.80686 13.35656 17.86609 17.42 11.17774 16.32801 12.6228 16.0134 18.84845 17.20203 13.72496 17.14255 14.02118 16.7413 12.12811 13.08148 16.17059 18.46618 x 10.53259 18.16673 16.37755 13.24465 12.21013 14.82383 15.10974 14.3659 10.29153 10.60521 11.57739 19.4546 17.60158 12.34794 17.47 12.76783 12.53651 14.82305 16.50381 14.49936 17.39778 14.234 12.86545 10.81577 19.72304 11.78408 17.61557 17.81126 15.50929 12.04109 10.76773 18.66917 16.86048 13.28812 19.40486 19.34915 17.97766 14.73648 15.50112 16.92639 17.669 14.4814 16.37592 17.48438 15.80331 10.34333 15.85018 12.68077 13.20375 19.50084 16.38164 13.77805 11.95164 19.10162 11.89981 14.44615 13.55336 14.7882 11.5969 17.32698 12.21057 18.10161 11.86774 11.4769 10.86176 14.75665 12.1824 15.28193 19.89418 19.56014
14.25044 17.06225 14.14956 13.49949 13.20279 10.97782 10.55823 18.59882 15.21859 13.82175 19.01163 16.72734 14.3026 14.91671 12.62897 13.40655 14.70606 14.64801 17.04456 13.36638 11.92592 14.93578 14.95778 11.63383 15.99747 11.85417 17.77178 13.24172 13.36168 10.53259 x 14.3132 11.69895 17.4518 18.84407 12.76771 18.86566 19.51684 17.36943 18.09495 16.83209 19.88327 18.45594 11.5895 19.24217 16.90017 15.69171 13.23856 13.40839 18.73952 15.51968 11.73555 11.69046 18.19467 17.06452 10.4383 18.09971 11.571 14.20709 14.77719 10.75539 19.13775 13.58431 12.42885 13.69787 11.10411 17.27406 14.00692 11.00325 15.85133 17.96087 18.37614 13.54362 18.42963 18.95561 17.23991 17.42089 12.31705 14.92199 18.41725 15.00765 13.87661 10.40971 10.84388 11.20184 18.24365 18.34112 12.64921 15.21646 19.71451 15.56745 19.90987 11.14582 12.39737 14.49225 17.40573 16.50202 19.74699 15.27967 13.62832
19.623 12.18031 15.93441 11.17045 17.10616 17.18018 10.64698 15.01946 13.96645 10.47777 10.95215 11.87656 11.12683 12.5379 18.23341 17.88994 18.2753 14.64035 16.85357 15.89206 11.80272 12.37303 15.71827 10.00346 13.85621 16.00658 10.228 12.34656 17.88857 18.16673 14.3132 x 18.29989 16.65574 12.03751 11.16976 15.40778 11.39659 19.45513 12.00195 18.75376 13.18439 11.89522 15.29666 17.4205 19.43445 16.31578 10.51487 14.99883 16.79716 10.91457 14.48239 10.2662 16.73633 17.6196 13.79365 12.44139 17.83987 14.71679 13.16786 11.07032 16.94242 19.4261 12.3928 15.85789 16.4834 15.21405 12.85109 13.2159 19.0149 15.81018 16.3664 11.36772 13.35643 10.44995 16.10996 15.44468 15.16894 10.07173 13.85452 10.5676 14.52371 10.7274 19.58088 10.60132 16.95892 10.84871 18.53212 12.82989 17.9596 18.35638 14.22528 19.14459 18.57434 18.79824 13.8795 14.55384 12.12684 12.56619 17.81235
12.2287 10.3436 16.86257 10.2048 18.16165 10.74707 10.93934 18.17414 19.04341 16.37761 16.92081 14.8256 10.8608 12.11257 19.22649 18.9403 10.45003 15.60476 14.46143 15.82757 14.66252 19.87982 14.70452 11.98712 13.86847 15.81452 14.68478 18.04415 12.91959 16.37755 11.69895 18.29989 x 18.17569 10.82835 16.39757 18.94299 14.45447 17.93588 12.8081 17.95108 14.97363 15.53367 16.73661 10.05088 19.55002 13.47004 15.80558 18.96021 18.57069 10.68919 18.59366 18.52689 12.48551 17.05561 15.04317 11.90217 19.52268 15.07903 16.74814 19.65728 11.35908 10.64503 19.84694 19.32422 13.67824 16.64173 15.81391 19.91566 16.8467 15.39682 19.68924 14.20011 10.44495 18.55473 18.32728 11.55722 11.40982 17.0648 11.38657 13.77399 11.25764 16.29189 11.1286 19.6002 18.33724 11.15195 12.96973 10.14025 17.0275 18.90768 16.56817 14.57723 18.90954 13.54127 16.4051 12.47123 17.23849 12.27693 17.59405
14.3192 15.36233 12.74462 16.53347 11.05502 13.2816 18.88209 11.74915 16.60535 11.04542 18.76643 13.73199 17.31802 15.57403 11.50317 16.22273 17.89403 17.27657 17.09568 14.89071 17.60219 16.70905 19.95796 15.58191 11.39637 19.01776 15.8153 11.72628 11.37022 13.24465 17.4518 16.65574 18.17569 x 16.70128 19.99488 11.12314 17.73588 17.53888 17.80271 12.48117 16.59784 14.50681 14.82721 19.23904 15.16718 16.39057 10.62072 18.95978 17.59193 12.16775 17.37784 17.62611 11.33856 10.78916 10.27478 15.5261 16.69521 12.55382 17.09087 13.01736 17.1956 11.83363 14.45402 12.61219 16.06397 13.77927 17.91974 14.393 18.2897 12.09196 16.6712 12.09532 19.13173 16.89351 11.28254 17.39326 13.31109 16.09294 18.53897 13.64537 19.82362 17.64212 13.92226 17.53128 10.81314 10.1686 19.62824 12.56024 13.78741 13.59246 12.20716 17.95575 13.74934 12.37143 10.19918 13.39001 18.99801 16.00346 11.90506
14.27552 17.44987 11.54854 12.57751 15.05047 12.73752 10.98528 14.71426 19.51969 19.62272 16.43065 19.8216 15.59319 18.73057 12.86416 17.74536 16.09894 15.75356 18.96166 18.28229 12.20814 10.3503 15.73176 11.73565 12.91205 13.62728 10.31595 15.80586 18.84839 12.21013 18.84407 12.03751 10.82835 16.70128 x 13.59493 11.27567 16.23277 17.65671 13.30614 13.68033 19.87281 12.01231 15.13821 11.27573 19.42407 13.58946 10.13441 17.49567 19.94456 16.4688 18.31153 19.25807 15.14414 17.48527 19.51997 19.48327 15.64731 11.56856 15.78076 15.39468 16.42395 15.09702 18.03474 11.06264 15.88447 16.43884 17.09382 11.6178 19.87411 15.0763 11.63577 10.17041 16.50285 10.10608 14.24014 14.51392 11.75857 10.19898 17.86375 16.65042 11.70875 12.12099 10.8252 17.4038 14.76432 12.91793 17.54337 18.91614 13.11895 16.22639 16.90816 15.26925 14.83999 12.97682 18.78576 13.74445 13.00491 15.12229 15.13746
16.77869 15.73712 18.46587 17.89862 16.00033 15.27104 18.46024 18.81486 13.70959 14.65824 15.7775 19.03663 11.38731 12.2398 19.09159 16.32786 19.50851 12.97185 16.23482 19.29975 18.76884 17.27218 19.851 15.6247 18.12657 13.93546 18.8776 16.62279 14.53545 14.82383 12.76771 11.16976 16.39757 19.99488 13.59493 x 15.7583 19.0404 19.27707 14.40462 16.22182 17.20403 17.79154 14.00556 16.04487 13.67365 10.87375 14.44228 12.02429 10.42661 10.35798 16.93478 19.46085 17.98614 16.5445 11.94198 18.22983 11.50612 19.87518 11.41245 11.21141 10.28302 11.22255 16.18473 12.82587 18.39681 19.4022 18.89904 14.48803 16.49231 12.88176 14.0484 16.48936 18.29392 13.81979 12.92838 11.87384 16.11663 12.63593 12.59505 16.98858 13.68979 15.41448 16.44624 10.72513 15.90617 15.03417 13.38376 12.08399 13.8047 12.12228 16.00544 14.79795 17.18069 16.51076 15.2863 12.70893 10.21098 16.7279 17.92825
13.63799 17.37474 14.88017 15.40367 19.24412 17.29245 11.88308 15.49802 16.39958 18.56234 11.6072 14.62351 11.4385 14.48783 19.1817 10.41483 17.78691 12.21133 16.28552 13.85444 13.65915 10.57393 15.01667 10.35547 10.49863 12.99585 10.18622 19.24905 14.77563 15.10974 18.86566 15.40778 18.94299 11.12314 11.27567 15.7583 x 14.18296 12.98839 16.88487 17.87695 11.67808 10.0763 15.80463 18.77898 19.49247 11.29657 18.39143 19.67501 10.66754 14.96172 19.02913 14.60254 10.07653 17.00278 16.4392 16.19525 14.57127 10.29244 13.05624 16.51008 18.50848 11.01189 13.0346 12.23709 12.02343 14.92248 17.21999 16.40856 15.53335 11.04525 18.44258 19.58833 14.4569 12.24455 16.91195 10.66015 17.47531 16.80935 12.27318 12.82687 10.01199 16.64641 12.77617 11.91994 14.11177 18.95429 17.99801 15.71839 13.75498 11.48912 15.0284 16.63812 10.75054 12.08118 12.67048 12.66823 19.24781 10.83704 18.4171
10.9687 10.84128 13.78431 10.40231 12.52111 15.63792 13.72591 11.54 19.40452 10.25864 14.32675 10.30522 17.37988 19.13983 18.46411 16.5263 19.60021 18.92165 12.89437 14.309 17.10442 11.53215 13.94412 12.26937 19.42684 17.34122 12.43792 16.27897 18.29104 14.3659 19.51684 11.39659 14.45447 17.73588 16.23277 19.0404 14.18296 x 18.52905 18.5905 15.79961 10.19337 12.46076 12.40085 10.70821 16.56869 16.45671 15.92824 14.98864 17.15706 10.60535 13.77997 15.64542 16.8743 15.41269 13.88766 10.3411 19.51898 17.95029 10.80481 10.69819 16.2796 13.57357 19.10672 19.75449 13.71448 18.98942 18.45027 10.79937 18.18389 11.37815 17.542 11.47944 19.18081 19.12653 18.12327 10.86669 12.07024 13.29285 17.62589 16.80547 11.57071 16.10973 14.78114 18.10173 11.39209 10.25201 16.0361 12.97781 11.33034 15.30256 14.39037 16.33247 19.42757 19.80116 16.66572 12.1309 10.53197 15.08608 16.56223
14.31491 19.45883 17.05521 13.87652 12.94838 14.19144 16.54135 13.82494 19.19488 14.50907 19.76649 16.86546 13.97164 15.41441 11.69853 18.93107 14.78641 16.08785 18.7656 17.78922 19.79111 12.27928 19.10151 12.49286 13.06893 12.17506 15.61128 14.3692 17.778 10.29153 17.36943 19.45513 17.93588 17.53888 17.65671 19.27707 12.98839 18.52905 x 12.66497 11.30895 18.14782 18.21293 16.20831 13.31593 16.37059 13.85385 13.89934 13.82408 10.54426 18.44232 14.22669 15.54691 10.6548 19.23171 13.32723 16.33997 19.86219 17.95858 11.00303 18.26161 12.40264 11.69648 15.88387 14.70986 11.62168 19.26988 18.80056 19.80658 17.41684 19.04021 12.60383 14.2545 16.65118 11.05215 15.57856 10.27511 19.19757 10.20877 11.91828 14.95866 11.17597 17.7652 18.00322 15.76323 11.03097 10.41311 16.8351 10.34506 11.91429 10.55683 13.10651 17.89168 19.90229 13.94135 17.59288 14.87827 12.96487 17.498 14.63247
10.94386 10.52435 19.2451 14.85799 11.71626 13.40724 10.52229 19.43645 15.53464 17.031 12.67712 11.82779 15.65209 10.28069 11.96942 14.2044 13.48963 10.61014 19.86945 10.88681 10.316 19.83526 14.8007 11.16704 10.13739 11.90527 11.94768 18.48036 11.08435 10.60521 18.09495 12.00195 12.8081 17.80271 13.30614 14.40462 16.88487 18.5905 12.66497 x 10.50465 10.5577 15.77729 15.40795 15.70886 12.86234 15.46086 18.47118 19.05738 12.05479 19.41602 17.21128 10.43325 19.04005 18.04885 13.86799 18.43293 18.74238 11.574 13.78505 10.14514 18.99321 12.96025 16.6666 12.30754 10.68524 13.18405 11.60638 19.20313 17.35084 10.69307 14.78956 18.84386 17.29688 18.57331 10.67064 11.84047 10.1423 14.047 18.69342 19.91713 10.04345 19.91223 17.50832 19.26613 12.46819 14.36528 10.10291 15.2259 19.68999 11.02925 13.2181 13.72767 11.14778 16.23157 14.89047 11.54117 12.95084 10.53925 11.6047
11.66351 18.88032 11.50741 15.67058 10.37229 18.29917 10.66887 11.74769 12.6732 12.37439 13.84156 19.57771 12.34627 19.35062 15.4327 17.171 10.47112 17.21842 13.67461 15.70123 12.53451 11.31568 17.60142 19.53937 15.71999 17.32572 19.66951 13.75963 12.65445 11.57739 16.83209 18.75376 17.95108 12.48117 13.68033 16.22182 17.87695 15.79961 11.30895 10.50465 x 11.57218 12.80106 16.87185 15.28901 16.02115 17.96528 14.11887 18.97377 15.43829 15.96129 18.67968 17.67588 17.59831 16.80003 15.44383 19.73688 18.61913 11.99161 12.66269 18.05286 12.93729 11.20127 12.58694 16.36197 16.87027 15.31934 17.38837 12.18576 15.18001 13.41559 16.40405 17.92343 12.72031 14.68436 16.17324 18.90069 14.61962 12.49077 18.27474 11.1979 12.59701 16.46896 11.39456 14.45912 16.04227 15.38816 19.60261 17.27695 11.59191 16.3461 13.6711 13.65428 12.35922 15.88833 11.25389 12.32388 19.51233 14.06461 13.08067
14.80241 11.62212 15.22211 18.75544 14.03697 17.41888 17.63699 11.33072 17.72726 16.96396 11.95679 13.05988 10.62769 19.49592 13.03787 13.35417 11.00997 10.50243 14.03013 16.55112 18.26717 12.61946 15.35503 18.75627 14.80763 18.57136 10.83404 17.92615 11.85458 19.4546 19.88327 13.18439 14.97363 16.59784 19.87281 17.20403 11.67808 10.19337 18.14782 10.5577 11.57218 x 18.39171 10.21399 10.78402 16.03334 15.20414 17.54503 14.15555 16.44167 15.01124 12.47251 10.71644 15.89828 14.88783 18.49549 15.5236 14.74616 19.7936 19.19487 19.41599 13.62214 14.94339 14.83793 13.9557 16.44103 19.90289 15.59764 11.97224 12.18115 13.53678 11.76385 14.87473 12.36533 10.98001 15.89743 16.83641 13.05327 10.63227 16.2719 18.83834 19.14546 13.41771 15.05421 10.52802 11.30577 17.69148 18.59877 18.67392 13.89844 18.89433 19.96329 14.97214 14.30577 17.41327 18.09503 19.53753 17.74222 12.15991 18.72137
10.03026 10.54529 13.88995 14.83423 16.48196 17.6323 15.78276 17.20936 14.08906 16.42997 14.92127 15.7778 11.32791 17.55341 19.20148 13.15516 17.32908 14.84827 17.48332 11.88856 13.09189 18.77811 18.26921 14.8121 17.92486 11.73559 18.05176 17.88859 16.57002 17.60158 18.45594 11.89522 15.53367 14.50681 12.01231 17.79154 10.0763 12.46076 18.21293 15.77729 12.80106 18.39171 x 12.19754 14.00161 16.1315 15.59053 14.38195 10.20686 10.17556 10.17627 15.71201 15.26696 11.53376 19.39327 15.12579 16.25868 16.12133 11.7095 18.85204 13.41887 11.13598 12.91649 10.79794 15.50335 13.48547 14.4182 11.34395 12.52193 10.04673 16.02998 11.65829 15.99599 13.98089 18.34301 10.20201 14.61551 18.34427 12.57201 17.34956 17.57224 18.41816 15.86092 11.84661 15.94016 18.57207 13.84744 12.32441 12.2239 12.50229 11.11193 15.76826 11.99821 10.9165 17.28078 13.28716 12.67204 16.60794 12.53473 18.33211
11.41644 13.12014 16.24552 15.10573 11.70658 16.69173 12.45407 13.44803 19.80604 13.62148 10.19602 19.20079 12.59481 14.49888 17.73901 14.52975 11.84603 12.97178 15.32267 10.82953 16.23621 19.28084 18.0406 12.88647 17.52121 11.46932 11.66204 13.09194 19.1615 12.34794 11.5895 15.29666 16.73661 14.82721 15.13821 14.00556 15.80463 12.40085 16.20831 15.40795 16.87185 10.21399 12.19754 x 11.77956 11.34864 13.18283 13.9294 13.44356 16.83236 19.78126 17.45669 12.91614 19.12317 12.19748 12.36382 11.5497 18.35776 17.16023 14.72429 18.0498 18.64748 15.5198 17.2848 10.396 10.21502 14.67867 19.18036 18.70315 17.56213 18.11705 17.63939 13.60165 17.45998 16.24891 13.38429 14.62159 12.37304 19.93718 18.93132 11.24829 14.50481 16.61638 12.43849 15.04813 18.3365 14.98679 13.16116 10.74013 13.83039 13.08427 18.99085 19.07365 11.66766 16.37852 15.42488 16.93406 12.80854 17.5535 18.28215
10.32778 10.95539 10.17634 16.79146 13.04613 12.15985 15.04604 12.62809 11.72499 17.45648 13.5431 10.46341 13.74699 13.94828 19.7794 18.18156 13.66978 19.54145 10.27527 10.93795 15.78973 18.74333 17.3033 13.36604 12.02726 11.91284 19.56725 10.04584 15.58396 17.47 19.24217 17.4205 10.05088 19.23904 11.27573 16.04487 18.77898 10.70821 13.31593 15.70886 15.28901 10.78402 14.00161 11.77956 x 14.76813 12.39118 19.40353 16.78132 16.34742 16.72384 17.50138 19.64256 11.31045 19.90328 12.93303 10.56143 15.17146 11.4548 16.41916 13.71251 13.57919 15.333 14.22986 10.90081 17.43371 17.95422 18.16887 14.27488 10.47805 12.49298 17.787 11.59176 18.77406 15.15699 13.37437 11.50392 14.18796 19.05192 15.90777 19.69015 18.658 12.83499 14.98784 17.92276 13.74333 18.59799 17.76258 17.50444 17.57509 15.37301 14.74796 18.9114 16.01181 15.88073 18.85911 17.31326 12.01009 17.22489 12.74975
19.67558 18.52937 17.48522 10.5175 16.08524 14.63385 12.96143 11.12721 19.55355 17.78473 11.17541 11.89971 16.05778 13.63372 11.53796 18.74627 15.75796 10.59952 12.52555 13.87988 12.99433 18.31002 14.3248 10.63465 15.36086 11.57897 16.3636 11.63389 11.61077 12.76783 16.90017 19.43445 19.55002 15.16718 19.42407 13.67365 19.49247 16.56869 16.37059 12.86234 16.02115 16.03334 16.1315 11.34864 14.76813 x 14.25276 10.68974 13.85553 10.45718 12.66387 13.96984 14.61113 18.87165 15.70647 17.11398 18.11449 10.01405 10.25428 16.45157 15.71394 12.57261 16.78148 10.91525 15.26307 10.22804 16.63373 17.91816 10.40993 16.23571 16.04839 19.36546 14.1665 13.50699 13.09178 17.61253 16.97905 10.32552 13.27087 19.49189 13.89036 18.77068 18.43253 11.33431 16.45653 17.00986 14.90773 18.62904 15.85189 12.88975 19.50646 13.85435 19.39082 16.58112 11.94073 12.72959 19.57658 10.28936 15.23504 13.85069
11.5886 19.55705 17.08931 19.81197 17.08964 15.74183 15.37458 19.59289 14.68012 10.89847 16.29657 10.30259 13.53523 18.96102 15.81411 17.57401 12.12734 17.70802 15.1409 12.12239 14.1088 11.93966 14.6864 15.70115 10.27148 13.53511 13.58731 10.07443 19.96779 12.53651 15.69171 16.31578 13.47004 16.39057 13.58946 10.87375 11.29657 16.45671 13.85385 15.46086 17.96528 15.20414 15.59053 13.18283 12.39118 14.25276 x 11.81521 10.35889 19.20491 18.76683 12.98299 18.92311 16.95472 13.0576 16.59625 17.45194 13.6533 11.27866 15.79018 14.68849 13.6376 17.05641 11.22198 12.17047 15.71786 18.63163 15.99701 15.16166 17.28836 13.36938 18.70358 10.57416 19.66417 11.26944 16.24938 11.89961 19.12748 17.45474 16.4293 14.64047 11.23954 15.63564 11.08683 11.31962 13.21656 15.28109 11.39649 18.55075 15.72453 10.67922 16.66854 15.30281 11.31789 18.59083 11.45494 11.73149 16.4478 13.2811 13.82319
19.58826 10.56641 18.74392 11.97846 11.76053 11.09797 17.2863 15.20669 19.91132 15.87178 19.46013 11.73669 17.93182 19.74316 18.47319 17.87933 17.23608 19.20565 12.27202 15.73839 13.9809 17.15678 13.0694 16.19436 10.55058 12.98978 18.28418 19.4835 18.31561 14.82305 13.23856 10.51487 15.80558 10.62072 10.13441 14.44228 18.39143 15.92824 13.89934 18.47118 14.11887 17.54503 14.38195 13.9294 19.40353 10.68974 11.81521 x 12.58659 13.22382 17.96669 17.79989 19.95405 18.07712 16.06962 12.28003 10.84775 11.03092 19.38498 12.77246 16.58597 14.09126 17.41607 15.0744 14.8531 12.14828 17.04045 18.79258 17.86501 15.61742 11.91458 12.40935 15.63512 16.10438 11.70305 14.31428 17.96203 16.56888 13.555 18.91764 18.81562 15.97132 12.80478 12.23383 11.12033 15.09563 11.0766 16.31045 14.21413 11.62111 12.63172 14.68672 18.71958 17.29098 15.48965 13.80662 17.18701 18.03738 11.92442 15.65368
19.40938 11.65171 16.37351 12.67099 15.89806 19.25399 11.1095 17.60271 14.5091 16.32274 12.42218 14.80798 10.413 10.66765 15.0681 11.08754 10.90684 19.11379 13.86069 12.51718 17.20207 19.19963 17.02585 15.27623 19.0531 11.42361 17.35543 18.56079 18.9405 16.50381 13.40839 14.99883 18.96021 18.95978 17.49567 12.02429 19.67501 14.98864 13.82408 19.05738 18.97377 14.15555 10.20686 13.44356 16.78132 13.85553 10.35889 12.58659 x 17.44771 10.57942 13.37058 15.12529 12.74801 14.64789 19.81539 13.59502 13.66759 14.82435 13.15637 18.74278 12.96687 11.98646 16.05749 11.78506 10.15784 12.95518 13.20173 14.17636 13.79327 10.69199 14.77433 11.59945 14.7278 11.42737 19.83488 15.16971 17.78443 17.32044 13.7387 11.93589 14.2987 15.55201 12.35004 15.99933 11.0033 11.42633 10.50305 19.82864 15.91432 17.76569 18.43352 17.15156 11.67426 15.16661 19.87838 16.57612 17.19045 14.05491 15.4208
12.49292 11.26652 19.39217 15.64639 17.24026 12.09534 10.39714 19.53369 13.86058 16.2073 15.06603 10.51901 17.74806 13.20108 15.56875 15.70851 19.56122 13.53285 19.02961 10.92069 10.35055 16.16444 13.45224 14.29319 13.45114 16.86783 18.74256 10.17728 13.53387 14.49936 18.73952 16.79716 18.57069 17.59193 19.94456 10.42661 10.66754 17.15706 10.54426 12.05479 15.43829 16.44167 10.17556 16.83236 16.34742 10.45718 19.20491 13.22382 17.44771 x 10.58721 13.1473 16.91784 10.05775 12.05927 17.52831 11.79921 16.842 12.72046 10.83646 15.13069 12.37085 10.27907 14.82064 15.60501 14.53382 15.16592 10.69485 10.05446 17.32346 18.46104 14.83145 10.64909 19.01885 18.86907 10.3509 17.26724 15.64092 18.235 17.91681 17.79644 10.67904 16.16172 18.00873 10.23299 13.83856 11.85012 19.96648 15.64728 19.62974 12.80325 10.69625 13.16658 10.80886 16.24712 14.1882 11.53532 19.50069 15.69122 18.32011
11.66506 14.33333 13.13952 15.6909 14.19636 13.99255 19.28853 11.87978 18.62106 15.63518 16.11321 14.36925 16.82315 18.48497 14.02216 13.5755 17.54806 16.94636 14.47285 15.25192 10.4681 17.38779 17.54171 14.86351 13.25174 14.9883 11.19938 17.02407 14.25048 17.39778 15.51968 10.91457 10.68919 12.16775 16.4688 10.35798 14.96172 10.60535 18.44232 19.41602 15.96129 15.01124 10.17627 19.78126 16.72384 12.66387 18.76683 17.96669 10.57942 10.58721 x 19.81026 14.37162 15.47212 14.41198 10.38964 17.25658 19.81637 15.39947 18.09585 16.15505 11.62909 18.97142 12.44765 18.07568 18.21705 13.96047 12.85301 11.37482 12.64657 18.93299 11.75417 11.37761 15.22531 12.25789 19.61171 13.23771 11.20273 11.15357 15.72389 19.96614 14.48543 16.3403 10.50425 16.539 16.44362 10.45299 13.95268 18.57363 18.7936 17.00547 12.97148 13.8727 19.79987 11.64502 13.69926 13.27152 17.2073 11.73345 10.97788
11.65421 10.5674 18.5879 10.91651 19.29004 12.6177 18.13711 11.22709 10.00561 18.54744 12.94582 13.20785 16.91773 15.7458 18.31124 12.21403 11.17948 16.1028 18.3212 17.85802 14.02714 16.36146 15.83386 11.01889 18.75267 14.81338 11.15945 11.03958 15.54699 14.234 11.73555 14.48239 18.59366 17.37784 18.31153 16.93478 19.02913 13.77997 14.22669 17.21128 18.67968 12.47251 15.71201 17.45669 17.50138 13.96984 12.98299 17.79989 13.37058 13.1473 19.81026 x 15.92088 12.55826 18.07955 18.52344 12.61702 19.88331 19.08587 18.0052 19.93943 12.03092 17.70867 16.68702 11.26964 15.83044 14.44767 18.59921 19.82771 18.0845 17.55071 11.23658 12.62019 16.86409 12.62629 18.79366 12.80345 10.51652 13.37055 17.76437 12.73232 16.81252 10.59619 14.78295 19.49372 17.66883 14.91859 12.59659 15.46385 17.98775 16.20855 12.25915 10.84614 17.93822 13.34516 15.91624 19.95886 13.59238 12.41174 17.49878
19.96933 12.4377 14.589 19.10076 12.64514 18.89434 10.29399 13.10243 14.37008 18.81674 15.82755 11.87231 16.43585 16.42646 13.22902 10.53472 16.91931 14.79855 11.21972 15.64491 12.51682 19.97524 18.39914 18.49174 14.91365 15.11537 16.72936 14.4564 10.15211 12.86545 11.69046 10.2662 18.52689 17.62611 19.25807 19.46085 14.60254 15.64542 15.54691 10.43325 17.67588 10.71644 15.26696 12.91614 19.64256 14.61113 18.92311 19.95405 15.12529 16.91784 14.37162 15.92088 x 17.33025 13.03074 12.9759 10.66407 10.77109 12.37503 11.11451 14.03923 19.48675 12.27375 16.5914 10.13093 10.72264 19.52419 13.94763 18.7372 14.34249 15.65149 17.43415 19.69456 15.39198 19.57638 13.525 15.95684 13.81416 12.0789 15.85292 16.86152 15.29434 19.08954 18.66699 16.27058 17.23744 18.72952 11.53305 19.28108 16.20903 12.60798 19.62459 14.88603 11.59044 17.75944 19.42273 11.25515 14.7602 12.99117 16.16059
18.91861 17.39432 12.01434 11.20526 19.04923 13.17681 18.04345 18.02468 16.87216 12.71622 14.16847 19.10602 12.52909 15.73171 18.44992 12.7739 13.9671 17.97294 17.62379 17.76767 10.61366 18.08762 18.39395 11.30196 12.3412 16.27051 14.3959 10.24608 13.89761 10.81577 18.19467 16.73633 12.48551 11.33856 15.14414 17.98614 10.07653 16.8743 10.6548 19.04005 17.59831 15.89828 11.53376 19.12317 11.31045 18.87165 16.95472 18.07712 12.74801 10.05775 15.47212 12.55826 17.33025 x 12.27306 17.30681 11.62022 10.88704 12.7686 19.90935 18.76328 17.22131 15.98975 18.65564 10.38631 14.49937 18.91747 13.43239 17.0027 19.65972 14.38112 14.05687 18.02381 12.6171 18.4595 17.54051 13.07834 18.27965 13.64296 19.30203 16.39179 12.05475 18.28575 11.21887 13.83145 11.36527 13.39516 11.38121 18.12095 12.66428 13.98937 10.40188 12.71957 12.39326 17.39687 18.19332 17.63659 17.12078 15.23681 15.11157
12.03825 19.01031 18.66873 19.37418 16.33424 13.03375 10.53244 15.12193 17.83229 11.75482 19.41518 19.70475 15.89999 13.25278 18.20664 18.99735 14.33439 19.3905 14.56539 17.74532 14.20316 15.68144 15.11535 12.83992 11.89433 16.16524 16.99218 14.78829 17.34501 19.72304 17.06452 17.6196 17.05561 10.78916 17.48527 16.5445 17.00278 15.41269 19.23171 18.04885 16.80003 14.88783 19.39327 12.19748 19.90328 15.70647 13.0576 16.06962 14.64789 12.05927 14.41198 18.07955 13.03074 12.27306 x 10.30535 15.86342 17.90118 17.53039 17.91346 15.20876 16.37014 18.72051 12.71361 10.05035 16.84044 17.61869 18.06984 18.97783 17.70081 15.22625 16.29056 18.3725 13.87128 19.31539 11.59079 10.68086 18.85272 18.58807 15.89663 18.4219 19.54644 12.74161 14.36019 16.72691 16.45292 14.44248 11.60965 12.25141 12.47618 15.04015 15.21278 14.85447 14.00528 11.86813 14.56032 11.84205 13.85986 12.46595 14.49789
18.43689 14.25117 12.50077 14.3904 18.02731 14.47817 16.20521 18.66088 14.12715 16.52224 11.28615 16.58674 15.31966 13.7847 15.87328 19.11325 15.39332 12.85681 11.15402 14.89022 12.27779 19.12737 10.5554 19.5058 10.27862 15.25294 10.42022 10.08549 17.76433 11.78408 10.4383 13.79365 15.04317 10.27478 19.51997 11.94198 16.4392 13.88766 13.32723 13.86799 15.44383 18.49549 15.12579 12.36382 12.93303 17.11398 16.59625 12.28003 19.81539 17.52831 10.38964 18.52344 12.9759 17.30681 10.30535 x 10.42867 11.12671 14.26174 10.69797 13.19037 14.47724 12.08415 19.66331 17.4479 18.45115 17.89373 13.17709 10.23254 11.46069 12.32644 13.69833 19.20178 13.83255 15.99481 13.19306 17.72917 13.44442 11.21883 18.58948 15.5507 10.84514 14.38612 17.79667 11.46498 10.06223 19.68105 14.84176 15.17003 14.14862 12.27216 18.23858 16.81649 12.99568 13.82216 11.38248 19.10427 16.23254 19.01693 10.72294
15.81712 17.26736 17.36579 15.55253 13.37403 14.3128 19.98759 19.70101 12.40176 13.65843 12.86111 13.21091 12.0473 12.00725 15.20079 13.93878 19.07043 18.34503 14.25481 10.1536 12.71967 11.23265 13.59323 13.30475 19.9382 15.07788 19.1344 14.32193 16.65849 17.61557 18.09971 12.44139 11.90217 15.5261 19.48327 18.22983 16.19525 10.3411 16.33997 18.43293 19.73688 15.5236 16.25868 11.5497 10.56143 18.11449 17.45194 10.84775 13.59502 11.79921 17.25658 12.61702 10.66407 11.62022 15.86342 10.42867 x 12.59802 16.45426 11.22808 15.46242 19.69848 11.7943 17.83583 13.64595 17.87288 17.65749 13.16367 14.64596 11.38699 16.49555 18.3813 11.17896 10.08579 10.53884 14.63223 15.75158 11.83865 15.24674 14.3028 11.32568 12.25514 14.72535 17.75379 17.38883 14.32936 16.63091 14.91548 19.83355 17.21674 14.93748 17.22791 16.82586 16.92165 16.17408 19.38388 18.76491 16.94719 14.64057 10.00752
14.73813 18.38351 18.11974 12.84661 15.00219 18.39593 12.57909 11.28576 17.614 15.7988 18.17098 16.47835 14.03332 11.23319 13.99816 15.78661 13.33425 12.4539 10.86339 12.2739 13.79317 18.73631 10.23008 13.33139 18.91258 13.93822 17.2758 16.37864 18.49627 17.81126 11.571 17.83987 19.52268 16.69521 15.64731 11.50612 14.57127 19.51898 19.86219 18.74238 18.61913 14.74616 16.12133 18.35776 15.17146 10.01405 13.6533 11.03092 13.66759 16.842 19.81637 19.88331 10.77109 10.88704 17.90118 11.12671 12.59802 x 10.1945 15.0652 19.26814 19.46532 13.99152 15.65102 19.13995 17.32457 10.43086 15.8202 19.08774 19.67054 19.86326 18.2922 19.20175 14.64171 16.46668 10.06587 10.69368 17.46753 12.17915 16.62464 17.9368 12.60424 16.13404 13.20397 15.51031 13.61067 17.46155 17.04536 14.44457 18.24884 19.38137 18.45745 10.25157 12.67743 10.13841 16.37676 11.75376 10.83971 14.75523 10.22361
14.88295 14.41684 19.97872 19.11562 13.27775 10.65339 17.15143 15.50815 14.09811 11.29528 11.29978 18.31512 17.84114 14.49212 12.64546 11.92534 13.00874 18.53957 18.337 16.14041 19.63273 16.83621 10.59579 14.16184 18.59892 11.41666 11.71778 11.12854 18.96718 15.50929 14.20709 14.71679 15.07903 12.55382 11.56856 19.87518 10.29244 17.95029 17.95858 11.574 11.99161 19.7936 11.7095 17.16023 11.4548 10.25428 11.27866 19.38498 14.82435 12.72046 15.39947 19.08587 12.37503 12.7686 17.53039 14.26174 16.45426 10.1945 x 10.04516 10.03853 16.21331 10.75717 10.16499 12.28218 17.5679 16.62063 15.27381 15.76415 17.00491 11.81944 17.26987 12.73213 19.49715 11.68693 18.87357 18.59416 10.00711 10.57361 19.06091 15.58919 10.92904 19.58079 18.76522 12.55872 19.89362 11.45658 11.70744 13.91192 19.02714 19.65252 11.57043 16.92317 11.00024 12.0008 17.31946 19.45959 16.25693 12.32078 17.6748
18.47397 13.31927 11.80866 18.02815 14.38328 19.8002 17.40112 19.71109 19.74956 15.05372 18.64061 10.52457 12.27698 11.11637 19.72743 17.17066 10.37322 13.63496 15.00867 18.83988 19.86778 19.35481 12.96083 19.82021 10.1113 12.816 13.59087 11.75461 13.80027 12.04109 14.77719 13.16786 16.74814 17.09087 15.78076 11.41245 13.05624 10.80481 11.00303 13.78505 12.66269 19.19487 18.85204 14.72429 16.41916 16.45157 15.79018 12.77246 13.15637 10.83646 18.09585 18.0052 11.11451 19.90935 17.91346 10.69797 11.22808 15.0652 10.04516 x 14.21512 16.2121 14.93883 17.62859 19.25195 17.34636 19.90861 16.61753 18.2397 17.00901 12.93169 19.80404 19.71013 19.07796 14.50912 11.86082 12.95712 16.80467 13.66609 11.93464 17.61807 15.77627 13.50561 13.95924 16.83364 10.45664 17.52129 19.78666 10.69354 17.86603 11.22642 14.81393 15.46848 17.04682 15.03837 11.58989 13.7128 14.96636 19.16065 18.43038
16.98319 13.76626 11.54719 12.4032 19.91867 18.13992 13.76737 14.67533 16.9789 17.47726 16.02228 10.86517 16.11967 10.63394 17.63715 17.38484 11.69382 18.28757 19.06305 12.45669 13.58996 12.89107 16.40623 13.51556 11.47686 18.08903 12.75144 17.63344 15.05469 10.76773 10.75539 11.07032 19.65728 13.01736 15.39468 11.21141 16.51008 10.69819 18.26161 10.14514 18.05286 19.41599 13.41887 18.0498 13.71251 15.71394 14.68849 16.58597 18.74278 15.13069 16.15505 19.93943 14.03923 18.76328 15.20876 13.19037 15.46242 19.26814 10.03853 14.21512 x 10.96585 18.59444 13.35181 11.38806 19.08732 12.25958 16.11897 11.78533 17.8776 16.66761 16.64062 19.68265 12.71142 13.39283 14.79492 15.8735 10.67672 11.08357 18.25937 10.70909 13.47975 12.38327 14.6016 18.18353 18.77257 14.10363 11.73199 17.02195 13.01398 10.8911 13.2277 15.83321 12.14506 10.85553 15.23234 17.01471 12.53741 19.17801 16.55932
12.04806 11.16972 14.24003 19.77224 14.65178 11.41015 18.68032 19.96774 17.90091 18.74385 16.29606 10.34537 17.33083 11.53815 14.47924 19.96197 13.13309 19.95745 17.97835 15.76854 16.66765 10.19162 14.19814 12.03541 10.13716 16.19822 16.94975 12.49785 11.09502 18.66917 19.13775 16.94242 11.35908 17.1956 16.42395 10.28302 18.50848 16.2796 12.40264 18.99321 12.93729 13.62214 11.13598 18.64748 13.57919 12.57261 13.6376 14.09126 12.96687 12.37085 11.62909 12.03092 19.48675 17.22131 16.37014 14.47724 19.69848 19.46532 16.21331 16.2121 10.96585 x 13.99866 14.67225 12.53866 10.13508 12.65421 11.77115 15.76749 17.56347 11.06398 17.62072 17.72457 17.17948 10.17125 13.58999 18.88606 12.54737 13.98844 10.28223 16.19652 15.58189 17.9502 16.13837 19.45915 10.26765 14.91496 13.34246 11.91626 19.79902 12.05655 14.94329 14.1456 13.57472 15.13519 19.84416 18.60409 17.16007 10.907 16.46824
11.38174 11.25894 14.51885 15.13762 16.66042 19.65854 13.44032 17.3231 11.92583 12.17795 18.91863 19.11155 10.28271 11.12097 19.42969 12.4176 12.46627 17.9958 10.39425 19.27474 12.7092 19.28587 15.57293 16.10352 16.72834 18.64428 11.99361 13.13959 19.68543 16.86048 13.58431 19.4261 10.64503 11.83363 15.09702 11.22255 11.01189 13.57357 11.69648 12.96025 11.20127 14.94339 12.91649 15.5198 15.333 16.78148 17.05641 17.41607 11.98646 10.27907 18.97142 17.70867 12.27375 15.98975 18.72051 12.08415 11.7943 13.99152 10.75717 14.93883 18.59444 13.99866 x 15.87607 16.33776 15.04686 14.71305 19.38574 17.9638 14.53782 17.51306 17.05648 11.74449 17.28034 18.23169 12.07233 19.56601 11.28473 12.97445 17.82008 17.96557 12.5171 14.5939 10.81256 14.87976 17.86543 18.68214 19.42954 14.92304 17.06723 12.926 18.48969 16.2052 19.75467 16.62122 18.83159 16.39165 12.81562 10.30634 18.15891
11.74134 16.57405 13.1544 16.15696 15.81475 14.3659 11.2685 12.64808 17.28615 17.73117 19.78551 14.70926 16.84133 18.58706 10.78414 16.50177 17.46797 16.60598 16.63447 12.26151 12.14066 18.20199 15.69598 13.63635 17.40781 15.04959 19.41656 18.63135 14.9487 13.28812 12.42885 12.3928 19.84694 14.45402 18.03474 16.18473 13.0346 19.10672 15.88387 16.6666 12.58694 14.83793 10.79794 17.2848 14.22986 10.91525 11.22198 15.0744 16.05749 14.82064 12.44765 16.68702 16.5914 18.65564 12.71361 19.66331 17.83583 15.65102 10.16499 17.62859 13.35181 14.67225 15.87607 x 13.1811 15.2092 14.53124 12.25443 17.88877 13.11527 17.8769 19.80611 17.31841 10.16825 17.78628 18.08633 12.57339 14.26193 15.44666 19.79418 18.67306 17.31556 10.49275 16.76285 18.96847 11.26949 12.38263 14.66176 10.20879 10.26807 11.50015 19.2266 14.50473 11.09257 15.09369 19.87814 10.37445 13.96619 13.4395 17.66388
13.29703 15.04376 12.99792 14.00143 14.28027 15.2349 16.8487 11.91697 13.14011 16.33535 19.22258 15.04692 15.93765 13.85214 17.20087 11.77739 15.30183 18.08557 13.66936 10.01787 17.55349 10.95098 17.35127 18.38521 15.09734 19.64891 15.89756 12.42582 18.07805 19.40486 13.69787 15.85789 19.32422 12.61219 11.06264 12.82587 12.23709 19.75449 14.70986 12.30754 16.36197 13.9557 15.50335 10.396 10.90081 15.26307 12.17047 14.8531 11.78506 15.60501 18.07568 11.26964 10.13093 10.38631 10.05035 17.4479 13.64595 19.13995 12.28218 19.25195 11.38806 12.53866 16.33776 13.1811 x 11.75887 11.42698 13.45205 13.3611 14.39219 18.77494 14.74342 16.72819 19.57173 15.64703 15.14718 11.96174 16.23513 10.53113 14.54894 18.41937 17.2956 15.27249 10.1872 17.52971 12.18341 16.74749 18.04424 16.37963 16.42535 19.74809 14.61782 16.65186 15.25732 16.52958 13.83902 12.99196 16.86633 19.73203 14.05626
16.8173 15.99644 10.97524 18.90631 10.95184 12.85178 11.0615 11.75439 13.38874 19.05866 19.89342 16.84423 16.57491 18.81625 19.42947 10.73455 15.92623 12.21674 15.27118 12.68437 15.37413 18.39043 13.29195 12.86956 12.72328 14.22585 10.08201 13.05782 19.26354 19.34915 11.10411 16.4834 13.67824 16.06397 15.88447 18.39681 12.02343 13.71448 11.62168 10.68524 16.87027 16.44103 13.48547 10.21502 17.43371 10.22804 15.71786 12.14828 10.15784 14.53382 18.21705 15.83044 10.72264 14.49937 16.84044 18.45115 17.87288 17.32457 17.5679 17.34636 19.08732 10.13508 15.04686 15.2092 11.75887 x 17.1226 13.04377 17.74325 10.25504 18.71431 17.53183 17.58932 15.08951 18.30244 18.40589 10.42202 11.95451 17.86469 15.34847 15.08748 11.43898 16.18276 10.35019 12.07724 18.16636 16.33926 13.39862 18.67409 19.12484 18.28987 19.94351 10.73223 19.84934 16.58004 13.80413 12.815 13.1974 10.37059 18.70039
14.88073 14.77436 12.07134 14.01737 12.4738 18.78769 19.46944 14.93651 14.86174 14.75199 14.69759 12.63489 10.24646 10.9623 18.6532 11.233 13.03477 11.65372 11.1036 13.1522 17.32523 15.47589 13.94054 17.02502 16.6875 11.56929 17.24192 17.38387 17.64572 17.97766 17.27406 15.21405 16.64173 13.77927 16.43884 19.4022 14.92248 18.98942 19.26988 13.18405 15.31934 19.90289 14.4182 14.67867 17.95422 16.63373 18.63163 17.04045 12.95518 15.16592 13.96047 14.44767 19.52419 18.91747 17.61869 17.89373 17.65749 10.43086 16.62063 19.90861 12.25958 12.65421 14.71305 14.53124 11.42698 17.1226 x 19.42178 17.28227 16.32463 15.59342 10.93585 15.62676 19.06678 16.64163 14.41418 17.83365 10.27441 11.69876 16.97628 12.61698 11.19581 17.13549 18.26326 13.46362 12.71098 15.84377 19.84394 19.43614 17.72081 16.36976 12.67103 19.57132 15.48073 16.16609 16.10319 14.97556 10.34583 11.94441 14.4234
10.37375 13.9947 19.07522 14.9426 12.30085 10.32213 16.72386 11.93718 13.25806 15.22366 15.62884 12.23632 16.1646 16.29511 10.48493 19.84687 11.4512 16.6112 12.5768 10.5232 11.66735 17.06482 15.39451 11.3315 15.10984 17.83502 19.47476 19.85491 13.82222 14.73648 14.00692 12.85109 15.81391 17.91974 17.09382 18.89904 17.21999 18.45027 18.80056 11.60638 17.38837 15.59764 11.34395 19.18036 18.16887 17.91816 15.99701 18.79258 13.20173 10.69485 12.85301 18.59921 13.94763 13.43239 18.06984 13.17709 13.16367 15.8202 15.27381 16.61753 16.11897 11.77115 19.38574 12.25443 13.45205 13.04377 19.42178 x 16.84638 10.94979 15.33972 12.50324 16.43028 13.54267 19.23125 12.17681 15.68074 17.01348 15.3532 15.49048 17.20686 16.11639 15.96952 12.82406 17.89287 10.53298 11.45955 18.6839 16.54045 18.37575 19.60224 15.12287 10.44115 14.36838 10.59864 11.80388 11.57971 13.97395 10.64045 17.31838
14.76599 14.36858 10.88401 15.96051 10.39321 10.61059 15.25763 18.32034 12.9712 10.73502 12.87808 19.12273 19.62304 16.40886 10.99895 16.54958 19.65136 16.23692 13.00954 10.49054 14.92241 19.46306 11.30939 17.34067 19.59317 17.05948 14.65956 13.52924 12.05871 15.50112 11.00325 13.2159 19.91566 14.393 11.6178 14.48803 16.40856 10.79937 19.80658 19.20313 12.18576 11.97224 12.52193 18.70315 14.27488 10.40993 15.16166 17.86501 14.17636 10.05446 11.37482 19.82771 18.7372 17.0027 18.97783 10.23254 14.64596 19.08774 15.76415 18.2397 11.78533 15.76749 17.9638 17.88877 13.3611 17.74325 17.28227 16.84638 x 12.96287 11.88126 10.21444 10.80881 10.61185 17.18273 10.62427 13.83945 17.54928 16.30772 11.52764 19.94747 17.14459 19.33225 12.50764 19.77048 16.07316 13.76136 19.98446 18.58082 12.61169 19.16723 11.61001 17.08519 14.275 16.65174 12.43377 19.72374 16.6292 18.23907 14.45984
17.00152 14.30441 16.1123 16.32103 13.26422 15.75258 11.67325 18.13586 10.06489 14.508 17.44903 16.59175 17.01909 15.54913 14.20003 10.97576 11.33404 13.80697 19.21728 16.6505 15.29726 18.5464 15.64727 10.59902 17.1159 13.8067 15.94716 17.4492 11.63562 16.92639 15.85133 19.0149 16.8467 18.2897 19.87411 16.49231 15.53335 18.18389 17.41684 17.35084 15.18001 12.18115 10.04673 17.56213 10.47805 16.23571 17.28836 15.61742 13.79327 17.32346 12.64657 18.0845 14.34249 19.65972 17.70081 11.46069 11.38699 19.67054 17.00491 17.00901 17.8776 17.56347 14.53782 13.11527 14.39219 10.25504 16.32463 10.94979 12.96287 x 14.31937 16.90051 12.57286 13.01798 11.89185 17.4406 19.16113 15.41008 16.89953 17.09229 10.51797 16.51415 19.42065 10.30083 12.33644 10.7622 12.76212 13.22469 13.78389 15.96228 11.83177 16.48977 16.52183 19.60309 12.82474 12.32593 16.63896 12.05886 15.66175 18.19557
11.47588 17.14659 11.78285 16.84286 16.05334 10.70421 10.0158 14.54714 17.23138 10.18723 11.49845 14.00887 10.81529 16.08277 14.22937 17.66595 12.84849 13.79028 11.10762 17.66803 16.37421 13.79684 18.1856 17.87048 10.07101 12.98448 16.44542 14.60495 13.74994 17.669 17.96087 15.81018 15.39682 12.09196 15.0763 12.88176 11.04525 11.37815 19.04021 10.69307 13.41559 13.53678 16.02998 18.11705 12.49298 16.04839 13.36938 11.91458 10.69199 18.46104 18.93299 17.55071 15.65149 14.38112 15.22625 12.32644 16.49555 19.86326 11.81944 12.93169 16.66761 11.06398 17.51306 17.8769 18.77494 18.71431 15.59342 15.33972 11.88126 14.31937 x 15.08946 14.43671 13.52883 11.94853 15.48567 10.65152 18.33412 12.39583 12.52918 18.66601 19.6398 12.88084 19.87338 13.1847 13.81087 13.47212 11.2907 12.75021 12.50555 19.92202 16.9545 16.03031 13.51015 15.91528 13.86639 19.97965 12.3171 10.44444 14.81214
14.08875 11.25845 17.51595 15.52411 10.18582 18.37986 12.67552 15.12616 14.18927 16.32367 17.15569 12.12276 12.90244 18.802 11.75512 10.16785 11.88152 10.06358 10.204 18.76983 18.76096 12.3675 15.45969 11.79233 12.5363 13.92533 15.70313 11.75883 10.35465 14.4814 18.37614 16.3664 19.68924 16.6712 11.63577 14.0484 18.44258 17.542 12.60383 14.78956 16.40405 11.76385 11.65829 17.63939 17.787 19.36546 18.70358 12.40935 14.77433 14.83145 11.75417 11.23658 17.43415 14.05687 16.29056 13.69833 18.3813 18.2922 17.26987 19.80404 16.64062 17.62072 17.05648 19.80611 14.74342 17.53183 10.93585 12.50324 10.21444 16.90051 15.08946 x 10.73986 19.01172 15.70693 11.36978 16.21215 15.48827 13.33665 19.18332 19.3492 16.22183 17.19876 14.86644 10.77201 18.86497 18.5036 13.13121 15.44443 17.8879 13.10338 14.54013 18.7847 15.13358 13.36304 10.58607 17.84238 15.29472 12.35747 10.79611
11.57182 10.67374 14.90032 11.66047 14.49296 12.67036 12.14543 10.4549 17.95746 10.04607 13.4972 16.01533 18.886 18.15455 12.05998 19.64699 12.70043 16.27608 17.5124 19.77702 10.03802 17.53215 12.96634 13.05217 10.03174 18.97899 12.63115 10.47367 18.61566 16.37592 13.54362 11.36772 14.20011 12.09532 10.17041 16.48936 19.58833 11.47944 14.2545 18.84386 17.92343 14.87473 15.99599 13.60165 11.59176 14.1665 10.57416 15.63512 11.59945 10.64909 11.37761 12.62019 19.69456 18.02381 18.3725 19.20178 11.17896 19.20175 12.73213 19.71013 19.68265 17.72457 11.74449 17.31841 16.72819 17.58932 15.62676 16.43028 10.80881 12.57286 14.43671 10.73986 x 13.21779 18.39194 14.47563 17.71705 18.72312 16.43349 16.17342 12.62429 18.04027 12.65309 12.64233 13.66724 13.43041 12.49099 13.3359 12.83822 13.92548 18.32851 17.00488 15.72883 12.17643 13.85904 17.38624 16.22253 12.27864 11.53479 17.77682
11.27215 12.18745 12.17906 11.32819 13.22399 18.24811 11.80694 12.64065 11.63559 12.85896 17.93935 18.43305 11.57075 11.37945 15.42242 12.0608 13.64834 13.49745 13.22254 17.39644 19.31186 19.39138 12.161 10.03939 10.05337 14.22673 13.27047 14.03254 19.45407 17.48438 18.42963 13.35643 10.44495 19.13173 16.50285 18.29392 14.4569 19.18081 16.65118 17.29688 12.72031 12.36533 13.98089 17.45998 18.77406 13.50699 19.66417 16.10438 14.7278 19.01885 15.22531 16.86409 15.39198 12.6171 13.87128 13.83255 10.08579 14.64171 19.49715 19.07796 12.71142 17.17948 17.28034 10.16825 19.57173 15.08951 19.06678 13.54267 10.61185 13.01798 13.52883 19.01172 13.21779 x 14.38468 14.24903 17.36303 13.04519 16.90573 14.91873 10.33093 15.54714 13.43051 13.48356 18.90649 13.68454 10.00375 10.05981 13.22412 16.81181 13.77145 18.99032 19.53231 12.914 13.69743 10.31147 19.36205 15.62832 14.32406 16.63007
11.36513 12.87237 16.77284 16.10664 15.73736 19.81913 10.54495 13.90822 16.49752 11.03809 18.05716 11.04189 15.36696 13.73427 14.32668 14.81834 11.53151 15.45308 16.32572 12.9417 13.24486 12.00957 11.58326 16.12508 11.73163 12.25506 15.40743 10.83857 17.53808 15.80331 18.95561 10.44995 18.55473 16.89351 10.10608 13.81979 12.24455 19.12653 11.05215 18.57331 14.68436 10.98001 18.34301 16.24891 15.15699 13.09178 11.26944 11.70305 11.42737 18.86907 12.25789 12.62629 19.57638 18.4595 19.31539 15.99481 10.53884 16.46668 11.68693 14.50912 13.39283 10.17125 18.23169 17.78628 15.64703 18.30244 16.64163 19.23125 17.18273 11.89185 11.94853 15.70693 18.39194 14.38468 x 16.33916 12.36794 16.7753 12.03176 17.73704 19.56683 18.2848 11.65123 12.36909 13.85802 10.36654 11.02061 13.43861 13.66725 17.86099 19.29211 14.99356 18.91064 19.75888 16.36812 11.9231 12.82699 10.02786 11.60307 11.25499
10.61815 13.49606 12.72475 14.31854 14.40737 11.80673 12.08374 16.88977 11.07831 10.12012 14.66266 13.91952 19.84575 18.77571 11.84555 15.98449 18.98672 14.56144 11.23395 15.39741 10.53964 14.52322 16.14497 19.93624 11.87956 14.22165 15.8513 11.36434 10.50476 10.34333 17.23991 16.10996 18.32728 11.28254 14.24014 12.92838 16.91195 18.12327 15.57856 10.67064 16.17324 15.89743 10.20201 13.38429 13.37437 17.61253 16.24938 14.31428 19.83488 10.3509 19.61171 18.79366 13.525 17.54051 11.59079 13.19306 14.63223 10.06587 18.87357 11.86082 14.79492 13.58999 12.07233 18.08633 15.14718 18.40589 14.41418 12.17681 10.62427 17.4406 15.48567 11.36978 14.47563 14.24903 16.33916 x 18.86176 11.73005 18.55383 10.93152 19.5017 15.4565 18.08502 12.56151 12.16654 10.78153 15.60058 11.56343 10.86725 19.16593 15.54815 16.75619 19.17779 12.25351 17.59827 13.90154 12.23447 18.55552 12.46155 18.58752
12.92576 14.54883 16.38131 18.8375 17.14041 16.83635 18.316 10.36135 12.1969 10.52831 13.9394 16.97755 11.07918 15.49059 14.12291 14.52318 18.83407 15.84577 15.64876 10.5244 16.93152 12.31669 11.68682 12.77179 16.49749 10.19946 17.75184 12.67142 18.75315 15.85018 17.42089 15.44468 11.55722 17.39326 14.51392 11.87384 10.66015 10.86669 10.27511 11.84047 18.90069 16.83641 14.61551 14.62159 11.50392 16.97905 11.89961 17.96203 15.16971 17.26724 13.23771 12.80345 15.95684 13.07834 10.68086 17.72917 15.75158 10.69368 18.59416 12.95712 15.8735 18.88606 19.56601 12.57339 11.96174 10.42202 17.83365 15.68074 13.83945 19.16113 10.65152 16.21215 17.71705 17.36303 12.36794 18.86176 x 17.11839 13.65573 15.83716 12.12315 19.51105 10.95482 13.68674 14.75702 15.6862 18.42595 13.30597 18.56404 15.55816 18.85772 15.82729 16.25856 19.29181 10.69844 10.05216 14.92158 13.3088 16.92367 12.30884
12.2259 16.56369 11.0596 13.41552 17.39215 16.69405 19.83589 11.85949 13.92324 10.78199 17.52765 16.49611 13.03629 19.67807 14.82142 12.18886 12.41256 18.61995 17.28066 19.96376 14.2941 17.79412 19.52366 18.95335 18.16058 11.52307 13.74092 15.93318 15.76069 12.68077 12.31705 15.16894 11.40982 13.31109 11.75857 16.11663 17.47531 12.07024 19.19757 10.1423 14.61962 13.05327 18.34427 12.37304 14.18796 10.32552 19.12748 16.56888 17.78443 15.64092 11.20273 10.51652 13.81416 18.27965 18.85272 13.44442 11.83865 17.46753 10.00711 16.80467 10.67672 12.54737 11.28473 14.26193 16.23513 11.95451 10.27441 17.01348 17.54928 15.41008 18.33412 15.48827 18.72312 13.04519 16.7753 11.73005 17.11839 x 11.17433 12.50306 18.99874 11.85368 19.03715 12.89359 14.13975 10.58903 14.90063 17.49059 10.62528 16.76176 17.13394 15.76035 10.84072 15.23192 11.90031 17.542 14.51093 17.93313 12.75254 17.54664
17.32377 15.71626 16.41464 19.81654 16.33682 18.88434 13.87566 10.70542 19.04699 16.75241 12.7432 17.75117 15.17713 15.93721 17.16329 14.16731 11.06347 11.64902 17.70836 18.00828 19.53682 14.8114 12.16363 18.46619 16.35106 10.96545 18.2293 17.53068 13.9888 13.20375 14.92199 10.07173 17.0648 16.09294 10.19898 12.63593 16.80935 13.29285 10.20877 14.047 12.49077 10.63227 12.57201 19.93718 19.05192 13.27087 17.45474 13.555 17.32044 18.235 11.15357 13.37055 12.0789 13.64296 18.58807 11.21883 15.24674 12.17915 10.57361 13.66609 11.08357 13.98844 12.97445 15.44666 10.53113 17.86469 11.69876 15.3532 16.30772 16.89953 12.39583 13.33665 16.43349 16.90573 12.03176 18.55383 13.65573 11.17433 x 19.40247 12.53973 14.46248 17.86997 18.87464 12.92609 16.12482 16.7743 10.36271 17.62208 12.11916 12.5812 12.76123 16.05373 17.26528 18.54596 15.55026 13.23201 14.62194 11.81362 18.42525
19.29656 13.51808 11.94432 14.42633 18.41259 13.03308 11.94887 10.64796 10.34165 12.87484 10.50875 12.1015 15.35643 13.15959 12.74278 19.80097 15.3327 12.60287 17.40059 19.44634 10.37268 13.03108 11.23719 12.14719 19.86036 11.56503 19.40724 10.99745 13.24579 19.50084 18.41725 13.85452 11.38657 18.53897 17.86375 12.59505 12.27318 17.62589 11.91828 18.69342 18.27474 16.2719 17.34956 18.93132 15.90777 19.49189 16.4293 18.91764 13.7387 17.91681 15.72389 17.76437 15.85292 19.30203 15.89663 18.58948 14.3028 16.62464 19.06091 11.93464 18.25937 10.28223 17.82008 19.79418 14.54894 15.34847 16.97628 15.49048 11.52764 17.09229 12.52918 19.18332 16.17342 14.91873 17.73704 10.93152 15.83716 12.50306 19.40247 x 18.96181 14.14072 10.17967 13.49041 11.71888 18.43951 12.29625 14.12757 12.45906 17.1934 19.99789 15.15493 10.65093 18.29545 18.27603 19.68855 12.34299 13.66523 10.80559 18.36768
15.65946 17.42741 18.17841 19.39477 13.81464 10.77614 14.18862 16.80929 16.77987 11.3166 12.73607 18.54487 14.58492 13.78253 15.78118 19.10404 16.16211 14.0178 19.97626 19.18393 19.57808 16.98863 15.18327 18.02183 14.04746 12.95709 14.59388 12.56155 19.4516 16.38164 15.00765 10.5676 13.77399 13.64537 16.65042 16.98858 12.82687 16.80547 14.95866 19.91713 11.1979 18.83834 17.57224 11.24829 19.69015 13.89036 14.64047 18.81562 11.93589 17.79644 19.96614 12.73232 16.86152 16.39179 18.4219 15.5507 11.32568 17.9368 15.58919 17.61807 10.70909 16.19652 17.96557 18.67306 18.41937 15.08748 12.61698 17.20686 19.94747 10.51797 18.66601 19.3492 12.62429 10.33093 19.56683 19.5017 12.12315 18.99874 12.53973 18.96181 x 14.5746 13.72626 18.26993 18.85038 15.35197 14.22458 11.74625 13.22579 12.88299 12.88141 19.88817 11.15433 10.75411 18.88469 16.25874 11.45756 14.70841 18.37325 12.8222
11.38556 15.32878 10.81909 15.62719 10.95284 10.32439 17.59931 14.78585 14.29649 14.71894 12.75975 17.75719 11.64388 16.02636 13.54035 17.59493 14.77278 11.85272 14.72954 15.8585 16.15933 17.43661 17.09376 17.62106 17.38718 10.40917 14.43624 15.3936 10.48168 13.77805 13.87661 14.52371 11.25764 19.82362 11.70875 13.68979 10.01199 11.57071 11.17597 10.04345 12.59701 19.14546 18.41816 14.50481 18.658 18.77068 11.23954 15.97132 14.2987 10.67904 14.48543 16.81252 15.29434 12.05475 19.54644 10.84514 12.25514 12.60424 10.92904 15.77627 13.47975 15.58189 12.5171 17.31556 17.2956 11.43898 11.19581 16.11639 17.14459 16.51415 19.6398 16.22183 18.04027 15.54714 18.2848 15.4565 19.51105 11.85368 14.46248 14.14072 14.5746 x 12.97637 12.91948 16.33149 17.16341 11.59121 14.60614 18.70376 10.95251 12.66869 10.04024 10.39838 10.94162 10.13096 13.80058 14.48111 14.77159 12.42294 19.0087
19.62826 19.21991 19.94358 19.47002 13.20919 13.71611 15.27049 11.15764 12.06188 12.76851 10.4688 13.95134 16.59833 16.5115 19.28465 16.71161 14.7107 16.46615 16.69163 19.81983 19.15077 18.74724 16.16487 14.40472 16.80017 13.674 14.24036 11.74959 14.60002 11.95164 10.40971 10.7274 16.29189 17.64212 12.12099 15.41448 16.64641 16.10973 17.7652 19.91223 16.46896 13.41771 15.86092 16.61638 12.83499 18.43253 15.63564 12.80478 15.55201 16.16172 16.3403 10.59619 19.08954 18.28575 12.74161 14.38612 14.72535 16.13404 19.58079 13.50561 12.38327 17.9502 14.5939 10.49275 15.27249 16.18276 17.13549 15.96952 19.33225 19.42065 12.88084 17.19876 12.65309 13.43051 11.65123 18.08502 10.95482 19.03715 17.86997 10.17967 13.72626 12.97637 x 18.9012 19.85406 15.61993 10.40937 10.18834 14.53463 19.79875 15.42343 12.29166 16.41802 18.88025 13.82559 16.46517 16.91304 19.46699 14.32369 15.39366
19.06128 12.80701 11.38594 14.55977 14.4836 17.90825 15.35852 16.44262 12.87138 14.23457 14.91246 10.45775 10.697 15.1215 17.62418 11.31844 16.58095 15.33524 19.14831 18.01848 15.3603 12.22146 16.69322 17.02004 10.43303 18.08493 10.09813 10.2236 16.89222 19.10162 10.84388 19.58088 11.1286 13.92226 10.8252 16.44624 12.77617 14.78114 18.00322 17.50832 11.39456 15.05421 11.84661 12.43849 14.98784 11.33431 11.08683 12.23383 12.35004 18.00873 10.50425 14.78295 18.66699 11.21887 14.36019 17.79667 17.75379 13.20397 18.76522 13.95924 14.6016 16.13837 10.81256 16.76285 10.1872 10.35019 18.26326 12.82406 12.50764 10.30083 19.87338 14.86644 12.64233 13.48356 12.36909 12.56151 13.68674 12.89359 18.87464 13.49041 18.26993 12.91948 18.9012 x 14.6449 10.38953 17.44296 10.71486 13.22542 13.97628 14.46205 15.38438 14.07407 13.32616 10.23999 13.87812 17.11813 15.35319 15.82848 10.99934
12.04827 14.07985 12.25786 13.03009 11.55518 12.27067 18.71332 15.77606 14.49341 11.42 11.40615 17.39381 18.42942 18.52015 19.67059 16.6982 19.25491 13.97321 16.82735 11.10858 14.80181 16.75901 10.13204 16.52174 11.63037 12.70472 19.31681 11.27686 12.98847 11.89981 11.20184 10.60132 19.6002 17.53128 17.4038 10.72513 11.91994 18.10173 15.76323 19.26613 14.45912 10.52802 15.94016 15.04813 17.92276 16.45653 11.31962 11.12033 15.99933 10.23299 16.539 19.49372 16.27058 13.83145 16.72691 11.46498 17.38883 15.51031 12.55872 16.83364 18.18353 19.45915 14.87976 18.96847 17.52971 12.07724 13.46362 17.89287 19.77048 12.33644 13.1847 10.77201 13.66724 18.90649 13.85802 12.16654 14.75702 14.13975 12.92609 11.71888 18.85038 16.33149 19.85406 14.6449 x 10.23194 19.93114 13.80743 11.26504 14.98706 18.1981 18.73889 18.96348 16.5927 11.71358 11.9971 13.89466 15.25895 11.01607 10.96554
13.55617 17.50767 17.28946 19.42986 17.29137 19.84799 11.52459 11.13171 14.87395 11.48437 13.10154 18.92546 16.30277 17.99896 18.19575 17.95302 15.64164 12.01645 17.57154 13.64559 18.90772 13.96209 18.68342 12.22456 18.91248 12.34973 16.38541 18.38934 11.16448 14.44615 18.24365 16.95892 18.33724 10.81314 14.76432 15.90617 14.11177 11.39209 11.03097 12.46819 16.04227 11.30577 18.57207 18.3365 13.74333 17.00986 13.21656 15.09563 11.0033 13.83856 16.44362 17.66883 17.23744 11.36527 16.45292 10.06223 14.32936 13.61067 19.89362 10.45664 18.77257 10.26765 17.86543 11.26949 12.18341 18.16636 12.71098 10.53298 16.07316 10.7622 13.81087 18.86497 13.43041 13.68454 10.36654 10.78153 15.6862 10.58903 16.12482 18.43951 15.35197 17.16341 15.61993 10.38953 10.23194 x 16.44211 19.25275 11.5213 17.26021 10.87792 10.43377 14.44513 17.06599 15.9006 16.03661 10.13691 13.92274 10.38064 13.04052
15.7189 19.15788 16.83868 12.15254 14.68913 10.40946 14.52087 12.38903 13.91167 13.79612 16.09784 13.50675 15.81443 10.88972 14.66108 14.48956 11.81489 11.62924 10.6707 14.40601 16.31318 10.15875 11.50303 12.46128 11.11736 11.68944 11.38053 17.05885 16.31336 13.55336 18.34112 10.84871 11.15195 10.1686 12.91793 15.03417 18.95429 10.25201 10.41311 14.36528 15.38816 17.69148 13.84744 14.98679 18.59799 14.90773 15.28109 11.0766 11.42633 11.85012 10.45299 14.91859 18.72952 13.39516 14.44248 19.68105 16.63091 17.46155 11.45658 17.52129 14.10363 14.91496 18.68214 12.38263 16.74749 16.33926 15.84377 11.45955 13.76136 12.76212 13.47212 18.5036 12.49099 10.00375 11.02061 15.60058 18.42595 14.90063 16.7743 12.29625 14.22458 11.59121 10.40937 17.44296 19.93114 16.44211 x 18.81097 13.32537 12.34442 18.74824 12.71765 14.35257 19.70599 19.20347 16.83052 10.23103 13.06937 16.46653 10.73056
13.20887 19.82651 15.83326 15.81334 10.55202 10.33188 12.03293 12.72706 15.07638 11.81299 18.09225 15.67209 18.46971 17.84031 16.11017 17.32044 15.88448 13.60594 14.53339 12.76622 11.38705 17.4675 17.78119 15.25925 19.1641 19.36508 19.7644 17.26258 19.67569 14.7882 12.64921 18.53212 12.96973 19.62824 17.54337 13.38376 17.99801 16.0361 16.8351 10.10291 19.60261 18.59877 12.32441 13.16116 17.76258 18.62904 11.39649 16.31045 10.50305 19.96648 13.95268 12.59659 11.53305 11.38121 11.60965 14.84176 14.91548 17.04536 11.70744 19.78666 11.73199 13.34246 19.42954 14.66176 18.04424 13.39862 19.84394 18.6839 19.98446 13.22469 11.2907 13.13121 13.3359 10.05981 13.43861 11.56343 13.30597 17.49059 10.36271 14.12757 11.74625 14.60614 10.18834 10.71486 13.80743 19.25275 18.81097 x 16.79931 11.97553 19.73078 15.79981 19.8311 13.40243 10.32132 17.17759 12.70638 18.66862 15.74249 17.48137
15.55255 17.50892 18.82342 19.41019 13.07308 14.95723 11.37735 15.77413 17.9742 15.96726 19.48933 12.77958 11.95969 12.69612 14.41329 19.51912 19.66804 11.52649 13.22593 15.6873 15.89129 15.13531 12.56311 17.0904 18.30865 16.22519 18.83833 11.58452 14.04786 11.5969 15.21646 12.82989 10.14025 12.56024 18.91614 12.08399 15.71839 12.97781 10.34506 15.2259 17.27695 18.67392 12.2239 10.74013 17.50444 15.85189 18.55075 14.21413 19.82864 15.64728 18.57363 15.46385 19.28108 18.12095 12.25141 15.17003 19.83355 14.44457 13.91192 10.69354 17.02195 11.91626 14.92304 10.20879 16.37963 18.67409 19.43614 16.54045 18.58082 13.78389 12.75021 15.44443 12.83822 13.22412 13.66725 10.86725 18.56404 10.62528 17.62208 12.45906 13.22579 18.70376 14.53463 13.22542 11.26504 11.5213 13.32537 16.79931 x 16.90607 18.89519 11.96532 12.86111 10.18954 18.12349 17.13296 11.20377 17.68643 13.39917 12.06997
11.13299 10.1085 15.37645 10.63422 14.99514 15.03004 17.7658 19.71537 15.83815 10.47597 19.14891 12.10848 15.57906 16.85611 19.1203 18.38725 13.60611 19.38441 15.6669 16.32467 17.53951 13.68664 12.05527 13.40014 13.65216 19.73988 15.121 16.32329 19.94064 17.32698 19.71451 17.9596 17.0275 13.78741 13.11895 13.8047 13.75498 11.33034 11.91429 19.68999 11.59191 13.89844 12.50229 13.83039 17.57509 12.88975 15.72453 11.62111 15.91432 19.62974 18.7936 17.98775 16.20903 12.66428 12.47618 14.14862 17.21674 18.24884 19.02714 17.86603 13.01398 19.79902 17.06723 10.26807 16.42535 19.12484 17.72081 18.37575 12.61169 15.96228 12.50555 17.8879 13.92548 16.81181 17.86099 19.16593 15.55816 16.76176 12.11916 17.1934 12.88299 10.95251 19.79875 13.97628 14.98706 17.26021 12.34442 11.97553 16.90607 x 18.24644 16.66713 12.29773 13.54503 19.51018 13.26542 11.13268 19.29765 10.20977 11.17195
10.89599 15.4284 14.10124 12.04821 16.24372 16.15202 16.91412 17.61852 15.47056 15.77525 19.9319 17.63137 17.57 19.6066 10.29811 11.17608 17.05825 15.76213 12.3405 18.79037 14.72301 13.40558 19.90786 18.46409 16.16566 17.21768 15.75015 12.03571 12.5486 12.21057 15.56745 18.35638 18.90768 13.59246 16.22639 12.12228 11.48912 15.30256 10.55683 11.02925 16.3461 18.89433 11.11193 13.08427 15.37301 19.50646 10.67922 12.63172 17.76569 12.80325 17.00547 16.20855 12.60798 13.98937 15.04015 12.27216 14.93748 19.38137 19.65252 11.22642 10.8911 12.05655 12.926 11.50015 19.74809 18.28987 16.36976 19.60224 19.16723 11.83177 19.92202 13.10338 18.32851 13.77145 19.29211 15.54815 18.85772 17.13394 12.5812 19.99789 12.88141 12.66869 15.42343 14.46205 18.1981 10.87792 18.74824 19.73078 18.89519 18.24644 x 16.87828 17.91373 15.53745 14.83551 13.81424 14.00102 16.23783 12.83114 15.30549
16.87877 13.16472 16.55416 18.80316 11.43125 10.02669 17.22895 17.58458 14.26277 16.76503 18.35579 10.64022 13.22469 12.06737 17.91395 18.85087 11.64899 17.11143 18.81103 13.31145 17.14273 14.24536 16.24522 13.00583 18.49 18.03502 17.37136 15.78429 11.67236 18.10161 19.90987 14.22528 16.56817 12.20716 16.90816 16.00544 15.0284 14.39037 13.10651 13.2181 13.6711 19.96329 15.76826 18.99085 14.74796 13.85435 16.66854 14.68672 18.43352 10.69625 12.97148 12.25915 19.62459 10.40188 15.21278 18.23858 17.22791 18.45745 11.57043 14.81393 13.2277 14.94329 18.48969 19.2266 14.61782 19.94351 12.67103 15.12287 11.61001 16.48977 16.9545 14.54013 17.00488 18.99032 14.99356 16.75619 15.82729 15.76035 12.76123 15.15493 19.88817 10.04024 12.29166 15.38438 18.73889 10.43377 12.71765 15.79981 11.96532 16.66713 16.87828 x 12.46674 13.96315 11.96692 19.93141 13.67086 11.22784 11.73506 16.94136
15.21198 13.17356 16.64647 11.14761 18.75308 19.26462 13.75411 18.86874 10.43413 12.56516 11.80921 11.71874 10.62243 12.76891 10.73571 19.64884 18.92825 11.23999 19.83887 15.01735 10.05394 13.83788 10.04098 12.42774 15.08321 16.46694 16.08904 15.07732 13.76082 11.86774 11.14582 19.14459 14.57723 17.95575 15.26925 14.79795 16.63812 16.33247 17.89168 13.72767 13.65428 14.97214 11.99821 19.07365 18.9114 19.39082 15.30281 18.71958 17.15156 13.16658 13.8727 10.84614 14.88603 12.71957 14.85447 16.81649 16.82586 10.25157 16.92317 15.46848 15.83321 14.1456 16.2052 14.50473 16.65186 10.73223 19.57132 10.44115 17.08519 16.52183 16.03031 18.7847 15.72883 19.53231 18.91064 19.17779 16.25856 10.84072 16.05373 10.65093 11.15433 10.39838 16.41802 14.07407 18.96348 14.44513 14.35257 19.8311 12.86111 12.29773 17.91373 12.46674 x 12.84093 18.09062 17.01982 11.9722 10.23552 14.81646 18.44195
10.37908 11.08287 12.03374 11.67046 17.08239 16.08005 17.74375 14.36474 16.86205 11.56295 11.85173 13.17977 12.57875 17.01994 13.93148 19.77336 10.06341 11.54584 10.21339 12.99596 11.49513 14.07776 12.1261 15.30104 15.78414 17.13163 14.31344 10.4762 15.85021 11.4769 12.39737 18.57434 18.90954 13.74934 14.83999 17.18069 10.75054 19.42757 19.90229 11.14778 12.35922 14.30577 10.9165 11.66766 16.01181 16.58112 11.31789 17.29098 11.67426 10.80886 19.79987 17.93822 11.59044 12.39326 14.00528 12.99568 16.92165 12.67743 11.00024 17.04682 12.14506 13.57472 19.75467 11.09257 15.25732 19.84934 15.48073 14.36838 14.275 19.60309 13.51015 15.13358 12.17643 12.914 19.75888 12.25351 19.29181 15.23192 17.26528 18.29545 10.75411 10.94162 18.88025 13.32616 16.5927 17.06599 19.70599 13.40243 10.18954 13.54503 15.53745 13.96315 12.84093 x 19.75725 17.63044 14.40555 16.311 16.98442 18.52629
14.46457 11.09811 12.67148 12.17181 11.63536 12.8896 10.82571 15.41364 18.04492 12.53933 14.09662 13.5822 14.85042 15.94829 14.47804 17.47559 10.2553 13.57724 13.44132 19.17791 12.57798 15.82367 15.41252 15.85859 18.69102 17.51343 16.01704 15.51241 19.79669 10.86176 14.49225 18.79824 13.54127 12.37143 12.97682 16.51076 12.08118 19.80116 13.94135 16.23157 15.88833 17.41327 17.28078 16.37852 15.88073 11.94073 18.59083 15.48965 15.16661 16.24712 11.64502 13.34516 17.75944 17.39687 11.86813 13.82216 16.17408 10.13841 12.0008 15.03837 10.85553 15.13519 16.62122 15.09369 16.52958 16.58004 16.16609 10.59864 16.65174 12.82474 15.91528 13.36304 13.85904 13.69743 16.36812 17.59827 10.69844 11.90031 18.54596 18.27603 18.88469 10.13096 13.82559 10.23999 11.71358 15.9006 19.20347 10.32132 18.12349 19.51018 14.83551 11.96692 18.09062 19.75725 x 15.08072 10.99396 13.46862 18.96857 16.23878
12.59783 13.13613 13.68803 18.45459 17.08923 11.28141 11.59817 10.253 18.96211 10.18185 14.01012 16.40917 14.68738 18.55701 13.43886 16.87192 14.73907 13.39309 16.43025 10.85101 13.88169 18.80409 12.529 11.02983 16.44758 10.51717 13.74311 18.09939 17.50491 14.75665 17.40573 13.8795 16.4051 10.19918 18.78576 15.2863 12.67048 16.66572 17.59288 14.89047 11.25389 18.09503 13.28716 15.42488 18.85911 12.72959 11.45494 13.80662 19.87838 14.1882 13.69926 15.91624 19.42273 18.19332 14.56032 11.38248 19.38388 16.37676 17.31946 11.58989 15.23234 19.84416 18.83159 19.87814 13.83902 13.80413 16.10319 11.80388 12.43377 12.32593 13.86639 10.58607 17.38624 10.31147 11.9231 13.90154 10.05216 17.542 15.55026 19.68855 16.25874 13.80058 16.46517 13.87812 11.9971 16.03661 16.83052 17.17759 17.13296 13.26542 13.81424 19.93141 17.01982 17.63044 15.08072 x 12.46197 10.42052 11.76322 18.46332
19.93022 11.86359 13.77461 19.91648 17.85638 11.94234 10.86778 17.29472 10.42984 19.30607 12.65351 19.65345 12.58481 11.0181 10.62204 17.34898 16.98019 11.93486 19.72744 16.59776 17.23385 12.32634 10.09693 17.89073 11.12991 12.93301 13.93602 15.40851 19.63193 12.1824 16.50202 14.55384 12.47123 13.39001 13.74445 12.70893 12.66823 12.1309 14.87827 11.54117 12.32388 19.53753 12.67204 16.93406 17.31326 19.57658 11.73149 17.18701 16.57612 11.53532 13.27152 19.95886 11.25515 17.63659 11.84205 19.10427 18.76491 11.75376 19.45959 13.7128 17.01471 18.60409 16.39165 10.37445 12.99196 12.815 14.97556 11.57971 19.72374 16.63896 19.97965 17.84238 16.22253 19.36205 12.82699 12.23447 14.92158 14.51093 13.23201 12.34299 11.45756 14.48111 16.91304 17.11813 13.89466 10.13691 10.23103 12.70638 11.20377 11.13268 14.00102 13.67086 11.9722 14.40555 10.99396 12.46197 x 10.63223 10.34195 14.00797
19.22722 16.70001 13.39795 18.5435 18.8429 11.988 14.90363 14.96662 18.98787 12.21261 14.84905 12.19218 15.71677 18.78555 15.06243 10.20068 17.16574 17.01224 16.44486 15.25532 16.69807 19.68654 11.23534 17.78323 11.556 19.08807 16.84126 15.56899 19.01126 15.28193 19.74699 12.12684 17.23849 18.99801 13.00491 10.21098 19.24781 10.53197 12.96487 12.95084 19.51233 17.74222 16.60794 12.80854 12.01009 10.28936 16.4478 18.03738 17.19045 19.50069 17.2073 13.59238 14.7602 17.12078 13.85986 16.23254 16.94719 10.83971 16.25693 14.96636 12.53741 17.16007 12.81562 13.96619 16.86633 13.1974 10.34583 13.97395 16.6292 12.05886 12.3171 15.29472 12.27864 15.62832 10.02786 18.55552 13.3088 17.93313 14.62194 13.66523 14.70841 14.77159 19.46699 15.35319 15.25895 13.92274 13.06937 18.66862 17.68643 19.29765 16.23783 11.22784 10.23552 16.311 13.46862 10.42052 10.63223 x 11.8874 18.1663
12.45716 11.95312 16.38371 18.46171 15.06717 15.8655 15.59714 10.8832 14.18278 19.14293 17.47392 12.0462 10.64204 19.44532 19.17102 15.20103 13.24838 16.34733 17.44047 16.14877 15.28276 19.01198 18.39098 19.69861 13.2957 11.77778 15.94137 10.2956 13.75333 19.89418 15.27967 12.56619 12.27693 16.00346 15.12229 16.7279 10.83704 15.08608 17.498 10.53925 14.06461 12.15991 12.53473 17.5535 17.22489 15.23504 13.2811 11.92442 14.05491 15.69122 11.73345 12.41174 12.99117 15.23681 12.46595 19.01693 14.64057 14.75523 12.32078 19.16065 19.17801 10.907 10.30634 13.4395 19.73203 10.37059 11.94441 10.64045 18.23907 15.66175 10.44444 12.35747 11.53479 14.32406 11.60307 12.46155 16.92367 12.75254 11.81362 10.80559 18.37325 12.42294 14.32369 15.82848 11.01607 10.38064 16.46653 15.74249 13.39917 10.20977 12.83114 11.73506 14.81646 16.98442 18.96857 11.76322 10.34195 11.8874 x 15.15382
15.19926 15.34068 13.4901 15.92473 17.36635 15.03493 14.40542 11.15671 11.02575 11.22769 14.76119 11.97258 12.49398 10.20907 15.03666 18.65032 15.75635 11.31009 19.39173 13.38529 15.52223 10.4685 11.24189 16.45877 12.20279 15.70115 11.14752 15.71284 12.31897 19.56014 13.62832 17.81235 17.59405 11.90506 15.13746 17.92825 18.4171 16.56223 14.63247 11.6047 13.08067 18.72137 18.33211 18.28215 12.74975 13.85069 13.82319 15.65368 15.4208 18.32011 10.97788 17.49878 16.16059 15.11157 14.49789 10.72294 10.00752 10.22361 17.6748 18.43038 16.55932 16.46824 18.15891 17.66388 14.05626 18.70039 14.4234 17.31838 14.45984 18.19557 14.81214 10.79611 17.77682 16.63007 11.25499 18.58752 12.30884 17.54664 18.42525 18.36768 12.8222 19.0087 15.39366 10.99934 10.96554 13.04052 10.73056 17.48137 12.06997 11.17195 15.30549 16.94136 18.44195 18.52629 16.23878 18.46332 14.00797 18.1663 15.15382 x
