50
25
kgMLDXb5R3ORIfTilNFP goJftIzc5FBlw9j9PMfL B46pe0ii1rn1dcGCmje6 6uJmr1C0tkMcbasOZ8YR pPWJrH430fABR0NcoPKV uKBUiyynqpfTFP93OJ0w Hz0Iozclr5Dsmtt3I8hK IcKzxr7CcACAPE40T0L0 ZPdVSQmUt7J8A3Rehp7D W2denTwXnWz4qrXL3aFw 7FWNmYu1sEzp7YpjhNM0 EL7mPsSjxf2fIF5lmSlC Hp324dioHwKLfiZ19twT QTxJ87HudblvfrcxhLKF A9DFzQyemv4Vrp2lXMgz RIFDgOYLizqUpmzvNX0Y LEf0huj6HzVDaAZAnsYH g2g8WLVxe9HOQYy10Bok 1foAom0YUla8ad6rygWf vGFxQBgm9nuIewYni1cp ifTdJaO9BbhyS7vPeYry 8pLdmHLE6WeSsY7mlbVR kYHq5ypSLuToYqFtAcRu pms1OeSRIu8epveHYsQw scUa5QdkUC7khfk1TYEx Ph9yGdcZCHpq7TcjF1ys iyStbsaTNUhgZNM2l5BQ 6uYVEZNStGwGBaOTSZJ3 Nqdnt8lMLeIhcHlj1s1V lDAnOMVYOYXzMCtINEX8 PyIlH9YicODghA6KwJUV AKanlmGUSU3JxRuvHfxn AzIG5crlJuxKgwAi8EiY 9l9bqgsSEgsSkszLK4O4 eai1i56xxnAGWiJMC1fR 2h7AtRG8tvqKPhtURzP1 nAg8OEdqlYhSIX9nv2SQ qUHIoJ8btUij9h8nDU8R EnNVAHlgZyRZjVXg0eME LbqkBWSxp6mSj0kbbpQH lSssYFAkHCaiCgsVnBjZ 5yzYewNOjD4D1V8ZP8q1 3KOtUmI8wx8Is2Iqqd2S CdlE2FMHtE23wbpleKPr Wf5r5fLld7uYzA371YeY JgXP4twLsCa3fIDOEH6M vEWyy5AExfLu7sWP92aZ Hzf5jjegIHlFM1NlD4mu GGbfPZ5r9fRsb9JaMs6R wmgJPf9xJgBC30Z2iBfg
pPWJrH430fABR0NcoPKV 6uJmr1C0tkMcbasOZ8YR goJftIzc5FBlw9j9PMfL IcKzxr7CcACAPE40T0L0 Hp324dioHwKLfiZ19twT A9DFzQyemv4Vrp2lXMgz RIFDgOYLizqUpmzvNX0Y nAg8OEdqlYhSIX9nv2SQ ZPdVSQmUt7J8A3Rehp7D kgMLDXb5R3ORIfTilNFP 1foAom0YUla8ad6rygWf 9l9bqgsSEgsSkszLK4O4 qUHIoJ8btUij9h8nDU8R scUa5QdkUC7khfk1TYEx CdlE2FMHtE23wbpleKPr lDAnOMVYOYXzMCtINEX8 5yzYewNOjD4D1V8ZP8q1 PyIlH9YicODghA6KwJUV W2denTwXnWz4qrXL3aFw B46pe0ii1rn1dcGCmje6 g2g8WLVxe9HOQYy10Bok uKBUiyynqpfTFP93OJ0w LEf0huj6HzVDaAZAnsYH AzIG5crlJuxKgwAi8EiY 6uYVEZNStGwGBaOTSZJ3
7FWNmYu1sEzp7YpjhNM0
x 419.12498 757.41016 658.02745 588.3078 312.1647 403.88687 646.49916 446.71512 74.97982 75.36562 677.2261 514.0158 589.46393 209.02684 602.55899 223.20038 515.19232 883.80412 774.02191 149.27644 439.13335 380.54954 461.29436 369.79805 859.20597 652.31248 723.83952 612.00252 693.16397 706.78739 667.77365 82.70349 157.90588 753.92577 264.42796 261.53043 607.92685 526.67522 525.20093 521.29369 83.04742 498.94904 634.46305 265.79804 260.8289 280.62303 650.79979 806.05149 353.05772
419.12498 x 466.67975 697.51791 256.62226 345.83947 260.34741 775.21898 32.15006 474.94207 494.1472 710.06854 465.35004 282.98628 627.93371 618.3276 371.34501 484.54382 600.10758 701.80294 286.36173 571.25205 522.85187 341.40239 188.85699 620.3017 842.70836 866.73261 561.21922 301.33331 346.69065 536.27683 357.35267 510.23846 751.24381 639.49228 250.11783 245.38076 771.59956 140.17968 141.26491 494.53503 98.60941 351.71141 253.59369 646.52909 292.58585 692.96773 574.15155 66.15582
757.41016 466.67975 x 538.79067 644.80356 805.16898 355.29434 683.52714 470.33314 830.88429 817.28466 537.93206 368.56739 186.07919 944.30873 474.83408 572.34852 389.89367 134.41041 410.35202 683.40105 584.21648 579.15106 321.52088 655.52728 168.72725 796.56518 760.41907 376.50336 257.32068 169.25902 265.22459 734.54208 897.62043 520.969 861.79678 699.26341 234.39904 808.30175 529.8255 536.96994 801.93008 377.73697 125.00779 704.2476 1017.77043 484.89134 539.45851 140.15862 503.17025
658.02745 697.51791 538.79067 x 953.10782 895.28211 437.30976 154.52836 724.11235 722.70648 671.20141 19.92151 235.41971 539.92064 743.30381 79.99721 446.36823 214.09785 578.1978 198.84057 697.86852 226.51655 280.00682 361.01625 829.05775 489.0711 275.72213 222.00874 166.66938 715.20433 649.80347 273.99816 696.98664 812.12111 106.27959 574.75375 791.54403 628.20694 346.42794 830.50416 833.6775 642.64298 675.87893 504.68099 798.21085 873.90492 449.72003 7.55594 455.49459 677.34769
588.3078 256.62226 644.80356 953.10782 x 361.89102 515.86427 1031.27009 229.00723 620.74777 660.92811 965.17365 719.48809 485.46945 782.03533 873.59679 608.87047 739.46099 766.76806 944.20798 439.03453 824.54184 773.6899 594.27154 221.3822 811.87394 1095.323 1122.71854 811.97444 405.88188 486.12927 773.91888 509.02917 620.78297 1002.74206 841.53331 336.42894 412.19058 1015.76362 125.48419 120.90991 671.1168 291.43153 553.7235 334.37768 754.7882 541.70823 948.72279 773.40931 292.08428
312.1647 345.83947 805.16898 895.28211 361.89102 x 514.3476 919.4896 353.40324 309.05287 366.77822 912.43346 697.37924 619.09915 460.07661 825.752 456.85735 708.21603 939.55265 962.09038 201.71019 701.73065 641.85774 597.722 170.43958 948.27044 945.39652 1004.28965 802.61551 641.74763 692.47319 817.54611 233.94887 277.92244 976.11018 573.68223 111.26213 591.08468 830.11614 364.65509 357.37213 387.97731 443.83843 684.09453 105.13838 402.51974 448.61126 888.8863 898.6025 302.00107
403.88687 260.34741 355.29434 437.30976 515.86427 514.3476 x 523.23532 286.858 478.19046 462.05798 449.72436 205.5374 206.10913 589.42311 357.99704 223.36321 224.23566 479.94221 455.07228 350.92366 335.00107 298.96868 85.92345 408.71512 459.33506 602.68009 614.58185 304.79304 360.57443 338.85344 303.26135 390.14199 549.87514 492.91777 522.04724 403.14473 261.30062 555.79936 394.04102 396.8974 446.72951 248.02087 235.70879 409.39652 664.71333 130.53776 432.86942 406.54507 247.00824
646.49916 775.21898 683.52714 154.52836 1031.27009 919.4896 523.23532 x 804.58445 701.03632 642.06088 164.45796 344.25467 661.26483 687.82468 208.71939 463.26122 320.20385 730.87352 349.13749 717.80406 218.33973 277.7644 460.84889 880.83273 643.12642 121.47016 91.55138 307.03398 838.62826 780.63662 421.93926 701.01978 789.82447 235.83747 503.39282 824.48965 746.04106 218.62265 913.68078 915.71403 612.16307 770.75965 635.63463 831.04088 828.20998 497.55721 151.14211 608.21472 743.53865
446.71512 32.15006 470.33314 724.11235 229.00723 353.40324 286.858 804.58445 x 500.52604 521.9421 736.26278 490.80429 289.89695 655.1121 644.64245 403.49495 510.56035 602.54067 722.35838 310.54214 601.94495 554.0958 365.96669 189.41067 627.77619 873.45026 896.12796 584.87864 288.73413 341.17896 554.98906 382.49008 532.27567 775.36662 670.48914 263.89894 242.69645 803.42985 109.39526 111.13241 523.23373 93.6517 359.51138 266.71096 669.22511 324.30323 719.71647 583.05332 94.37533
74.97982 474.94207 830.88429 722.70648 620.74777 309.05287 478.19046 701.03632 500.52604 x 64.90212 742.16386 587.16489 660.83692 161.31024 670.36234 295.75206 587.5491 957.96038 845.26645 191.16881 500.20029 443.20581 536.27396 399.40772 934.12081 696.72334 774.4747 683.88404 757.88432 775.52658 742.07036 118.23473 89.61552 820.72908 271.9802 285.11085 675.40739 564.02827 570.10897 565.44776 93.39383 559.97725 707.4702 287.91486 186.88872 355.59253 715.36787 880.97087 408.94766
75.36562 494.1472 817.28466 671.20141 660.92811 366.77822 462.05798 642.06088 521.9421 64.90212 x 690.86793 550.43204 654.45827 135.15127 622.72967 260.93267 548.57897 940.91726 802.7424 222.65744 446.37903 391.217 511.84431 441.05166 910.74361 633.81886 713.53954 643.28434 764.70254 775.00671 709.20742 152.02622 148.75392 771.32725 208.79651 329.89237 677.56403 499.83469 600.28807 596.29378 29.97519 572.58189 695.96798 333.57514 212.1192 334.02289 663.77235 857.62193 428.1442
677.2261 710.06854 537.93206 19.92151 965.17365 912.43346 449.72436 164.45796 736.26278 742.16386 690.86793 x 246.17204 545.85921 763.22522 91.79448 464.74424 225.71276 572.7744 185.38633 715.53556 246.40186 299.65328 371.90914 844.11329 482.09343 285.91639 225.48052 170.39741 720.2254 653.17096 272.71118 715.51084 831.54344 86.87051 594.4953 808.20522 634.6246 362.51761 842.11137 845.42665 662.35134 686.1701 508.4219 814.87144 893.76268 466.05943 27.47626 450.21018 691.25416
514.0158 465.35004 368.56739 235.41971 719.48809 697.37924 205.5374 344.25467 490.80429 587.16489 550.43204 246.17204 x 317.18866 655.26998 155.42281 291.47125 24.12261 453.26936 266.79159 512.00166 216.13376 219.51712 125.74154 609.50799 391.95355 443.86306 432.31898 105.24776 494.56993 439.94811 163.40966 529.85257 671.56732 287.96439 529.95358 588.37596 401.91091 440.16479 596.06675 599.47661 526.61563 440.46316 296.95898 594.94276 762.54554 252.66209 231.7917 342.48488 451.11534
589.46393 282.98628 186.07919 539.92064 485.46945 619.09915 206.10913 661.26483 289.89695 660.83692 654.45827 545.85921 317.18866 x 786.04817 462.87103 428.82062 341.30246 320.48315 476.30933 502.8275 509.33596 486.23715 214.89108 471.34766 337.91516 759.45053 748.37315 376.14199 177.38417 134.27308 304.13377 558.23978 722.00323 558.55664 728.09065 513.35513 89.7677 737.62851 363.31681 369.65011 642.52978 200.76478 69.84436 518.28537 847.05013 333.66289 537.98958 293.52971 317.10767
209.02684 627.93371 944.30873 743.30381 782.03533 460.07661 589.42311 687.82468 655.1121 161.31024 135.15127 763.22522 655.26998 786.04817 x 705.71992 376.47304 649.93717 1064.95909 894.21957 349.85516 517.41967 469.85263 632.09137 560.67459 1029.0872 655.64664 747.51867 740.32745 899.67498 908.5075 817.58418 276.83625 188.64162 847.62316 190.90519 446.14182 811.87466 511.72576 729.50669 725.09324 143.51905 707.60692 824.77392 448.76118 145.78218 459.4175 735.74956 976.24521 561.80878
602.55899 618.3276 474.83408 79.99721 873.59679 825.752 357.99704 208.71939 644.64245 670.36234 622.72967 91.79448 155.42281 462.87103 705.71992 x 384.57415 134.25027 527.46377 194.71174 630.92444 193.02669 235.88116 281.0374 753.32893 444.74354 323.46975 289.09391 98.43519 639.09693 576.34389 215.06423 635.26025 758.99348 152.41863 548.57493 720.23643 550.48964 364.04941 750.75936 753.99544 595.23875 595.88372 430.97452 726.89566 830.1453 377.79453 76.54614 405.58283 599.64216
223.20038 371.34501 572.34852 446.36823 608.87047 456.85735 223.36321 463.26122 403.49495 295.75206 260.93267 464.74424 291.47125 428.82062 376.47304 384.57415 x 292.01532 689.57882 551.03769 255.61681 245.07199 185.53826 255.82264 428.1207 652.84267 500.34659 549.66869 388.82276 571.15186 559.87109 448.43073 250.94763 381.08964 536.93728 299.94493 361.69804 474.25523 407.45427 508.1993 507.62542 239.32687 412.87763 457.26168 368.1992 472.67 96.91093 439.49542 599.91892 319.26268
515.19232 484.54382 389.89367 214.09785 739.46099 708.21603 224.23566 320.20385 510.56035 587.5491 548.57897 225.71276 24.12261 341.30246 649.93717 134.25027 292.01532 x 471.08924 260.59794 520.03454 196.48483 204.6423 147.14807 624.86586 406.56089 419.87761 408.44369 97.57263 518.68182 463.91189 173.60356 534.72321 673.04455 272.05789 519.1266 600.00892 425.89335 418.42135 616.51246 619.7665 523.9729 462.25243 320.67816 606.61229 760.4887 261.03145 210.14779 358.13326 468.1188
883.80412 600.10758 134.41041 578.1978 766.76806 939.55265 479.94221 730.87352 602.54067 957.96038 940.91726 572.7744 453.26936 320.48315 1064.95909 527.46377 689.57882 471.08924 x 413.05536 815.66452 667.24795 671.97259 434.13136 788.93894 99.84524 849.64682 798.12426 431.59852 365.75734 281.05106 313.56201 864.84056 1027.2039 535.6891 970.14998 833.64139 362.76007 881.91517 656.15109 663.55925 923.97804 509.32799 257.99262 838.64036 1144.61427 606.95985 580.56359 122.7112 637.55168
774.02191 701.80294 410.35202 198.84057 944.20798 962.09038 455.07228 349.13749 722.35838 845.26645 802.7424 185.38633 266.79159 476.30933 894.21957 194.71174 551.03769 260.59794 413.05536 x 778.77662 387.28734 425.97194 369.16436 863.55731 315.82246 470.27636 399.02613 163.0288 634.26638 555.05548 172.49382 795.3118 931.9059 125.03604 742.39576 852.13985 564.89195 543.95303 818.73057 823.57676 776.64894 653.35685 421.03357 858.6309 1013.24019 519.45103 204.32344 295.1909 700.2765
149.27644 286.36173 683.40105 697.86852 439.03453 201.71019 350.92366 717.80406 310.54214 191.16881 222.65744 715.53556 512.00166 502.8275 349.85516 630.92444 255.61681 520.03454 815.66452 778.77662 x 500.1803 440.2392 426.80972 221.3565 807.05677 745.3369 802.6413 616.64833 578.06353 605.3325 646.64059 73.14558 226.08499 782.64439 407.65644 119.64148 502.71786 634.51589 379.65497 375.25079 232.12424 376.01733 558.40877 125.11653 360.7768 259.35355 691.27226 754.91137 221.16793
439.13335 571.25205 584.21648 226.51655 824.54184 701.73065 335.00107 218.33973 601.94495 500.20029 446.37903 246.40186 216.13376 509.33596 517.41967 193.02669 245.07199 196.48483 667.24795 387.28734 500.1803 x 60.15358 294.66164 664.61237 599.14444 271.51168 306.15268 254.23004 682.49068 640.31997 362.1073 487.12366 589.8157 330.20545 355.58139 606.1512 584.37412 228.74068 711.27295 712.51613 417.41192 580.49988 503.35233 612.70151 647.43833 284.27116 218.98745 552.43986 533.57379
380.54954 522.85187 579.15106 280.00682 773.6899 641.85774 298.96868 277.7644 554.0958 443.20581 391.217 299.65328 219.51712 486.23715 469.85263 235.88116 185.53826 204.6423 671.97259 425.97194 440.2392 60.15358 x 272.50002 608.15883 610.99407 322.12306 364.39685 280.04501 654.97904 619.51676 377.58542 427.12452 532.75782 380.83124 319.54795 547.07262 555.86589 256.89203 663.02314 663.85225 362.77326 539.14797 488.26926 553.59758 595.61027 231.98737 272.59371 561.9452 481.81778
461.29436 341.40239 321.52088 361.01625 594.27154 597.722 85.92345 460.84889 365.96669 536.27396 511.84431 371.90914 125.74154 214.89108 632.09137 281.0374 255.82264 147.14807 434.13136 369.16436 426.80972 294.66164 272.50002 x 494.6083 398.93322 550.75208 550.98178 220.26013 388.25234 347.25657 220.69108 458.74018 613.51028 409.85 540.28316 486.76058 290.98187 522.75523 470.51222 474.02759 492.85319 315.11085 217.84656 493.10792 720.42487 180.82245 357.21871 345.79423 332.36735
369.79805 188.85699 655.52728 829.05775 221.3822 170.43958 408.71512 880.83273 189.41067 399.40772 441.05166 844.11329 609.50799 471.34766 560.67459 753.32893 428.1207 624.86586 788.93894 863.55731 221.3565 664.61237 608.15883 494.6083 x 807.70866 927.94315 970.38174 712.17302 474.58291 530.55504 705.7748 289.04183 402.24337 896.89303 628.41159 115.35425 431.72707 832.07316 195.94757 189.0295 452.84462 282.64369 539.48163 113.80332 538.16488 384.23897 823.50281 760.558 165.04185
859.20597 620.3017 168.72725 489.0711 811.87394 948.27044 459.33506 643.12642 627.77619 934.12081 910.74361 482.09343 391.95355 337.91516 1029.0872 444.74354 652.84267 406.56089 99.84524 315.82246 807.05677 599.14444 610.99407 398.93322 807.70866 x 763.31681 706.47346 352.75625 425.04654 337.04734 237.48911 849.46069 1008.67154 439.69677 919.69098 839.20967 399.91312 805.43119 694.76688 701.67954 891.34119 537.43503 268.62012 844.69646 1119.08421 578.71101 492.0414 53.16796 648.72344
652.31248 842.70836 796.56518 275.72213 1095.323 945.39652 602.68009 121.47016 873.45026 696.72334 633.81886 285.91639 443.86306 759.45053 655.64664 323.46975 500.34659 419.87761 849.64682 470.27636 745.3369 271.51168 322.12306 550.75208 927.94315 763.31681 x 106.79654 421.57538 936.33009 883.78891 538.46272 717.01024 782.33998 354.38412 465.05014 858.91083 840.9164 146.17698 982.76514 983.96518 604.07051 850.03617 740.15397 865.22963 800.48942 553.86903 272.00464 727.18469 803.72377
723.83952 866.73261 760.41907 222.00874 1122.71854 1004.28965 614.58185 91.55138 896.12796 774.4747 713.53954 225.48052 432.31898 748.37315 747.51867 289.09391 549.66869 408.44369 798.12426 399.02613 802.6413 306.15268 364.39685 550.98178 970.38174 706.47346 106.79654 x 385.44095 925.52241 865.06869 495.95099 782.23584 862.17658 275.95889 558.63214 911.35959 834.14669 247.55181 1005.23128 1007.25845 683.56771 861.92455 719.73812 917.86604 890.78363 587.87177 220.99786 675.6302 834.62503
612.00252 561.21922 376.50336 166.66938 811.97444 802.61551 304.79304 307.03398 584.87864 683.88404 643.28434 170.39741 105.24776 376.14199 740.32745 98.43519 388.82276 97.57263 431.59852 163.0288 616.64833 254.23004 280.04501 220.26013 712.17302 352.75625 421.57538 385.44095 x 549.883 483.20387 118.074 632.284 769.90419 190.81396 599.54322 693.5093 465.31824 452.68634 687.22181 691.21198 617.96984 526.42141 338.20796 700.06694 854.73077 357.33109 166.01062 310.77706 551.77457
693.16397 301.33331 257.32068 715.20433 405.88188 641.74763 360.57443 838.62826 288.73413 757.88432 764.70254 720.2254 494.56993 177.38417 899.67498 639.09693 571.15186 518.68182 365.75734 634.26638 578.06353 682.49068 654.97904 388.25234 474.58291 425.04654 936.33009 925.52241 549.883 x 88.0813 466.26439 644.47064 804.14834 726.85649 869.51469 551.14772 99.38096 909.53748 306.73832 314.68524 758.32378 204.02583 214.89366 554.37897 937.75969 474.36749 713.5831 396.42594 360.45088
706.78739 346.69065 169.25902 649.80347 486.12927 692.47319 338.85344 780.63662 341.17896 775.52658 775.00671 653.17096 439.94811 134.27308 908.5075 576.34389 559.87109 463.91189 281.05106 555.05548 605.3325 640.31997 619.51676 347.25657 530.55504 337.04734 883.78891 865.06869 483.20387 88.0813 x 390.91059 666.97774 829.78938 653.13891 859.74062 594.77112 103.2927 869.01353 379.01851 386.69141 765.32288 248.77637 145.36948 598.7469 959.58934 463.64352 648.83096 308.62821 397.79117
667.77365 536.27683 265.22459 273.99816 773.91888 817.54611 303.26135 421.93926 554.98906 742.07036 709.20742 272.71118 163.40966 304.13377 817.58418 215.06423 448.43073 173.60356 313.56201 172.49382 646.64059 362.1073 377.58542 220.69108 705.7748 237.48911 538.46272 495.95099 118.074 466.26439 390.91059 x 674.49583 823.81328 262.33808 692.52999 706.37893 393.12483 569.44123 648.5654 653.66258 686.50669 482.58403 251.54194 712.64527 921.09458 393.36348 275.01178 193.3117 540.92519
82.70349 357.35267 734.54208 696.98664 509.02917 233.94887 390.14199 701.01978 382.49008 118.23473 152.02622 715.51084 529.85257 558.23978 276.83625 635.26025 250.94763 534.72321 864.84056 795.3118 73.14558 487.12366 427.12452 458.74018 289.04183 849.46069 717.01024 782.23584 632.284 644.47064 666.97774 674.49583 x 163.76817 787.67413 346.91415 179.07236 565.37072 597.43585 452.73479 448.27041 165.02607 444.36074 609.80208 183.21238 293.44619 281.16466 690.03921 796.68647 291.56086
157.90588 510.23846 897.62043 812.12111 620.78297 277.92244 549.87514 789.82447 532.27567 89.61552 148.75392 831.54344 671.56732 722.00323 188.64162 758.99348 381.08964 673.04455 1027.2039 931.9059 226.08499 589.8157 532.75782 613.51028 402.24337 1008.67154 782.33998 862.17658 769.90419 804.14834 829.78938 823.81328 163.76817 x 909.72078 342.69995 287.85779 727.69395 647.00992 587.73654 582.13059 178.68709 601.83232 773.05556 288.66282 137.66386 432.97226 804.79662 955.6676 446.1203
753.92577 751.24381 520.969 106.27959 1002.74206 976.11018 492.91777 235.83747 775.36662 820.72908 771.32725 86.87051 287.96439 558.55664 847.62316 152.41863 536.93728 272.05789 535.6891 125.03604 782.64439 330.20545 380.83124 409.85 896.89303 439.69677 354.38412 275.95889 190.81396 726.85649 653.13891 262.33808 787.67413 909.72078 x 680.82396 869.48195 648.32304 444.81259 878.03266 882.00549 743.25494 716.94268 512.04084 876.12373 976.32878 527.53029 113.71477 415.69441 739.06802
264.42796 639.49228 861.79678 574.75375 841.53331 573.68223 522.04724 503.39282 670.48914 271.9802 208.79651 594.4953 529.95358 728.09065 190.90519 548.57493 299.94493 519.1266 970.14998 742.39576 407.65644 355.58139 319.54795 540.28316 628.41159 919.69098 465.05014 558.63214 599.54322 869.51469 859.74062 692.52999 346.91415 342.69995 680.82396 x 524.54268 773.5452 320.82277 763.57987 760.99031 185.71981 699.46775 752.35331 529.15144 336.43798 396.61962 567.25012 868.54821 577.32126
261.53043 250.11783 699.26341 791.54403 336.42894 111.26213 403.14473 824.48965 263.89894 285.11085 329.89237 808.20522 588.37596 513.35513 446.14182 720.23643 361.69804 600.00892 833.64139 852.13985 119.64148 606.1512 547.07262 486.76058 115.35425 839.20967 858.91083 911.35959 693.5093 551.14772 594.77112 706.37893 179.07236 287.85779 869.48195 524.54268 x 492.03615 752.03714 301.96271 295.92266 344.09831 348.56857 576.8739 6.66692 424.60168 342.44434 785.34978 789.09944 198.08857
607.92685 245.38076 234.39904 628.20694 412.19058 591.08468 261.30062 746.04106 242.69645 675.40739 677.56403 634.6246 401.91091 89.7677 811.87466 550.48964 474.25523 425.89335 362.76007 564.89195 502.71786 584.37412 555.86589 290.98187 431.72707 399.91312 840.9164 834.14669 465.31824 99.38096 103.2927 393.12483 565.37072 727.69395 648.32304 773.5452 492.03615 x 810.86018 295.45998 302.57764 669.31776 149.11848 147.55885 496.12167 858.46628 377.34544 626.06571 361.45015 294.68344
526.67522 771.59956 808.30175 346.42794 1015.76362 830.11614 555.79936 218.62265 803.42985 564.02827 499.83469 362.51761 440.16479 737.62851 511.72576 364.04941 407.45427 418.42135 881.91517 543.95303 634.51589 228.74068 256.89203 522.75523 832.07316 805.43119 146.17698 247.55181 452.68634 909.53748 869.01353 569.44123 597.43585 647.00992 444.81259 320.82277 752.03714 810.86018 x 911.01768 911.14068 470.65574 794.69238 731.7888 758.04597 657.13222 479.21114 340.34025 762.75144 724.59774
525.20093 140.17968 529.8255 830.50416 125.48419 364.65509 394.04102 913.68078 109.39526 570.10897 600.28807 842.11137 596.06675 363.31681 729.50669 750.75936 508.1993 616.51246 656.15109 818.73057 379.65497 711.27295 663.02314 470.51222 195.94757 694.76688 982.76514 1005.23128 687.22181 306.73832 379.01851 648.5654 452.73479 587.73654 878.03266 763.57987 301.96271 295.45998 911.01768 x 8.05127 605.52078 166.37167 432.41071 302.42679 725.23487 432.42795 826.30946 654.24727 189.95045
521.29369 141.26491 536.96994 833.6775 120.90991 357.37213 396.8974 915.71403 111.13241 565.44776 596.29378 845.42665 599.47661 369.65011 725.09324 753.99544 507.62542 619.7665 663.55925 823.57676 375.25079 712.51613 663.85225 474.02759 189.0295 701.67954 983.96518 1007.25845 691.21198 314.68524 386.69141 653.66258 448.27041 582.13059 882.00549 760.99031 295.92266 302.57764 911.14068 8.05127 x 601.87414 171.90234 438.86387 296.26981 719.5639 432.90285 829.42685 660.94224 188.8264
83.04742 494.53503 801.93008 642.64298 671.1168 387.97731 446.72951 612.16307 523.23373 93.39383 29.97519 662.35134 526.61563 642.52978 143.51905 595.23875 239.32687 523.9729 923.97804 776.64894 232.12424 417.41192 362.77326 492.85319 452.84462 891.34119 604.07051 683.56771 617.96984 758.32378 765.32288 686.50669 165.02607 178.68709 743.25494 185.71981 344.09831 669.31776 470.65574 605.52078 601.87414 x 569.47816 681.7398 348.20068 236.76914 317.29774 635.19548 838.2957 428.9643
498.94904 98.60941 377.73697 675.87893 291.43153 443.83843 248.02087 770.75965 93.6517 559.97725 572.58189 686.1701 440.46316 200.76478 707.60692 595.88372 412.87763 462.25243 509.32799 653.35685 376.01733 580.49988 539.14797 315.11085 282.64369 537.43503 850.03617 861.92455 526.42141 204.02583 248.77637 482.58403 444.36074 601.83232 716.94268 699.46775 348.56857 149.11848 794.69238 166.37167 171.90234 569.47816 x 270.58752 352.13309 736.66233 322.04032 672.22029 494.15899 156.58042
634.46305 351.71141 125.00779 504.68099 553.7235 684.09453 235.70879 635.63463 359.51138 707.4702 695.96798 508.4219 296.95898 69.84436 824.77392 430.97452 457.26168 320.67816 257.99262 421.03357 558.40877 503.35233 488.26926 217.84656 539.48163 268.62012 740.15397 719.73812 338.20796 214.89366 145.36948 251.54194 609.80208 773.05556 512.04084 752.35331 576.8739 147.55885 731.7888 432.41071 438.86387 681.7398 270.58752 x 582.03355 894.32852 366.23761 503.61009 223.70172 382.63969
265.79804 253.59369 704.2476 798.21085 334.37768 105.13838 409.39652 831.04088 266.71096 287.91486 333.57514 814.87144 594.94276 518.28537 448.76118 726.89566 368.1992 606.61229 838.64036 858.6309 125.11653 612.70151 553.59758 493.10792 113.80332 844.69646 865.22963 917.86604 700.06694 554.37897 598.7469 712.64527 183.21238 288.66282 876.12373 529.15144 6.66692 496.12167 758.04597 302.42679 296.26981 348.20068 352.13309 582.03355 x 425.08088 349.10446 792.01651 794.66785 202.55122
260.8289 646.52909 1017.77043 873.90492 754.7882 402.51974 664.71333 828.20998 669.22511 186.88872 212.1192 893.76268 762.54554 847.05013 145.78218 830.1453 472.67 760.4887 1144.61427 1013.24019 360.7768 647.43833 595.61027 720.42487 538.16488 1119.08421 800.48942 890.78363 854.73077 937.75969 959.58934 921.09458 293.44619 137.66386 976.32878 336.43798 424.60168 858.46628 657.13222 725.23487 719.5639 236.76914 736.66233 894.32852 425.08088 x 540.44154 866.38776 1065.91638 581.81958
280.62303 292.58585 484.89134 449.72003 541.70823 448.61126 130.53776 497.55721 324.30323 355.59253 334.02289 466.05943 252.66209 333.66289 459.4175 377.79453 96.91093 261.03145 606.95985 519.45103 259.35355 284.27116 231.98737 180.82245 384.23897 578.71101 553.86903 587.87177 357.33109 474.36749 463.64352 393.36348 281.16466 432.97226 527.53029 396.61962 342.44434 377.34544 479.21114 432.42795 432.90285 317.29774 322.04032 366.23761 349.10446 540.44154 x 443.68949 525.54592 249.86497
650.79979 692.96773 539.45851 7.55594 948.72279 888.8863 432.86942 151.14211 719.71647 715.36787 663.77235 27.47626 231.7917 537.98958 735.74956 76.54614 439.49542 210.14779 580.56359 204.32344 691.27226 218.98745 272.59371 357.21871 823.50281 492.0414 272.00464 220.99786 166.01062 713.5831 648.83096 275.01178 690.03921 804.79662 113.71477 567.25012 785.34978 626.06571 340.34025 826.30946 829.42685 635.19548 672.22029 503.61009 792.01651 866.38776 443.68949 x 457.85291 672.26318
806.05149 574.15155 140.15862 455.49459 773.40931 898.6025 406.54507 608.21472 583.05332 880.97087 857.62193 450.21018 342.48488 293.52971 976.24521 405.58283 599.91892 358.13326 122.7112 295.1909 754.91137 552.43986 561.9452 345.79423 760.558 53.16796 727.18469 675.6302 310.77706 396.42594 308.62821 193.3117 796.68647 955.6676 415.69441 868.54821 789.09944 361.45015 762.75144 654.24727 660.94224 838.2957 494.15899 223.70172 794.66785 1065.91638 525.54592 457.85291 x 600.19344
353.05772 66.15582 503.17025 677.34769 292.08428 302.00107 247.00824 743.53865 94.37533 408.94766 428.1442 691.25416 451.11534 317.10767 561.80878 599.64216 319.26268 468.1188 637.55168 700.2765 221.16793 533.57379 481.81778 332.36735 165.04185 648.72344 803.72377 834.62503 551.77457 360.45088 397.79117 540.92519 291.56086 446.1203 739.06802 577.32126 198.08857 294.68344 724.59774 189.95045 188.8264 428.9643 156.58042 382.63969 202.55122 581.81958 249.86497 672.26318 600.19344 x
