100
40
aqzce kbshp xsbfo efjns hincx uqimz sqlhp ounwr akxro snlmb omjfc rvhjg oscrv ywion nhaik yiodb cursl uxtfk guxio kcley yzaje vczkh yaxts cgrwy nqtby ybtpq otirh ynfag fdciu krhxf qtcla aeomh ijvuq ablxw tyuep nihqv bjyil edkrj lkcpj axmwy csirk dowbf uaicq kwgic gizud tqiky bfcvm rlfxc tiyfv obwid zsehb qdbec dvkfe iofdr xintv qzsba ekogd hopbn fswhz nohqc ljosi xnysi misyc ijofp tejxc qsarc spehv ugyls mzlsn groqz lnfiu qdzgs vmgxh pyjhz ejrpc xpyfh ejulp lskxo urlkt abupm bcrwj htfom bquaw jrfin mlfbi lcghr spuoi coubd hkdrv ofjku qtmld lsnhz hutmk xeljy cjfpu aflzx ugamb gxdqt artvi zbawl 
oscrv hopbn mlfbi lcghr aqzce mzlsn zsehb tyuep coubd yzaje lnfiu cursl omjfc qdzgs xintv ywion gxdqt vczkh yiodb urlkt rlfxc aeomh artvi vmgxh ugamb ablxw otirh ugyls tejxc xeljy yaxts spuoi xnysi dowbf misyc bcrwj lsnhz axmwy ijvuq ijofp 
hutmk
x 44.91407 78.56853 91.40823 66.25606 64.67063 52.63469 18.15893 72.42285 90.29994 48.26255 58.35947 69.66667 99.02101 74.58492 106.05711 54.52638 45.97047 67.0676 49.46016 44.98774 55.92492 54.20465 13.21272 92.89522 33.77291 100.04428 41.60163 61.24381 27.1651 52.43232 83.79077 98.07533 60.25606 53.85387 81.87019 71.89003 53.9353 49.12669 9.57433 73.04941 50.47967 17.13844 63.54506 38.55343 59.13583 58.06557 62.58161 43.71401 80.25897 40.14136 94.51773 33.40808 61.76674 65.2424 95.74901 89.1816 23.00861 62.13209 100.42779 38.04429 58.89508 89.47166 96.01038 10.40929 29.26123 36.00987 42.9086 27.92292 94.14892 66.47185 32.14782 34.00258 91.52283 41.85613 25.72196 102.18635 60.35993 95.73396 23.79667 85.37018 51.75098 24.44019 19.25165 71.80096 49.14602 39.39435 x 61.72656 26.96174 54.39507 70.58067 48.44249 88.68313 79.50308 66.25008 61.4504 72.9679 24.81417 61.54612 
44.91407 x 91.35724 85.40006 95.34055 93.93597 29.72125 32.48695 66.1607 94.56924 39.84181 69.06866 83.48447 89.60795 85.0586 88.23557 86.92366 47.64801 41.00997 6.13364 56.07561 x 48.1905 36.76905 113.40975 46.49354 82.57586 x 91.30387 71.61947 x 60.51653 92.06018 51.77187 83.72747 88.85748 63.64812 31.5279 65.16888 38.50377 52.74268 x 46.93338 57.0443 6.58185 69.95512 x 51.57215 69.11702 89.73258 68.98513 101.34365 51.58025 24.46503 85.22108 98.69969 98.31981 60.80617 68.83911 x 82.88402 90.29782 93.54638 87.76858 53.65676 49.36418 18.35768 51.91277 21.2369 110.88376 48.20112 75.34853 38.01127 69.81565 59.03189 70.37359 83.73502 77.6856 117.55324 24.42085 76.64483 59.20706 31.53565 63.74697 82.3049 66.06489 5.52189 88.08391 34.7122 29.26072 9.57356 x 34.52818 x x 50.9519 22.97353 68.05273 28.46051 x 
78.56853 91.35724 x 36.54535 34.17386 34.49771 66.56303 69.35678 36.49692 18.7626 52.54224 22.52055 8.91396 45.31827 6.90132 63.27347 41.8315 43.70969 67.59096 90.06736 36.60895 99.76534 45.27622 70.09573 25.43138 48.38032 59.78003 85.77162 36.27802 76.37397 66.04376 64.71849 x 44.74416 36.94158 11.26676 39.84904 65.4536 29.70678 72.51364 58.76611 52.21815 61.52365 40.26252 86.87244 21.62148 20.79627 47.15874 36.68979 6.46076 41.86142 18.22165 46.09309 83.48465 16.99472 x 11.74194 60.45975 22.84506 60.87124 83.55603 39.3541 18.66677 42.03761 72.68955 50.13062 73.29356 40.40627 74.10116 19.99762 56.38508 70.75566 54.6988 64.08276 37.13808 77.63048 62.49095 18.49435 30.34348 73.7457 39.98978 32.21806 65.12897 75.70998 9.24686 29.51462 88.79433 x 69.32772 65.72628 97.72463 17.32718 x 25.42624 68.38817 52.10007 x 34.12994 67.94144 50.92415 
91.40823 85.40006 36.54535 x 69.06413 69.01652 55.8103 x 19.94212 21.10269 47.64324 38.07646 38.4628 9.29505 32.11915 26.79732 73.58548 45.75385 x 81.80377 47.54818 90.26956 39.45492 x 59.13814 57.70185 23.90236 80.65235 69.91454 x 55.4489 36.52699 6.86935 34.36698 68.00474 25.3326 21.88998 54.06825 48.06561 82.80806 36.35048 45.91378 75.29455 29.53151 83.2763 37.75706 46.96924 33.9324 60.67401 30.10797 66.1034 28.34093 59.32656 68.56596 49.68451 x 31.20947 80.77222 32.22574 25.044 108.87965 72.39692 x 5.78865 89.40992 63.15328 70.65969 48.7437 75.2986 50.67276 38.30874 95.55057 58.663 31.99321 x x 26.48122 45.60419 63.9532 76.93375 9.25336 40.58592 70.14951 x 32.58316 x 85.03464 53.88779 53.47967 69.13316 88.50791 26.27161 51.58061 11.67336 42.89357 34.80883 70.62333 18.75447 71.83239 37.25761 
66.25606 95.34055 34.17386 69.06413 x 1.58718 79.02475 65.31911 62.25043 52.93639 64.42364 37.15046 30.62469 78.24508 37.03502 94.97126 12.76115 53.71531 x 96.27298 42.67526 105.82363 x 63.39252 30.8616 49.18872 90.64453 89.84197 5.14345 52.97716 78.49979 89.71266 72.6762 63.50856 12.46084 44.9172 64.86375 x 33.45795 64.20293 81.0393 65.30071 52.28129 61.16524 89.39626 36.77567 25.62345 66.82631 26.22517 40.29142 27.21606 51.29861 x 96.2297 19.55121 57.89933 44.7638 43.51242 42.57587 91.63961 56.49033 8.28658 52.82465 74.80343 x 46.07934 77.45928 46.53887 74.56948 36.52194 76.43419 45.78901 58.13293 91.72173 37.33734 54.74832 93.41248 25.71836 31.98424 x 70.20003 44.06513 64.13611 55.53235 x 32.21453 91.16976 15.19807 85.09587 x 103.77548 44.03738 70.16044 58.86861 91.1238 72.75134 97.39773 60.47931 67.29644 69.6261 
64.67063 93.93597 34.49771 69.01652 1.58718 x 77.89057 63.81602 61.75694 53.24977 63.33104 36.48165 30.55372 78.22668 37.07859 94.78474 11.26478 52.62879 84.88205 94.91832 41.56602 104.45162 59.76605 61.85428 x 47.85375 90.38725 88.44806 3.58957 51.49258 77.36716 89.06757 72.75856 62.68079 10.88995 45.09724 x 77.54707 32.42538 62.64502 80.28431 64.245 50.73187 x 87.96973 36.13943 24.94579 66.01719 24.82126 40.52273 25.68847 51.83714 x 95.05983 19.37163 58.2869 45.27707 41.92551 42.01064 91.37213 55.15545 x 53.10784 74.77108 55.58049 44.64322 76.09316 45.38717 73.12847 37.62469 75.59647 44.33623 56.81644 91.22545 36.10133 53.25344 93.1552 25.17375 33.42891 70.91766 69.94355 43.14977 62.69169 53.98377 36.43659 31.17019 89.73747 15.14019 84.05785 x 102.40599 43.77085 69.03028 58.96561 x 71.95539 96.20861 60.0291 65.85035 68.76187 
52.63469 29.72125 66.56303 55.8103 79.02475 77.89057 x 34.52199 37.00788 66.60811 14.81131 45.89913 59.86555 59.89452 59.80709 59.70468 x 25.43191 x 26.02516 36.36117 34.87841 21.29274 39.72319 90.69682 32.44965 53.84211 25.37727 76.09895 73.70974 0.5354 33.27196 x 23.18246 69.37695 62.01008 34.25804 1.84784 45.73663 43.20167 23.90073 14.52635 44.09481 28.46656 28.54963 46.68973 x 22.31825 54.48765 63.72346 56.67863 73.8376 38.34319 17.4193 64.54323 70.26524 71.68452 57.25937 43.78855 53.84068 85.5646 76.16533 65.57371 58.05238 56.93724 38.61222 18.70709 32.51003 26.32844 86.55401 18.65186 74.51591 24.27744 42.16985 42.06103 73.21185 x 56.57724 95.27135 29.88323 46.96046 36.42583 28.64722 x 57.31749 46.92934 30.10744 68.27228 9.12752 25.83886 33.00302 50.05681 8.86656 59.79393 27.6189 21.23065 18.87271 39.08073 27.82505 x 
18.15893 32.48695 69.35678 x 65.31911 63.81602 34.52199 x x 78.17189 30.82189 47.3524 60.5788 83.27052 64.2649 88.87748 55.62232 30.61299 48.91241 35.54403 33.06937 43.77258 37.59778 5.3262 87.6458 21.06779 82.84297 27.80803 x 41.09127 34.30582 65.79356 83.10244 43.50546 53.13193 70.45608 55.68056 35.79139 39.94538 8.68104 55.13661 33.00835 14.47794 47.35877 25.95308 48.22253 50.39566 45.49348 39.5698 69.7397 38.17659 83.40144 23.72138 44.88412 58.96168 83.31759 78.79802 x 49.76349 83.15755 52.87355 59.36625 77.25472 80.46242 23.29287 20.15317 18.99959 29.85068 11.79939 87.10627 48.60793 43.67849 17.62744 73.71998 32.63242 40.21837 84.87349 52.51007 91.20077 8.08365 69.46899 38.95278 6.52435 33.63628 61.38376 40.41441 27.42269 60.85155 43.63408 8.81375 41.91993 58.30602 30.42008 x 61.36403 48.68479 44.84628 57.55621 6.7201 44.06725 
72.42285 66.1607 36.49692 19.94212 62.25043 61.75694 37.00788 x x 30.5469 27.72074 25.82144 33.55684 x 29.85197 36.2158 63.4227 26.45622 33.00567 62.97577 30.54324 71.86261 19.51899 60.05878 61.89671 39.1397 30.73678 61.21916 61.65414 82.8597 36.5931 28.42784 26.81006 x 57.77945 28.22511 3.45428 35.37987 33.98349 63.53809 22.56109 26.0428 56.9379 9.58979 63.66693 25.95588 37.05676 14.69152 47.14049 31.50851 52.1163 38.22364 41.71419 51.53631 43.12982 33.56458 37.57204 64.15671 19.86487 31.50508 93.31813 63.39407 29.52608 23.79432 71.35722 45.19993 50.83647 30.71705 55.35648 55.4032 21.59112 80.14097 39.06089 29.47171 37.08481 83.29017 33.38093 36.58919 66.82413 57.02521 12.95189 24.0347 50.42418 78.71988 28.49283 35.10305 65.46224 47.62318 36.38794 49.29046 70.00531 19.66559 31.90611 22.87934 31.92648 17.39694 53.49857 2.47171 51.99509 18.41961 
90.29994 94.56924 18.7626 21.10269 52.93639 53.24977 66.60811 78.17189 30.5469 x 54.75376 32.00126 x 28.55439 17.74347 47.39938 60.1326 48.72822 63.51518 92.10105 45.54245 101.37037 46.38115 80.04015 38.32981 57.4171 44.96756 89.26958 54.9365 92.16244 x 55.40245 21.63946 43.42578 54.98709 9.09288 33.87625 65.12738 41.82322 82.96933 52.3829 53.69214 73.23184 38.14934 91.14497 31.26815 36.12169 44.63558 52.00211 12.91857 57.4864 7.85625 56.89289 81.95361 35.0944 x 10.28913 74.97843 28.45158 46.11458 100.30697 57.92673 1.03469 25.70247 85.97217 61.04352 77.65431 48.35744 80.34749 29.62615 52.12947 87.19082 61.47883 52.35995 48.66998 93.21579 47.49686 34.08449 43.06155 80.93238 27.71383 39.23463 72.89622 90.47668 19.8711 42.14596 93.03127 38.51862 66.87059 72.74404 99.43381 19.89222 60.12266 9.64657 60.71969 47.94262 83.88089 28.16352 75.27258 48.53043 
48.26255 39.84181 52.54224 47.64324 64.42364 63.33104 14.81131 30.82189 27.72074 54.75376 x 31.26627 45.43322 53.59135 45.93955 58.05656 59.9876 10.71021 23.26239 37.77992 21.77112 47.364 8.48583 35.134 76.1933 20.33563 52.02158 34.5159 61.67786 64.98805 14.27647 36.15746 54.50272 13.36828 55.18873 49.10418 25.96619 14.25672 31.02629 38.7828 25.24799 2.21953 35.72288 18.14711 36.50307 32.08183 40.64292 14.80113 40.53584 50.26521 43.30879 61.50737 25.80222 32.2288 49.74178 59.01115 58.65005 47.14498 29.70303 52.33757 x 61.934 53.73438 51.09329 49.9389 27.17653 23.26758 18.14116 27.72908 72.45202 18.63411 64.53282 14.70151 43.36896 27.91633 64.84114 54.05934 41.77881 80.70286 29.72641 39.83172 x 24.30298 59.09289 43.31913 32.24083 38.36565 53.46128 20.97907 22.53289 45.3485 36.72695 6.13072 49.18045 33.22412 17.98972 33.63883 29.21591 25.20329 13.28948 
58.35947 69.06866 22.52055 38.07646 37.15046 36.48165 45.89913 47.3524 25.82144 32.00126 31.26627 x 14.42641 47.16524 16.92983 60.99352 37.6105 21.56639 49.85654 68.0901 14.29972 77.84647 25.25132 48.61451 44.95863 26.28528 55.94154 63.45387 36.05174 61.65022 45.36559 52.58665 43.71913 26.8458 31.96152 23.52656 28.06743 45.05408 10.25009 51.34577 43.97429 31.378 41.25695 24.05302 64.42777 0.89908 11.53616 30.01816 22.61076 22.39338 28.02697 36.30962 24.99495 63.24652 19.36168 37.5327 31.45252 43.67959 6.14993 56.81364 70.92305 37.62976 31.20937 43.68766 54.0564 29.15016 x 17.92459 51.59138 41.81558 39.72154 57.59415 x 55.08118 16.68068 62.48366 x 11.66489 49.43849 51.33318 36.01095 9.89225 42.78942 59.13475 x 10.91705 66.34861 23.59192 50.20287 43.26257 75.78781 12.81237 37.39699 31.80573 54.06817 35.84498 64.7681 x 45.53098 33.15065 
69.66667 83.48447 8.91396 38.4628 30.62469 30.55372 59.86555 60.5788 33.55684 x 45.43322 14.42641 x 47.6805 6.91062 64.416 35.95137 35.98003 62.39143 82.50384 28.07243 x 38.78181 61.22098 x 39.67749 60.25427 77.86485 31.55759 68.25356 59.33636 61.93503 42.37975 39.20078 30.62773 15.57074 36.63171 58.90175 20.8131 63.612 54.78371 45.36016 52.61253 35.30677 78.7801 x 12.16967 x 28.24042 11.89069 33.5649 x 37.2156 77.07684 11.2589 30.10923 19.96938 51.88375 16.36758 61.27857 75.94403 34.22316 24.12386 44.21946 63.90977 41.2367 65.27521 32.00195 65.68131 27.40351 x x 46.33049 62.57296 28.24608 69.43006 63.0176 9.92782 35.47944 65.16721 39.86129 24.3159 56.50364 67.23556 5.89029 x 80.69918 15.43156 63.46461 57.21921 90.19777 14.07087 51.55035 28.68685 64.722 47.39275 78.67674 31.44015 59.36887 45.53825 
99.02101 89.60795 45.31827 9.29505 78.24508 78.22668 59.89452 83.27052 x 28.55439 53.59135 47.16524 47.6805 x 41.23716 18.98979 82.88054 x 50.87048 x 55.92934 93.48568 45.8286 86.70535 66.88133 65.53475 17.67627 85.17655 79.17336 107.93705 59.59386 35.59167 7.30702 40.23864 77.29896 x 27.7008 58.08095 57.03675 90.18165 38.16294 51.67833 83.27435 35.93782 88.07798 46.88308 56.24973 39.1237 69.77595 38.85752 75.17205 34.95973 67.57908 70.90531 58.92047 26.59467 38.84349 89.4013 41.21975 18.81149 117.79336 81.67731 28.0949 3.51377 97.55745 71.28811 76.02672 56.78591 81.29783 58.05503 41.52691 x 65.68514 29.01671 61.75173 108.54849 19.82552 54.89754 71.5908 83.26125 13.81835 49.0214 x 104.40068 41.8135 57.91201 x 63.08931 56.24159 75.71071 91.83644 35.54597 56.82442 19.94106 42.76104 38.67734 72.99482 26.08108 78.41753 41.9496 
74.58492 85.0586 6.90132 32.11915 37.03502 37.07859 59.80709 64.2649 29.85197 17.74347 45.93955 16.92983 6.91062 41.23716 x 58.46297 42.84709 37.45596 60.69171 83.59079 31.22897 93.25354 38.51448 65.38248 x 43.1981 54.58451 79.50386 38.27703 74.62412 59.29088 58.20071 35.68732 37.85348 x 8.69625 33.15697 58.66648 25.46528 67.99739 x 45.53226 57.45042 33.36227 80.74463 16.05045 18.45679 40.25744 34.47231 5.68675 39.90548 20.07759 41.51939 76.65615 18.00412 23.36024 14.63882 57.82321 16.26895 x 82.58723 41.02809 17.27451 37.81866 69.40707 45.64258 67.13109 34.79246 68.33612 26.82889 49.49842 x 48.93872 57.98497 32.75665 75.7365 57.3308 16.36523 37.12998 68.21138 34.40159 26.20459 59.70355 73.27116 2.88388 25.5328 82.66593 21.9523 x 60.10488 91.22221 10.45543 51.9374 21.92007 61.66595 45.21819 78.36949 27.53294 62.41447 44.02439 
106.05711 88.23557 63.27347 26.79732 94.97126 94.78474 59.70468 88.87748 36.2158 47.39938 58.05656 60.99352 64.416 18.98979 58.46297 x 98.21396 60.93851 47.27316 83.27 66.65391 89.82411 51.94777 93.07022 85.70783 74.16571 6.03665 84.66907 95.34058 118.83343 59.55839 28.1347 26.25531 45.87478 92.55358 52.10771 35.39893 57.87268 69.96647 96.69872 35.81034 55.87801 91.80647 43.29541 88.10552 60.92375 71.36532 43.48146 83.10599 x 88.20864 53.94809 77.44457 66.31196 75.42951 45.57814 57.66977 100.1208 54.8436 5.86827 129.46123 97.54804 46.87575 21.70106 106.34899 80.65107 77.82934 66.41608 84.42097 76.98366 x 116.32397 72.05771 18.93093 73.29365 119.17289 4.52649 70.36936 90.45992 87.14223 25.07148 60.24751 x 114.32366 58.54583 71.02539 89.54787 79.78581 53.5245 80.50186 88.46618 51.08353 59.43229 x 35.6537 40.39556 68.35987 36.92412 83.12799 44.86615 
54.52638 86.92366 41.8315 73.58548 12.76115 11.26478 x 55.62232 63.4227 60.1326 59.9876 37.6105 35.95137 82.88054 42.84709 98.21396 x 49.56272 82.61612 88.50198 38.62695 97.78467 57.87699 53.05147 43.28937 42.23383 93.37183 81.59861 7.71077 40.22794 73.44515 89.24204 78.08526 61.72209 5.66577 51.40305 65.53739 73.86093 30.71658 53.41925 79.67467 61.238 41.8029 60.40398 x 37.53305 26.85459 65.15628 19.47529 47.21449 18.01678 59.89104 36.40153 90.61815 25.03827 65.49823 53.2987 31.54839 43.67004 94.27916 44.22037 4.55434 59.83004 79.37146 45.05236 37.76813 69.67213 41.87886 65.77612 x 74.35968 33.0977 51.22629 92.5077 32.07289 41.99026 96.11819 28.00641 44.68123 63.15283 73.14291 41.95798 55.39243 42.85503 41.52617 29.43872 82.39275 21.95871 80.96653 57.72125 x 47.43508 65.23416 64.54763 89.58276 71.11404 91.56699 x 58.49401 x 
45.97047 47.64801 43.70969 45.75385 53.71531 52.62879 25.43191 30.61299 26.45622 48.72822 10.71021 21.56639 35.98003 x 37.45596 60.93851 49.56272 x 33.11515 46.52477 11.09198 x x 33.67942 66.42606 13.26967 55.02992 42.06911 51.01568 x 24.9002 42.91457 52.53813 15.47331 44.64279 41.92933 26.01872 24.95974 20.32244 37.11633 32.25227 11.70365 30.88351 17.74679 43.30739 22.43524 30.14066 18.55701 30.20425 42.3054 33.42028 54.77026 17.41724 42.80695 39.33437 53.55032 51.10242 40.05508 21.35084 55.55097 69.75412 51.35458 47.75481 50.13057 x 19.99181 29.68524 7.75752 31.6262 63.32376 26.07238 57.10777 13.09075 48.75508 17.55589 58.70959 57.38147 31.40893 70.81046 32.30356 x 11.67923 24.69327 53.53796 34.67669 21.53225 45.22733 42.92711 31.52684 24.15674 54.22149 29.37606 x 44.74155 41.43498 23.83808 44.13767 27.10158 26.7665 19.31941 
67.0676 41.00997 67.59096 x x 84.88205 x 48.91241 33.00567 63.51518 23.26239 49.85654 62.39143 50.87048 60.69171 47.27316 82.61612 33.11515 x 36.00399 43.99341 43.00212 25.11931 54.02723 x 43.48554 41.71148 37.7472 83.60211 87.04959 14.75025 19.56644 54.77311 23.20976 77.57535 60.82229 29.64073 x 52.54846 57.56731 12.70756 21.63105 57.38689 27.33104 41.3927 50.48928 60.76776 20.46628 63.31493 63.5315 66.41958 71.22584 49.05281 20.03504 69.2121 66.17327 70.37032 69.8266 46.08667 41.51492 98.82488 84.20605 x 49.71464 70.81972 50.20772 33.17346 40.86549 x x 11.44624 87.22807 36.58911 28.82641 50.67056 86.69689 42.76027 61.3894 97.5992 44.51416 39.53035 41.77425 42.82339 80.59562 58.63457 53.82701 x 73.36709 6.39162 40.13701 41.49903 50.29129 19.73329 55.31576 13.14762 15.73644 22.1252 35.43662 x 16.8573 
49.46016 6.13364 90.06736 81.80377 96.27298 94.91832 26.02516 35.54403 62.97577 92.10105 37.77992 68.0901 82.50384 x 83.59079 83.27 88.50198 46.52477 36.00399 x 55.74753 9.77906 45.85034 40.23573 112.83809 47.10222 x 7.90301 x 75.72653 26.41343 55.34812 88.35767 48.85061 84.98915 86.84655 60.27745 27.74034 65.07239 42.35755 48.11311 x x 54.15998 11.09589 68.96 75.75505 48.28945 70.14323 88.03223 70.4879 99.09669 52.52476 18.51513 85.04343 95.99833 96.42059 63.82044 67.32183 77.5189 87.18524 91.66487 91.07063 83.86585 57.68839 50.73825 18.85784 x 23.81458 109.81804 44.01508 79.03115 38.26434 64.66962 59.37899 74.5819 78.7528 77.33388 117.11894 27.51208 72.87958 58.19922 33.52545 67.92819 80.90576 66.05105 10.8384 88.14438 29.85296 30.92344 7.70963 74.50613 32.04967 85.66483 48.21014 x 16.93466 64.98969 30.64144 44.67776 
44.98774 56.07561 36.60895 47.54818 42.67526 41.56602 36.36117 33.06937 30.54324 45.54245 21.77112 14.29972 28.07243 55.92934 31.22897 66.65391 38.62695 11.09198 43.99341 55.74753 x 65.5184 19.40737 34.53638 x 12.01744 61.00765 50.42883 39.92374 52.33278 35.83441 52.00836 53.93186 23.96117 33.6084 37.49661 31.32221 35.98231 9.49858 37.42688 41.79257 22.78139 28.17242 24.12013 51.02627 15.17904 20.00836 27.37719 19.4696 36.67252 23.2864 50.4051 11.85495 53.63946 x 50.88999 45.72991 33.64883 17.1715 61.68586 62.80767 40.29258 44.67387 52.6536 41.93856 15.86115 37.72561 4.19262 37.62009 55.30365 36.05932 49.69058 18.34247 56.76854 7.14089 52.80682 63.55862 21.62306 61.48449 37.13723 43.02416 6.97211 28.53263 48.47536 28.34522 10.6261 52.93443 32.53867 42.61376 29.149 63.44556 25.68704 27.49464 43.74983 51.43296 33.18668 54.88289 30.28393 31.33325 29.10267 
55.92492 x 99.76534 90.26956 105.82363 104.45162 34.87841 43.77258 71.86261 101.37037 47.364 77.84647 x 93.48568 93.25354 89.82411 97.78467 x 43.00212 9.77906 65.5184 x 55.29803 48.08668 122.61472 56.70734 84.48368 16.22275 101.92288 82.79087 35.31289 61.69483 x 57.9863 94.41214 96.33468 69.03174 36.48276 74.82791 49.78629 55.54392 48.01183 58.19403 63.29092 17.89869 78.71422 85.52445 57.18399 79.64555 97.62765 79.79386 108.46849 62.03535 23.54501 94.81149 105.12726 105.94131 72.10739 76.9876 84.1948 x 101.04707 100.33743 92.00697 64.87524 60.07777 28.36935 61.32608 32.37125 119.54843 52.09524 86.6326 47.93801 70.97123 69.06205 81.5049 85.29872 x 126.89799 35.69484 81.21171 67.95764 42.5055 74.8982 90.58636 75.79773 16.68687 97.88961 37.26876 40.06845 2.07307 84.05975 41.52126 94.67173 54.25848 55.46155 21.53672 73.9568 39.49537 53.45912 
54.20465 48.1905 45.27622 39.45492 x 59.76605 21.29274 37.59778 19.51899 46.38115 8.48583 25.25132 38.78181 45.8286 38.51448 51.94777 57.87699 x 25.11931 45.85034 19.40737 55.29803 x 41.3915 69.61304 22.79479 45.96837 42.92763 x 68.21322 20.77643 33.20598 46.32417 6.07305 52.69324 41.03844 18.13884 20.19024 27.4896 44.97491 22.62947 7.32337 x 9.9497 44.98053 25.97071 35.76961 8.87484 38.8731 42.50824 42.55797 53.25737 27.15154 38.31436 44.45052 50.56079 50.66119 x 22.55328 46.41769 79.45683 59.24569 45.35729 43.17057 54.55302 29.63301 31.74156 17.01866 35.85657 x 16.67224 66.84063 20.24365 39.07542 26.42925 68.30409 48.21767 36.53425 74.25772 37.52137 x 16.66549 31.21002 62.99915 36.03293 28.77438 46.83814 48.48228 24.95723 29.88227 53.31474 28.85958 13.80068 40.69462 32.06763 14.13407 39.95481 20.85968 32.58918 9.75371 
13.21272 36.76905 70.09573 x 63.39252 61.85428 39.72319 5.3262 60.05878 80.04015 35.134 48.61451 61.22098 86.70535 65.38248 93.07022 53.05147 33.67942 54.02723 40.23573 34.53638 48.08668 41.3915 x 87.13745 22.63137 87.0459 32.39777 58.72641 35.91006 39.49146 70.57873 86.1745 47.39925 51.02854 72.01876 59.30164 40.94765 40.41404 3.65371 59.83859 37.34619 11.24988 x 30.18825 49.45548 50.44627 49.5944 38.27961 70.95934 36.18697 84.89669 24.00538 50.17346 58.61983 85.32022 80.0046 24.22111 51.59663 87.40259 47.64992 56.99973 79.15514 83.7967 18.01847 20.02841 24.26039 31.7762 x 87.17676 53.26488 38.79985 21.15379 78.3295 32.98524 34.98397 89.14561 52.6454 90.48211 12.78462 72.95797 40.87729 11.25509 28.37753 62.5214 40.72137 31.50456 60.14011 48.84632 13.89859 46.30197 60.15251 35.23824 77.55491 66.3496 53.1061 50.10288 60.77979 12.00897 48.42345 
92.89522 113.40975 25.43138 59.13814 30.8616 x 90.69682 87.6458 61.89671 38.32981 76.1933 44.95863 x 66.88133 x 85.70783 43.28937 66.42606 x 112.83809 x 122.61472 69.61304 87.13745 x 67.84504 83.01705 107.76385 35.62046 83.30375 90.16683 89.98293 59.8798 69.73685 41.0317 34.81642 65.26603 89.74182 48.49321 88.82524 84.19595 76.18213 76.94377 65.48018 108.32752 44.12559 37.65158 72.32472 49.28733 30.67314 52.84281 32.56554 63.99783 107.9159 28.70864 41.01287 28.04398 71.43948 47.11529 84.15109 87.34484 39.03104 38.83215 64.00724 84.97034 67.5046 95.06609 61.49736 94.48356 9.49521 81.68905 76.34166 75.58571 88.80312 55.33167 84.98027 85.61794 35.79193 4.94534 93.35939 64.22598 54.77128 84.62763 85.02068 34.1597 47.74864 110.22789 27.05793 94.18677 85.83747 120.54743 42.69646 82.32089 47.46493 93.80826 77.4248 109.5163 59.50857 87.6838 76.01163 
33.77291 46.49354 48.38032 57.70185 49.18872 47.85375 32.44965 21.06779 39.1397 57.4171 20.33563 26.28528 39.67749 65.53475 43.1981 74.16571 42.23383 13.26967 43.48554 47.10222 12.01744 56.70734 22.79479 22.63137 67.84504 x 68.27563 40.90586 45.49913 45.43404 31.9837 55.61006 64.32943 28.69882 38.20836 49.49121 39.04772 32.68753 19.41925 25.67177 44.77351 22.23852 17.80104 30.89436 40.89663 27.15476 30.20598 31.66945 23.19837 48.67531 24.47684 62.41292 5.92769 x x 62.68891 57.73424 27.10644 28.96837 68.80814 56.76967 44.97997 56.52795 62.43577 32.27512 x 28.34757 9.19743 26.65692 66.57023 38.32642 44.38896 9.02333 61.85917 12.63083 45.5093 70.6421 32.16554 71.71415 25.62673 52.06135 18.2546 16.89938 40.27033 40.31654 20.09962 42.75498 41.7607 40.42833 17.99853 x 37.52627 24.25172 55.06866 53.38635 x 49.39837 39.45839 19.88041 31.94613 
100.04428 82.57586 59.78003 23.90236 90.64453 90.38725 53.84211 82.84297 30.73678 44.96756 52.02158 55.94154 60.25427 17.67627 54.58451 6.03665 93.37183 55.02992 41.71148 x 61.00765 84.48368 45.96837 87.0459 83.01705 68.27563 x 78.90803 90.78781 113.08096 53.68301 22.96866 24.88255 39.89588 87.70612 48.79362 29.69197 52.00452 64.65914 90.67624 29.98162 49.8421 85.87745 37.44821 x 55.92318 66.57545 37.46378 77.81714 53.45965 82.84347 x x 61.03709 x 43.82771 55.11154 94.3753 49.80342 x 123.79283 92.88185 44.34086 19.60895 100.4207 74.80657 71.87665 60.64172 78.41712 74.56961 35.50192 110.69797 66.04869 14.14033 67.73155 113.38968 2.76804 65.69502 87.84541 81.11887 20.44512 54.70891 76.32452 108.47619 54.43628 65.74857 83.76796 75.50889 x 74.46536 x 46.61685 53.41683 x 30.5756 34.36722 63.10259 31.63355 77.09204 38.82981 
41.60163 x 85.77162 80.65235 89.84197 88.44806 25.37727 27.80803 61.21916 89.26958 34.5159 63.45387 77.86485 85.17655 79.50386 84.66907 81.59861 42.06911 37.7472 7.90301 50.42883 16.22275 42.92763 32.39777 107.76385 40.90586 78.90803 x x 67.82464 25.63667 57.3105 87.36861 46.74439 78.30519 83.42058 58.81658 27.21867 59.52671 34.46355 48.94311 35.66973 42.12393 51.97957 4.01293 64.34167 70.33226 46.73698 63.62694 84.22039 63.62442 95.96597 46.05715 23.34265 79.57831 93.48393 92.84825 56.1424 63.30446 78.83253 79.28441 84.90854 88.25028 83.22002 49.78761 43.94387 12.71202 46.26663 16.20934 105.26656 44.01972 71.17624 32.37739 66.53614 53.42053 66.67906 80.19989 72.03877 x 19.73754 72.02438 x 26.28331 60.02523 76.73991 60.42674 4.95125 x 31.36189 23.87875 14.26439 70.91973 29.40129 83.47116 50.62792 46.50722 22.24336 63.04381 23.27671 43.43524 
61.24381 91.30387 36.27802 69.91454 5.14345 3.58957 76.09895 x 61.65414 54.9365 61.67786 36.05174 31.55759 79.17336 38.27703 95.34058 7.71077 51.01568 83.60211 x 39.92374 101.92288 x 58.72641 35.62046 45.49913 90.78781 x x x x 88.55179 x 61.74457 7.71094 46.53995 64.07694 75.82973 31.05441 59.41874 79.50474 62.69375 47.55624 59.7876 85.26527 x 24.60762 65.12238 22.31922 42.08865 22.66294 53.9649 39.92914 93.15075 20.30155 60.1093 x 38.4367 41.8042 91.74836 x 3.4823 54.7344 75.69259 52.07459 41.94586 73.59945 43.60661 70.38135 40.74341 74.61156 x 54.50487 91.06817 34.10174 49.68363 93.55274 25.1624 36.97129 68.06027 70.37536 42.04224 59.94036 50.39513 37.3797 29.7751 87.01212 16.44017 82.52866 62.05159 99.88628 44.25723 67.26122 60.19415 89.5474 71.08381 94.2431 60.0335 63.0903 67.7189 
27.1651 71.61947 76.37397 x 52.97716 51.49258 73.70974 41.09127 82.8597 92.16244 64.98805 61.65022 68.25356 107.93705 74.62412 118.83343 40.22794 x 87.04959 75.72653 52.33278 82.79087 68.21322 35.91006 83.30375 45.43404 113.08096 67.82464 x x 73.37915 100.92547 105.20149 74.0432 42.39163 83.09202 83.43468 74.601 51.41197 33.40423 90.03564 67.08687 29.67687 75.6908 65.12187 x 56.18453 77.08608 40.16704 x 34.72048 94.28123 41.44952 85.88096 60.04354 97.82684 88.0406 18.71415 67.11769 113.6961 11.87546 44.70046 91.55381 x 18.0427 38.58531 60.07999 52.44158 52.66918 87.20351 x 7.6185 50.58977 107.28765 46.18685 2.02966 115.55557 58.3511 84.89606 48.61558 95.32205 59.06106 45.62368 7.92224 72.30523 50.75736 66.13644 58.8487 82.70552 48.61946 81.17494 74.38995 67.33957 93.39968 98.16506 82.03769 85.91368 82.6016 47.40422 77.32049 
52.43232 x 66.04376 55.4489 78.49979 77.36716 0.5354 34.30582 36.5931 x 14.27647 45.36559 59.33636 59.59386 59.29088 59.55839 73.44515 24.9002 14.75025 26.41343 35.83441 35.31289 20.77643 39.49146 90.16683 31.9837 53.68301 25.63667 x 73.37915 x 33.24178 x 22.72076 x 61.51849 33.86409 1.70656 45.20662 x 23.76707 x 43.75099 28.01024 28.76491 46.15662 54.91939 21.90171 53.98292 63.21793 56.19239 73.36411 37.87238 17.95455 x 69.8213 71.19131 56.87433 43.26526 53.69259 x 75.65362 65.11182 57.72963 56.65207 38.17176 18.71189 31.98857 26.259 86.03383 18.42299 x 23.85254 42.09913 41.54806 72.89268 55.15828 56.04186 94.73992 29.77295 46.62077 35.89047 28.38829 66.63097 56.7979 46.40016 30.3411 67.73757 9.39051 25.59922 33.42933 49.55174 8.33996 59.36408 27.67968 20.92031 19.4072 38.65408 27.61861 x 
83.79077 60.51653 64.71849 36.52699 89.71266 89.06757 33.27196 65.79356 28.42784 55.40245 36.15746 52.58665 61.93503 35.59167 58.20071 28.1347 89.24204 42.91457 19.56644 55.34812 52.00836 61.69483 33.20598 70.57873 89.98293 55.61006 22.96866 57.3105 88.55179 100.92547 33.24178 x x 28.05056 83.75441 55.52581 25.30622 31.5396 58.58684 74.21866 10.91439 33.98464 71.8691 x 60.93147 52.93798 64.12185 24.65603 71.11305 59.34369 75.28271 63.22638 60.31108 38.17726 71.08007 56.51694 64.16193 82.71551 47.21893 22.58078 112.36895 x x 35.48507 86.08181 62.53708 51.94991 50.13703 59.29313 82.95514 17.52378 99.93713 50.84998 x 59.14857 100.86705 23.61207 64.03453 94.92622 62.53617 27.9692 47.38986 59.37108 95.21975 56.91861 59.84889 62.24645 75.54231 25.94862 57.02106 60.35511 48.09316 35.37396 46.017 x 19.07676 x 30.6793 59.4372 23.6756 
98.07533 92.06018 x 6.86935 72.6762 72.75856 x 83.10244 26.81006 21.63946 54.50272 43.71913 42.37975 7.30702 35.68732 26.25531 78.08526 52.53813 54.77311 88.35767 53.93186 x 46.32417 86.1745 59.8798 64.32943 24.88255 87.36861 x 105.20149 x x x 41.20993 72.58746 27.93709 28.69232 60.64865 53.86505 89.54607 42.17551 52.76047 81.83866 36.39881 90.03937 43.31912 51.85098 40.69206 66.18554 32.71562 71.67047 27.74392 65.75802 74.69811 53.62864 19.32991 31.89905 86.89296 38.08511 26.02745 114.64211 x 21.276 x 95.85763 69.64103 77.48685 55.30536 82.16619 50.94534 44.62697 101.3128 65.48284 35.38015 59.21457 105.93475 27.1035 50.30453 64.54092 83.80089 15.4897 46.95975 76.98669 102.13643 36.61919 54.62338 91.78659 57.6394 59.71487 x 94.96479 31.38712 58.37985 13.81452 47.92533 41.29193 76.76994 25.60408 78.68903 43.93976 
60.25606 51.77187 44.74416 34.36698 63.50856 62.68079 23.18246 43.50546 x 43.42578 13.36828 26.8458 39.20078 40.23864 37.85348 45.87478 61.72209 15.47331 23.20976 48.85061 23.96117 57.9863 6.07305 47.39925 69.73685 28.69882 39.89588 46.74439 61.74457 74.0432 22.72076 28.05056 41.20993 x 56.36549 39.09027 12.60024 21.72329 31.02026 50.99513 17.96879 11.55227 46.06414 5.31014 49.1309 27.4278 38.05864 3.44367 x 41.1972 47.24347 x 32.77461 39.11348 46.19152 47.15803 48.77661 55.50147 22.87759 40.3491 85.19099 62.73856 42.39141 37.72526 60.59735 35.46493 36.30617 22.21225 41.09709 64.65162 12.93131 72.45719 26.27109 33.33273 31.10005 74.18016 42.15228 38.4818 74.50807 43.02973 26.46549 19.79423 37.06914 68.95603 35.64463 32.30481 50.9346 50.43572 24.59875 35.59508 56.07126 27.62972 17.37504 36.84373 x 9.39242 40.93181 16.29945 x 6.35787 
53.85387 83.72747 36.94158 68.00474 12.46084 10.88995 69.37695 53.13193 57.77945 54.98709 55.18873 31.96152 30.62773 77.29896 x 92.55358 5.66577 44.64279 77.57535 84.98915 33.6084 94.41214 52.69324 51.02854 41.0317 38.20836 87.70612 78.30519 7.71094 42.39163 x 83.75441 72.58746 56.36549 x 46.157 59.92193 69.2054 25.34837 51.76633 74.29117 56.345 39.87443 54.90591 77.64868 31.87469 21.20188 59.79041 15.04074 42.08862 14.95645 55.11698 32.52637 86.25237 x 60.4221 48.55142 31.25315 38.01087 88.61341 47.62133 6.80364 54.64462 73.7879 44.93471 34.36523 66.13141 37.04764 62.74756 x 69.07961 35.69311 47.23146 86.90722 27.32815 44.01464 90.45242 22.40361 42.99821 60.37997 67.4822 36.57432 52.30936 44.04468 x 24.06209 79.384 17.39518 76.14342 54.467 92.3829 41.8187 60.59328 59.11301 84.23984 65.75621 87.27712 56.38217 55.45316 62.1266 
81.87019 88.85748 11.26676 25.3326 44.9172 45.09724 62.01008 70.45608 28.22511 9.09288 49.10418 23.52656 15.57074 x 8.69625 52.10771 51.40305 41.92933 60.82229 86.84655 37.49661 96.33468 41.03844 72.01876 34.81642 49.49121 48.79362 83.42058 46.53995 83.09202 61.51849 55.52581 27.93709 39.09027 46.157 x 31.67899 60.67766 x 74.82615 50.77888 48.32677 64.75082 34.05332 85.01202 22.73678 27.02885 40.90035 42.92659 4.80613 48.40333 12.95911 48.5215 78.18446 26.42004 14.74667 9.68725 66.01099 20.82577 49.90109 91.21676 49.40958 8.58197 30.78019 77.21365 52.67671 71.40992 40.62303 73.45275 27.43026 49.39139 78.09796 54.26274 53.98913 40.07137 84.15968 51.4773 24.99873 39.74682 73.7303 x 31.59074 65.46268 81.49958 x 33.29616 86.92078 30.10799 63.41734 65.54559 94.34681 12.56024 54.81841 14.17198 x 45.08807 80.01865 25.75594 67.99078 44.80835 
71.89003 63.64812 39.84904 21.88998 64.86375 x 34.25804 55.68056 3.45428 33.87625 25.96619 28.06743 36.63171 27.7008 33.15697 35.39893 65.53739 26.01872 29.64073 60.27745 31.32221 69.03174 18.13884 59.30164 65.26603 39.04772 29.69197 58.81658 64.07694 83.43468 33.86409 25.30622 28.69232 12.60024 59.92193 31.67899 x 32.58116 35.61721 62.837 19.11196 24.13515 56.82151 x 61.3942 28.28632 39.47495 12.08226 48.71743 34.93494 53.53396 41.59032 42.06786 48.37446 45.92346 36.72693 x 64.72188 22.30736 30.36367 94.10122 65.6962 32.86071 25.12863 71.32232 45.36389 48.80044 31.03337 53.69511 58.83784 18.26188 81.01188 38.17598 27.01419 38.11216 83.78358 32.23669 39.15052 70.18818 55.57238 13.8933 25.16121 49.33025 79.01279 31.70456 36.78737 63.16001 50.40665 33.19428 48.01553 67.20169 22.87653 29.69184 25.95434 28.5423 14.13297 50.35617 5.92545 50.72194 15.6017 
53.9353 31.5279 65.4536 54.06825 x 77.54707 1.84784 35.79139 35.37987 65.12738 14.25672 45.05408 58.90175 58.08095 58.66648 57.87268 73.86093 24.95974 x 27.74034 35.98231 36.48276 20.19024 40.94765 89.74182 32.68753 52.00452 27.21867 75.82973 74.601 1.70656 31.5396 60.64865 21.72329 69.2054 60.67766 32.58116 x 45.28094 44.46066 22.07444 13.71062 44.94362 26.97863 30.39745 45.82887 54.82227 20.70518 54.38668 62.48645 56.74542 x 38.54021 18.19605 x 68.71646 70.35996 x 42.73843 52.00777 x 75.98007 64.09271 56.25952 57.99325 39.00473 20.41141 32.22463 x 85.45085 16.80607 75.23801 24.77703 40.39263 41.87749 74.14599 53.46791 55.88222 94.348 31.39906 x 35.70658 x 67.92163 56.21454 46.49176 31.95429 67.64491 8.10609 x 34.63077 48.82088 8.62729 58.20202 26.02588 19.43089 19.77722 37.48477 29.12377 16.98632 
49.12669 65.16888 29.70678 48.06561 33.45795 32.42538 45.73663 39.94538 33.98349 41.82322 31.02629 10.25009 20.8131 57.03675 25.46528 69.96647 30.71658 20.32244 52.54846 65.07239 9.49858 74.82791 27.4896 40.41404 48.49321 19.41925 64.65914 59.52671 31.05441 51.41197 45.20662 58.58684 53.86505 31.02026 25.34837 x 35.61721 45.28094 x 42.80816 48.96116 x 31.99911 29.8084 59.90289 10.80341 10.85176 34.44905 13.15968 31.14617 18.28259 45.46706 x x 20.05283 47.42773 40.05565 33.45106 15.83988 65.45977 60.8186 x 41.08592 53.59133 44.169 20.42453 46.8172 13.63191 46.00281 47.21745 x x 27.18283 62.2875 7.43298 52.23478 67.3326 12.74861 52.46929 45.03736 45.27863 11.24141 36.30183 48.92487 22.70594 x 61.79362 23.09387 51.6391 37.37133 72.75499 23.04724 36.8767 42.0525 58.89305 40.41224 64.34115 33.05016 39.29962 36.80263 
9.57433 38.50377 72.51364 82.80806 64.20293 62.64502 43.20167 8.68104 63.53809 82.96933 38.7828 51.34577 63.612 90.18165 67.99739 96.69872 53.41925 37.11633 57.56731 42.35755 37.42688 49.78629 44.97491 3.65371 88.82524 25.67177 90.67624 34.46355 59.41874 33.40423 x 74.21866 89.54607 50.99513 51.76633 74.82615 62.837 44.46066 42.80816 x 63.48627 40.99583 12.01116 54.48167 31.94092 52.17038 52.56448 53.21933 39.67852 73.61113 37.12605 87.65531 26.48544 53.1526 60.48123 88.30012 82.63494 23.42958 54.56336 91.03773 45.00386 57.50806 82.09902 87.24688 15.36578 22.3939 27.22794 34.86301 19.42863 89.20348 x 36.84669 24.73126 81.98255 35.38103 32.3437 92.78347 54.79992 x 15.30883 76.45433 43.91667 14.86742 25.69225 65.15259 43.03096 33.10697 61.77415 52.31499 17.43256 x 63.10408 38.86816 80.71814 x 56.75759 x 64.21401 15.39548 52.07225 
73.04941 52.74268 58.76611 36.35048 81.0393 80.28431 23.90073 55.13661 22.56109 52.3829 25.24799 43.97429 54.78371 38.16294 x 35.81034 79.67467 32.25227 12.70756 48.11311 41.79257 55.54392 22.62947 59.83859 84.19595 44.77351 29.98162 48.94311 79.50474 90.03564 23.76707 10.91439 42.17551 17.96879 74.29117 50.77888 19.11196 22.07444 48.96116 63.48627 x 23.07144 60.95507 19.93161 52.31912 44.43799 55.43886 14.52678 61.12313 54.02369 65.06468 60.20635 49.58736 32.7424 63.0357 54.55026 60.0442 71.87789 39.13285 29.95022 101.50698 80.60748 51.3963 37.04236 75.18105 51.70603 42.23014 39.64473 49.21378 77.93573 6.62253 89.14017 39.94515 18.69063 48.90467 89.9641 31.39446 55.61401 89.09817 52.26558 27.10616 37.72164 48.67358 x 50.29159 50.24248 53.79135 67.41513 18.32181 46.41023 53.97634 41.55332 24.75793 43.69223 x 8.61051 34.83216 25.02611 48.88521 12.93347 
50.47967 x 52.21815 45.91378 65.30071 64.245 14.52635 33.00835 26.0428 53.69214 2.21953 31.378 45.36016 51.67833 45.53226 55.87801 61.238 11.70365 21.63105 x 22.78139 48.01183 7.32337 37.34619 76.18213 22.23852 49.8421 35.66973 62.69375 67.08687 x 33.98464 52.76047 11.55227 56.345 48.32677 24.13515 13.71062 x 40.99583 23.07144 x 37.88515 16.53025 37.83183 32.16513 41.14944 12.73015 41.83392 49.68643 44.79858 60.58012 27.5786 31.87985 50.14742 x 57.92995 49.16326 29.38569 50.14947 78.65403 63.05808 52.667 49.23728 52.13063 29.12352 24.80105 19.36406 29.62088 72.18211 16.4667 66.53431 16.89711 41.15232 29.1835 66.96113 51.86608 42.17834 80.74733 31.74479 37.95572 22.00109 26.4864 61.24514 42.97429 33.08617 39.67011 53.96949 19.83498 24.66636 46.02043 36.07149 6.49164 47.8365 31.19391 15.77128 33.39044 27.64328 27.32461 11.07877 
17.13844 46.93338 61.52365 75.29455 52.28129 50.73187 44.09481 14.47794 56.9379 73.23184 35.72288 41.25695 52.61253 83.27435 57.45042 91.80647 41.8029 30.88351 57.38689 x 28.17242 58.19403 x 11.24988 76.94377 17.80104 85.87745 42.12393 47.55624 29.67687 43.75099 71.8691 81.83866 46.06414 39.87443 64.75082 56.82151 44.94362 31.99911 12.01116 60.95507 37.88515 x 48.61499 40.41845 42.02371 41.17801 48.81494 27.71464 63.12263 25.14063 77.3803 16.40478 57.16165 48.76513 78.71118 72.05431 14.15975 45.20884 86.37264 41.49778 45.77092 72.41613 80.13779 14.54327 12.31386 32.07728 26.55109 25.93461 77.60057 54.35125 30.67444 21.09504 78.75782 24.7181 29.31854 88.19022 43.45336 80.08592 22.51331 69.85115 35.06341 16.84115 x 54.66333 32.04729 41.90049 49.88597 53.0497 19.81406 56.31566 53.58994 37.70018 71.91772 68.70492 53.29638 57.42958 57.2162 19.29612 48.53041 
63.54506 57.0443 40.26252 29.53151 61.16524 x 28.46656 47.35877 9.58979 38.14934 18.14711 24.05302 35.30677 35.93782 33.36227 43.29541 60.40398 17.74679 27.33104 54.15998 24.12013 63.29092 9.9497 x 65.48018 30.89436 37.44821 51.97957 59.7876 75.6908 28.01024 x 36.39881 5.31014 54.90591 34.05332 x 26.97863 29.8084 54.48167 19.93161 16.53025 48.61499 x 54.29795 x 35.54583 6.92185 42.56959 36.38305 47.0438 45.45868 34.24258 44.14832 43.12821 41.84828 43.72633 57.00778 19.29385 38.02723 86.5563 61.04951 37.1147 33.23378 63.14085 37.36053 41.32834 23.26994 45.76739 60.04059 16.26478 73.59248 29.82819 32.72691 x 75.96312 39.87974 35.68347 70.30608 47.47103 x 18.71501 41.037 71.03257 31.32063 x 56.11626 47.49245 29.39113 39.80036 61.37864 22.98274 22.58191 31.54918 30.02419 12.0923 46.00505 11.11582 42.50722 10.78434 
38.55343 6.58185 86.87244 83.2763 89.39626 87.96973 28.54963 25.95308 63.66693 91.14497 36.50307 64.42777 78.7801 88.07798 80.74463 88.10552 x 43.30739 41.3927 11.09589 51.02627 17.89869 44.98053 30.18825 108.32752 40.89663 x 4.01293 85.26527 65.12187 28.76491 60.93147 90.03937 49.1309 77.64868 85.01202 61.3942 30.39745 59.90289 31.94092 52.31912 37.83183 40.41845 54.29795 x 65.32253 70.74952 49.34867 63.17935 85.60222 62.83049 97.67866 45.75474 27.35487 79.93375 95.50015 94.33854 54.24749 64.64776 82.25557 x 84.16447 90.1335 86.02635 47.13368 43.33143 13.62534 46.91897 14.93379 x 47.18768 68.78062 32.74291 70.11603 53.51175 63.90285 83.65522 72.54024 112.36974 17.91123 74.78299 54.65446 25.34702 57.26567 77.94398 60.73962 1.92199 82.63641 x 23.26076 16.14059 72.46732 31.76082 85.6565 54.35713 49.47688 26.23973 65.40464 22.2216 46.1895 
59.13583 69.95512 21.62148 37.75706 36.77567 36.13943 46.68973 48.22253 25.95588 31.26815 32.08183 0.89908 x 46.88308 16.05045 60.92375 37.53305 22.43524 50.48928 68.96 15.17904 78.71422 25.97071 49.45548 44.12559 27.15476 55.92318 64.34167 x x 46.15662 52.93798 43.31912 27.4278 31.87469 22.73678 28.28632 45.82887 10.80341 52.17038 44.43799 32.16513 42.02371 x 65.32253 x 11.20992 30.56654 22.9188 21.5321 28.36959 35.48915 25.7926 64.02373 18.76401 36.81791 30.59046 44.25428 6.13756 56.80722 71.33683 37.44446 30.48764 43.39664 54.7463 29.94634 51.78175 18.82059 52.48997 40.93051 40.27531 58.01212 33.0829 55.29002 17.40183 63.00645 58.65672 11.17643 48.62131 52.22652 35.90542 10.76735 43.67819 59.72428 13.16697 11.39388 67.24345 23.04189 50.91129 44.15853 76.65631 12.25108 38.21226 31.26391 54.53115 36.36361 65.55516 x x 33.74948 
58.06557 x 20.79627 46.96924 25.62345 24.94579 x 50.39566 37.05676 36.12169 40.64292 11.53616 12.16967 56.24973 18.45679 71.36532 26.85459 30.14066 60.76776 75.75505 20.00836 85.52445 35.76961 50.44627 37.65158 30.20598 66.57545 70.33226 24.60762 56.18453 54.91939 64.12185 51.85098 38.05864 21.20188 27.02885 39.47495 54.82227 10.85176 52.56448 55.43886 41.14944 41.17801 35.54583 70.74952 11.20992 x x 16.08512 23.90174 21.4651 38.18884 26.67952 72.87048 9.29122 41.76988 32.13387 39.7243 x 67.49948 64.19688 26.38701 35.57953 52.73596 51.9069 30.45507 57.62027 x 56.83271 36.75105 50.98617 51.06996 38.01882 66.46062 17.80037 57.32367 69.32894 2.3098 41.62032 55.77844 46.29656 19.20937 47.03984 55.06589 16.27999 10.10761 72.64182 12.82265 60.607 48.18999 83.45149 20.70561 46.67757 38.72416 65.52903 47.21251 x 35.48447 50.07009 44.27458 
62.58161 51.57215 47.15874 33.9324 66.82631 66.01719 22.31825 45.49348 14.69152 44.63558 14.80113 30.01816 x 39.1237 40.25744 43.48146 65.15628 18.55701 20.46628 48.28945 27.37719 57.18399 8.87484 49.5944 72.32472 31.66945 37.46378 46.73698 65.12238 77.08608 21.90171 24.65603 40.69206 3.44367 59.79041 40.90035 12.08226 20.70518 34.44905 53.21933 14.52678 12.73015 48.81494 6.92185 49.34867 30.56654 x x 46.62434 43.29981 50.66304 52.07861 35.94708 37.39575 49.32044 48.05327 50.55683 58.60929 25.76923 37.85051 88.30957 66.14672 43.60212 36.82964 63.31643 38.50331 36.93553 25.52155 42.27316 66.95905 9.71017 75.64568 28.59408 30.20627 34.51258 77.17873 39.61989 41.67727 77.13359 44.47376 25.53696 23.21619 38.99891 71.85575 38.17043 x 51.10262 53.60442 22.51699 37.32404 55.31932 29.89765 17.74371 37.49834 24.45693 5.96926 39.28821 16.78172 40.0006 3.91901 
43.71401 69.11702 36.68979 60.67401 26.22517 24.82126 54.48765 39.5698 47.14049 52.00211 40.53584 22.61076 28.24042 69.77595 34.47231 83.10599 19.47529 30.20425 63.31493 70.14323 19.4696 79.64555 38.8731 38.27961 49.28733 23.19837 77.81714 63.62694 22.31922 40.16704 53.98292 71.11305 66.18554 x 15.04074 42.92659 48.71743 54.38668 13.15968 39.67852 61.12313 41.83392 27.71464 42.56959 63.17935 22.9188 16.08512 46.62434 x 39.97524 5.53389 54.27307 17.61862 71.25613 21.68293 57.66555 48.17805 23.80564 28.61697 78.61933 48.64311 21.83715 51.40544 66.29791 36.53074 19.89938 51.30044 22.47349 48.38161 50.53657 55.50668 x 32.21639 75.22479 12.65289 41.26421 80.49204 18.31408 52.37149 46.33366 58.34132 23.85751 37.9637 39.02668 32.13916 12.08079 64.96039 22.2595 61.51333 39.92058 77.60344 34.86269 45.76033 53.71143 70.85716 52.51403 72.25808 46.20051 41.12721 48.54112 
80.25897 89.73258 6.46076 30.10797 40.29142 40.52273 63.72346 69.7397 31.50851 12.91857 50.26521 22.39338 11.89069 38.85752 5.68675 x 47.21449 42.3054 63.5315 88.03223 36.67252 97.62765 42.50824 70.95934 30.67314 48.67531 53.45965 84.22039 42.08865 x 63.21793 59.34369 32.71562 41.1972 42.08862 4.80613 34.93494 62.48645 31.14617 73.61113 54.02369 49.68643 63.12263 36.38305 85.60222 21.5321 23.90174 43.29981 39.97524 x 45.36444 14.40809 47.14603 80.27052 22.17622 18.34472 9.0592 x 20.95556 54.5595 87.83391 45.03802 12.65408 35.58042 75.08552 51.27753 71.97692 40.11829 73.49164 23.91552 52.17039 74.82599 54.13575 58.22982 38.41906 81.2254 56.15725 21.73171 35.61833 73.49847 33.87679 31.34122 65.05489 78.86171 8.46783 31.21956 87.5205 25.65174 65.74406 65.35816 95.61371 13.66721 56.15327 18.9722 63.40939 47.85919 82.04738 29.0715 67.71338 47.16234 
40.14136 68.98513 41.86142 66.1034 27.21606 25.68847 56.67863 38.17659 52.1163 57.4864 43.30879 28.02697 33.5649 75.17205 39.90548 88.20864 18.01678 33.42028 66.41958 70.4879 23.2864 79.79386 42.55797 36.18697 52.84281 24.47684 82.84347 63.62442 22.66294 34.72048 56.19239 75.28271 71.67047 47.24347 14.95645 48.40333 53.53396 56.74542 18.28259 37.12605 65.06468 44.79858 25.14063 47.0438 62.83049 28.36959 21.4651 50.66304 5.53389 45.36444 x 59.60742 18.56928 73.00627 26.23643 63.14772 53.44012 19.00674 33.96678 83.62125 43.1109 21.33687 56.9006 71.70306 32.22752 19.7516 51.65542 x 47.90576 54.79678 59.22779 29.84097 33.38627 79.76847 16.16022 35.86676 85.49687 23.64573 55.59441 45.45129 63.56116 28.44351 37.48511 33.91172 37.61652 x 64.54249 26.14738 64.16944 39.74692 77.78187 40.37423 48.14796 59.24151 74.62546 x 73.87221 51.28457 40.61131 52.303 
94.51773 101.34365 18.22165 28.34093 51.29861 51.83714 73.8376 83.40144 38.22364 7.85625 61.50737 36.30962 x 34.95973 20.07759 53.94809 59.89104 54.77026 71.22584 99.09669 50.4051 108.46849 53.25737 84.89669 32.56554 62.41292 x 95.96597 53.9649 94.28123 73.36411 63.22638 27.74392 x 55.11698 12.95911 41.59032 x 45.46706 87.65531 60.20635 60.58012 77.3803 45.45868 97.67866 35.48915 38.18884 52.07861 54.27307 14.40809 59.60742 x 61.26658 89.46084 35.20901 8.49783 6.59846 77.8183 33.77683 53.1196 101.71915 57.1744 8.81807 32.42878 89.48392 x 84.10856 53.57743 86.34685 23.35542 59.81375 88.84159 67.20139 59.98482 52.66235 95.47065 54.40591 35.96867 37.05334 86.67425 35.45046 44.54973 78.42105 93.22532 22.76719 45.58611 x 37.93431 74.43708 78.48674 106.50881 25.41324 67.05343 17.29638 68.57592 55.59631 91.36524 35.80902 80.94108 55.99023 
33.40808 51.58025 46.09309 59.32656 x x 38.34319 23.72138 41.71419 56.89289 25.80222 24.99495 37.2156 67.57908 41.51939 77.44457 36.40153 17.41724 49.05281 52.52476 11.85495 62.03535 27.15154 24.00538 63.99783 5.92769 x 46.05715 39.92914 41.44952 37.87238 60.31108 65.75802 32.77461 32.52637 48.5215 42.06786 38.54021 x 26.48544 49.58736 27.5786 16.40478 34.24258 45.75474 25.7926 26.67952 35.94708 17.61862 47.14603 18.56928 61.26658 x 54.45315 35.29129 62.3437 56.15818 22.78768 28.80461 72.25869 52.4358 39.26399 56.06358 64.34921 30.09963 4.15571 33.68289 11.03533 31.12644 63.41271 43.27537 39.6987 14.83234 66.10666 8.9934 41.73306 74.11542 28.81278 67.658 29.51062 54.44625 18.81372 20.86304 37.00579 38.68181 16.76641 47.56946 37.40331 46.20854 22.52825 59.99071 37.19492 30.04568 55.54257 58.51343 41.24032 55.30419 41.7029 24.00132 36.66444 
61.76674 24.46503 83.48465 68.56596 96.2297 95.05983 17.4193 44.88412 51.53631 81.95361 32.2288 63.24652 77.07684 70.90531 76.65615 66.31196 90.61815 42.80695 20.03504 18.51513 53.63946 23.54501 38.31436 50.17346 107.9159 x 61.03709 23.34265 93.15075 85.88096 17.95455 38.17726 74.69811 39.11348 86.25237 78.18446 48.37446 18.19605 x 53.1526 32.7424 31.87985 57.16165 44.14832 27.35487 64.02373 72.87048 37.39575 71.25613 80.27052 73.00627 89.46084 54.45315 x 81.96174 85.08943 x 71.08913 60.86238 60.71763 97.71104 93.05537 80.92298 69.71326 68.17697 54.05357 25.93064 49.69588 33.85776 103.4768 30.37651 87.79707 x 47.43627 59.04928 85.07728 61.78892 73.99513 112.53506 37.9996 59.34602 53.83703 x 78.51587 74.26408 64.24467 27.97101 85.68649 x 37.42208 22.30394 66.64144 26.2179 74.32734 30.71535 34.27408 2.09297 53.84518 38.47728 33.47851 
65.2424 85.22108 16.99472 49.68451 19.55121 19.37163 64.54323 58.96168 43.12982 35.0944 49.74178 19.36168 11.2589 58.92047 18.00412 75.42951 25.03827 39.33437 69.2121 85.04343 x 94.81149 44.45052 58.61983 28.70864 x x 79.57831 20.30155 60.04354 x 71.08007 53.62864 46.19152 x 26.42004 45.92346 x 20.05283 60.48123 63.0357 50.14742 48.76513 43.12821 79.93375 18.76401 9.29122 49.32044 21.68293 22.17622 26.23643 35.20901 35.29129 81.96174 x 40.47484 28.68144 x 23.94022 72.09558 66.73943 23.0266 34.799 55.45128 58.20126 38.84194 66.86786 33.49091 65.88115 28.90676 59.03056 54.11259 47.2324 72.53801 26.65243 61.41074 73.865 7.96931 32.48994 x 50.65404 28.14632 55.94304 60.04183 17.10699 19.19504 81.81942 4.49538 69.39183 57.22152 92.73848 24.50494 x x 73.11353 55.08352 83.37775 41.23591 59.01418 52.50826 
95.74901 98.69969 x x 57.89933 58.2869 70.26524 83.31759 33.56458 x 59.01115 37.5327 30.10923 26.59467 23.36024 45.57814 65.49823 53.55032 66.17327 95.99833 50.88999 105.12726 50.56079 85.32022 41.01287 62.68891 43.82771 93.48393 60.1093 97.82684 69.8213 56.51694 19.32991 47.15803 60.4221 14.74667 36.72693 68.71646 47.42773 88.30012 54.55026 x 78.71118 41.84828 95.50015 36.81791 41.76988 48.05327 57.66555 18.34472 63.14772 8.49783 62.3437 85.08943 40.47484 x 13.73956 80.62793 33.73693 44.9817 105.94352 63.16498 6.34195 24.22339 91.55315 66.48784 82.09997 53.57462 85.10456 31.84858 54.92702 92.83979 66.43334 52.57717 54.21262 98.88054 46.20221 39.71807 45.53761 85.83528 28.54775 44.45379 77.92196 96.12773 25.53129 47.77126 97.37084 43.74846 69.9191 77.66158 103.22292 25.20326 64.17723 10.86991 62.3214 50.85713 87.05915 31.31014 80.22363 51.88998 
89.1816 98.31981 11.74194 31.20947 44.7638 45.27707 71.68452 78.79802 37.57204 10.28913 58.65005 31.45252 19.96938 38.84349 14.63882 57.66977 53.2987 51.10242 70.37032 96.42059 45.72991 105.94131 50.66119 80.0046 28.04398 57.73424 55.11154 92.84825 x 88.0406 71.19131 64.16193 31.89905 48.77661 48.55142 9.68725 x 70.35996 40.05565 82.63494 60.0442 57.92995 72.05431 43.72633 94.33854 30.59046 32.13387 50.55683 48.17805 9.0592 53.44012 6.59846 56.15818 x 28.68144 13.73956 x 71.85313 29.78047 56.25347 95.29792 50.57771 10.80026 35.96882 83.7834 60.28095 80.71789 49.15104 82.43282 19.47863 58.92728 82.48415 63.10964 61.84153 47.38173 89.26911 57.67513 29.87176 32.79443 82.50456 37.0792 40.31611 74.08722 87.19401 17.4855 40.06334 96.25299 31.34058 73.07161 74.3521 103.9461 x 64.42006 19.5639 68.94792 54.635 89.70324 35.10194 76.72595 54.46897 
23.00861 60.80617 60.45975 80.77222 43.51242 41.92551 57.25937 x 64.15671 74.97843 47.14498 43.67959 51.88375 89.4013 57.82321 100.1208 31.54839 40.05508 69.8266 63.82044 33.64883 72.10739 x 24.22111 71.43948 27.10644 94.3753 56.1424 38.4367 18.71415 56.87433 82.71551 86.89296 55.50147 31.25315 66.01099 64.72188 x 33.45106 23.42958 71.87789 49.16326 14.15975 57.00778 54.24749 44.25428 39.7243 58.60929 23.80564 x 19.00674 77.8183 22.78768 71.08913 x 80.62793 71.85313 x 48.88314 94.99657 29.70098 35.95882 74.29821 86.06161 x 20.17883 46.22528 33.74471 40.00592 73.76937 x 17.40885 33.27176 88.81011 27.69624 19.16491 96.85786 42.00175 73.88625 36.43141 76.66503 40.43102 30.95677 15.50246 55.30893 32.95046 55.6431 45.07003 65.99165 33.9015 70.26526 56.49064 50.12935 75.4784 80.35611 63.71738 71.4325 63.93111 33.45581 59.04679 
62.13209 68.83911 22.84506 32.22574 42.57587 42.01064 43.78855 49.76349 19.86487 28.45158 29.70303 6.14993 16.36758 41.21975 16.26895 54.8436 43.67004 21.35084 46.08667 67.32183 17.1715 76.9876 22.55328 51.59663 47.11529 28.96837 49.80342 63.30446 41.8042 67.11769 43.26526 47.21893 38.08511 22.87759 38.01087 20.82577 22.30736 42.73843 15.83988 54.56336 39.13285 29.38569 45.20884 19.29385 64.64776 6.13756 x 25.76923 28.61697 20.95556 33.96678 33.77683 28.80461 60.86238 23.94022 33.73693 29.78047 48.88314 x 50.68152 76.65616 43.53306 27.55958 37.76386 58.57873 x 51.02266 19.91972 52.68606 42.79643 35.43117 63.3262 33.44225 49.2674 21.32713 67.86755 52.53331 16.85766 51.81142 52.90536 29.8679 10.81306 44.65371 64.2315 13.61613 16.69233 66.5664 28.36633 47.10385 44.72229 74.95493 8.55936 35.73812 26.83875 49.19589 31.3544 x 18.37337 47.16533 29.23017 
100.42779 x 60.87124 25.044 91.63961 91.37213 53.84068 83.15755 31.50508 46.11458 52.33757 56.81364 61.27857 18.81149 x 5.86827 94.27916 55.55097 41.51492 77.5189 61.68586 84.1948 46.41769 87.40259 84.15109 68.80814 x 78.83253 91.74836 113.6961 53.69259 22.58078 26.02745 40.3491 88.61341 49.90109 30.36367 52.00777 65.45977 91.03773 29.95022 50.14947 86.37264 38.02723 82.25557 56.80722 67.49948 37.85051 78.61933 54.5595 83.62125 53.1196 72.25869 60.71763 72.09558 44.9817 56.25347 94.99657 50.68152 x 124.44924 93.82263 45.48536 20.76257 100.9147 x 71.96425 61.25465 78.57914 75.71368 35.59636 111.37486 66.44441 13.59031 68.44335 113.98747 1.87709 66.64079 88.98202 81.32548 21.44248 55.43499 76.63587 109.03383 55.46916 66.5578 83.70539 76.51385 47.73531 74.74197 x x 53.60528 x 30.16567 34.59799 62.77674 32.46228 77.35869 39.11006 
38.04429 82.88402 83.55603 108.87965 56.49033 55.15545 85.5646 52.87355 93.31813 100.30697 x 70.92305 75.94403 117.79336 82.58723 129.46123 44.22037 69.75412 98.82488 87.18524 62.80767 x 79.45683 47.64992 87.34484 56.76967 123.79283 79.28441 x 11.87546 x 112.36895 114.64211 85.19099 47.62133 91.21676 94.10122 x 60.8186 45.00386 101.50698 78.65403 41.49778 86.5563 x 71.33683 64.19688 88.30957 48.64311 87.83391 43.1109 101.71915 52.4358 97.71104 66.73943 105.94352 95.29792 29.70098 76.65616 124.44924 x 48.33207 99.77584 114.37079 29.66533 49.85786 71.87257 63.29559 64.3678 92.29652 95.00275 13.33131 62.30115 118.5081 56.30154 12.66985 126.31784 66.22545 88.31053 60.28417 105.53704 69.3311 57.49375 19.31203 80.4758 60.02332 77.37471 64.86728 94.54499 60.4874 92.40159 83.45084 79.09999 102.35137 109.79742 93.40038 97.71698 92.89903 59.24116 88.71477 
58.89508 90.29782 39.3541 72.39692 8.28658 x 76.16533 59.36625 63.39407 57.92673 61.934 37.62976 34.22316 81.67731 41.02809 97.54804 4.55434 51.35458 84.20605 91.66487 40.29258 101.04707 59.24569 56.99973 39.03104 44.97997 92.88185 84.90854 3.4823 44.70046 75.65362 x x 62.73856 6.80364 49.40958 65.6962 75.98007 x 57.50806 80.60748 63.05808 45.77092 61.04951 84.16447 37.44446 26.38701 66.14672 21.83715 45.03802 21.33687 57.1744 39.26399 93.05537 23.0266 63.16498 50.57771 35.95882 43.53306 93.82263 48.33207 x 57.6921 78.18337 49.51484 40.97043 72.80873 43.79682 69.24195 44.2257 75.52702 37.50262 x 92.71037 34.10799 46.48128 95.64163 27.19098 x 66.7602 72.5207 42.954 58.81774 47.40855 39.97618 30.50469 85.87914 19.41786 x 61.04328 x 46.51197 67.37279 62.90857 90.6029 72.11597 94.08062 61.86568 61.94709 68.59299 
89.47166 93.54638 18.66677 x 52.82465 53.10784 65.57371 77.25472 29.52608 1.03469 53.73438 31.20937 24.12386 28.0949 17.27451 46.87575 59.83004 47.75481 x 91.07063 44.67387 100.33743 45.35729 79.15514 38.83215 56.52795 44.34086 88.25028 54.7344 91.55381 65.11182 x 21.276 42.39141 54.64462 8.58197 32.86071 64.09271 41.08592 82.09902 51.3963 52.667 72.41613 37.1147 90.1335 30.48764 35.57953 43.60212 51.40544 12.65408 56.9006 8.81807 56.06358 80.92298 34.799 6.34195 10.80026 74.29821 27.55958 45.48536 99.77584 57.6921 x 25.1751 85.21567 60.21182 x x 79.36992 30.22901 51.11115 86.63772 60.52572 51.54769 47.88648 92.59151 46.89009 33.57081 43.59426 79.97343 26.86561 38.32881 71.95584 89.7992 19.30552 41.43071 92.01892 38.30163 65.84264 71.78656 98.40135 19.00267 59.09542 8.88771 59.7697 46.92073 82.8494 27.13915 74.3203 47.49749 
96.01038 87.76858 42.03761 5.78865 74.80343 74.77108 58.05238 80.46242 23.79432 25.70247 51.09329 43.68766 44.21946 3.51377 37.81866 21.70106 79.37146 50.13057 49.71464 83.86585 52.6536 92.00697 43.17057 83.7967 64.00724 62.43577 19.60895 83.22002 75.69259 x 57.72963 35.48507 x 37.72526 73.7879 30.78019 25.12863 56.25952 53.59133 87.24688 37.04236 49.23728 80.13779 33.23378 86.02635 43.39664 52.73596 36.82964 66.29791 35.58042 71.70306 32.42878 64.34921 69.71326 55.45128 24.22339 35.96882 86.06161 37.76386 20.76257 114.37079 78.18337 25.1751 x x 68.09688 73.76393 53.61436 78.82232 55.30733 39.92322 101.04798 62.84924 29.66486 58.39152 105.19846 21.98757 51.38589 x 80.67501 11.29651 45.72459 74.21369 101.10771 38.34584 54.45532 87.73523 59.63713 54.86073 73.03305 90.31529 32.03228 x 16.76825 42.39386 36.82991 71.79496 23.04539 75.73972 39.83722 
10.40929 53.65676 72.68955 89.40992 x 55.58049 56.93724 23.29287 71.35722 85.97217 49.9389 54.0564 63.90977 97.55745 69.40707 106.34899 45.05236 x 70.81972 57.68839 41.93856 64.87524 54.55302 18.01847 84.97034 32.27512 100.4207 49.78761 52.07459 18.0427 56.65207 86.08181 95.85763 60.59735 44.93471 77.21365 71.32232 57.99325 44.169 15.36578 75.18105 52.13063 14.54327 63.14085 47.13368 54.7463 51.9069 63.31643 36.53074 75.08552 32.22752 89.48392 30.09963 68.17697 58.20126 91.55315 83.7834 x 58.57873 100.9147 29.66533 49.51484 85.21567 x x 26.27449 x 40.77255 34.703 86.97035 68.56104 22.05943 35.23757 x x 16.99621 102.73115 54.21534 87.50695 30.62031 84.23626 48.90723 28.36996 10.36442 x 43.93751 48.19629 58.37234 66.04109 31.29935 63.22443 66.72383 51.36545 85.41594 82.58726 67.68674 68.12114 71.55184 29.80739 62.91837 
29.26123 49.36418 50.13062 63.15328 46.07934 44.64322 38.61222 20.15317 45.19993 61.04352 27.17653 29.15016 41.2367 71.28811 45.64258 80.65107 37.76813 19.99181 50.20772 50.73825 15.86115 60.07777 29.63301 20.02841 67.5046 x 74.80657 43.94387 41.94586 38.58531 38.17176 62.53708 69.64103 35.46493 34.36523 52.67671 45.36389 39.00473 20.42453 22.3939 51.70603 29.12352 12.31386 37.36053 43.33143 29.94634 30.45507 38.50331 19.89938 51.27753 19.7516 x 4.15571 54.05357 38.84194 66.48784 60.28095 20.17883 x x 49.85786 40.97043 60.21182 68.09688 26.27449 x 31.90409 14.51645 28.4913 x 45.25954 37.45746 14.40556 68.70823 12.99255 38.72092 77.21667 x 71.04847 26.48317 58.02472 22.77243 18.06532 33.6727 42.81123 20.6965 x 40.70526 46.89137 20.10642 58.05789 41.3274 30.75158 59.60388 60.29708 43.5435 54.75781 45.31165 21.22847 38.86806 
36.00987 18.35768 73.29356 70.65969 77.45928 76.09316 18.70709 18.99959 50.83647 77.65431 23.26758 x 65.27521 76.02672 67.13109 77.82934 69.67213 29.68524 33.17346 18.85784 37.72561 28.36935 31.74156 24.26039 95.06609 28.34757 71.87665 12.71202 73.59945 60.07999 18.71189 51.94991 77.48685 36.30617 66.13141 71.40992 48.80044 20.41141 46.8172 27.22794 42.23014 24.80105 32.07728 41.32834 13.62534 51.78175 57.62027 36.93553 51.30044 71.97692 51.65542 84.10856 33.68289 25.93064 66.86786 82.09997 80.71789 46.22528 51.02266 71.96425 71.87257 72.80873 x 73.76393 x 31.90409 x 33.57052 8.18662 92.67749 36.3749 62.38584 19.68984 60.74249 40.78025 x 73.49929 59.32974 99.19723 12.2342 62.4691 41.07981 15.29609 52.62996 64.33658 47.7235 x 69.76732 27.12452 12.44227 26.31741 58.8594 19.20286 72.41932 46.27157 37.95637 25.84734 52.43581 12.8478 34.14685 
42.9086 51.91277 40.40627 48.7437 46.53887 45.38717 32.51003 29.85068 30.71705 48.35744 18.14116 17.92459 32.00195 56.78591 34.79246 66.41608 41.87886 7.75752 40.86549 x 4.19262 61.32608 17.01866 31.7762 61.49736 9.19743 60.64172 46.26663 43.60661 52.44158 31.98857 50.13703 55.30536 22.21225 37.04764 40.62303 31.03337 32.22463 13.63191 34.86301 39.64473 19.36406 26.55109 23.26994 46.91897 18.82059 x 25.52155 22.47349 40.11829 x 53.57743 11.03533 49.69588 33.49091 53.57462 49.15104 33.74471 19.91972 61.25465 63.29559 43.79682 x 53.61436 40.77255 14.51645 33.57052 x 33.70275 59.31795 33.62763 50.39008 14.32854 55.4652 9.82086 x 63.11472 25.80613 65.66012 x 43.51242 9.12451 24.9369 48.02149 31.91378 14.714 48.83078 36.70785 39.10592 x 59.25327 28.47234 23.65922 45.87155 49.02329 31.11021 50.89508 30.79521 27.62213 x 
27.92292 21.2369 74.10116 75.2986 74.56948 73.12847 26.32844 11.79939 55.35648 80.34749 27.72908 51.59138 65.68131 81.29783 68.33612 84.42097 65.77612 31.6262 x 23.81458 37.62009 32.37125 35.85657 x 94.48356 26.65692 78.41712 16.20934 70.38135 52.66918 26.259 59.29313 82.16619 41.09709 62.74756 73.45275 53.69511 x 46.00281 19.42863 49.21378 29.62088 25.93461 45.76739 14.93379 52.48997 56.83271 42.27316 48.38161 73.49164 47.90576 86.34685 31.12644 33.85776 65.88115 85.10456 82.43282 40.00592 52.68606 78.57914 64.3678 69.24195 79.36992 78.82232 34.703 28.4913 8.18662 33.70275 x x 43.06416 55.46595 19.40954 67.86909 39.26079 51.69806 80.17905 58.74282 98.37107 4.146 67.55678 42.15763 10.44116 45.06402 65.47558 46.73668 16.6384 68.3497 35.04743 8.66425 30.45077 60.93373 25.03312 75.93881 53.93861 44.13038 33.61042 x x 39.94963 
94.14892 110.88376 19.99762 50.67276 36.52194 37.62469 86.55401 87.10627 55.4032 29.62615 72.45202 41.81558 27.40351 58.05503 26.82889 76.98366 x 63.32376 x 109.81804 55.30365 119.54843 x 87.17676 9.49521 66.57023 74.56961 105.26656 40.74341 87.20351 86.03383 82.95514 50.94534 64.65162 x 27.43026 58.83784 85.45085 47.21745 89.20348 77.93573 72.18211 77.60057 60.04059 x 40.93051 36.75105 66.95905 50.53657 23.91552 54.79678 23.35542 63.41271 103.4768 28.90676 31.84858 19.47863 73.76937 42.79643 75.71368 92.29652 44.2257 30.22901 55.30733 86.97035 x 92.67749 59.31795 x x 76.005 80.6036 73.63187 81.13084 54.47398 88.75614 77.11605 34.60036 13.71602 x 56.39432 51.68997 83.46911 88.11771 x 46.6951 108.08803 28.72238 89.24974 84.36566 117.49852 37.06389 78.51861 39.04096 87.26373 71.69844 105.17877 52.9558 86.41679 70.76981 
66.47185 48.20112 56.38508 38.30874 76.43419 75.59647 18.65186 48.60793 21.59112 52.12947 18.63411 39.72154 x 41.52691 49.49842 x 74.35968 26.07238 11.44624 44.01508 36.05932 52.09524 16.67224 53.26488 81.68905 38.32642 35.50192 44.01972 74.61156 x 18.42299 17.52378 44.62697 12.93131 69.07961 49.39139 18.26188 16.80607 x x 6.62253 16.4667 54.35125 16.26478 47.18768 40.27531 50.98617 9.71017 55.50668 52.17039 59.22779 59.81375 43.27537 30.37651 59.03056 54.92702 58.92728 x 35.43117 35.59636 95.00275 75.52702 51.11115 39.92322 68.56104 45.25954 36.3749 33.62763 43.06416 76.005 x 82.71471 33.32683 25.11904 43.10099 83.40038 x 51.3762 86.53197 45.97841 29.16062 32.58565 42.12698 77.71103 47.54166 45.03368 x 63.31085 15.20396 39.91598 50.39293 39.05936 18.31672 44.09937 15.3999 4.31188 32.40675 24.00911 42.42381 6.97093 
32.14782 75.34853 70.75566 95.55057 45.78901 44.33623 74.51591 43.67849 80.14097 87.19082 64.53282 57.59415 x x x 116.32397 33.0977 57.10777 87.22807 79.03115 49.69058 86.6326 66.84063 38.79985 76.34166 44.38896 110.69797 71.17624 x 7.6185 x 99.93713 101.3128 72.45719 35.69311 78.09796 81.01188 75.23801 x 36.84669 89.14017 66.53431 30.67444 73.59248 68.78062 58.01212 51.06996 75.64568 x 74.82599 29.84097 88.84159 39.6987 87.79707 54.11259 92.83979 82.48415 17.40885 63.3262 111.37486 13.33131 37.50262 86.63772 101.04798 22.05943 37.45746 62.38584 50.39008 55.46595 80.6036 82.71471 x 50.65618 105.78765 x 9.61406 113.24693 53.14307 77.76495 51.56742 92.27845 56.12266 47.38013 13.64144 67.3323 46.69252 69.95071 52.57154 83.32036 50.38259 84.91944 70.14104 67.52027 x 97.72726 80.89184 88.00653 79.67013 49.54379 76.26243 
34.00258 38.01127 54.6988 58.663 58.13293 56.81644 24.27744 17.62744 39.06089 61.47883 14.70151 x 46.33049 65.68514 48.93872 72.05771 51.22629 13.09075 36.58911 38.26434 18.34247 47.93801 20.24365 21.15379 75.58571 9.02333 66.04869 32.37739 54.50487 50.58977 23.85254 50.84998 65.48284 26.27109 47.23146 54.26274 38.17598 24.77703 27.18283 24.73126 39.94515 16.89711 21.09504 29.82819 32.74291 33.0829 38.01882 28.59408 32.21639 54.13575 33.38627 67.20139 14.83234 x 47.2324 66.43334 63.10964 33.27176 33.44225 66.44441 62.30115 x 60.52572 62.84924 35.23757 14.40556 19.68984 14.32854 19.40954 73.63187 33.32683 50.65618 x 58.00664 21.12414 50.34699 68.2129 39.79733 79.63514 19.47804 51.8999 22.79615 11.6027 44.47722 46.07429 28.05756 34.64219 50.07951 32.7804 11.28669 x 41.81969 16.86556 57.80841 47.62119 32.54967 40.52804 39.9288 13.79492 27.7917 
91.52283 69.81565 64.08276 31.99321 91.72173 91.22545 42.16985 73.71998 29.47171 52.35995 43.36896 55.08118 62.57296 29.01671 57.98497 18.93093 92.5077 48.75508 28.82641 64.66962 56.76854 70.97123 39.07542 78.3295 88.80312 61.85917 14.14033 66.53614 91.06817 107.28765 42.09913 x 35.38015 33.33273 86.90722 53.98913 27.01419 40.39263 62.2875 81.98255 18.69063 41.15232 78.75782 32.72691 70.11603 55.29002 66.46062 30.20627 75.22479 58.22982 79.76847 59.98482 66.10666 47.43627 72.53801 52.57717 61.84153 88.81011 49.2674 13.59031 118.5081 92.71037 51.54769 29.66486 x 68.70823 60.74249 55.4652 67.86909 81.13084 25.11904 105.78765 58.00664 x 63.85348 107.36093 14.43551 66.05381 93.73568 70.95426 24.76232 x 67.22962 101.95405 57.13674 63.50032 71.46262 x 35.1874 65.03489 69.6514 48.50289 43.41358 42.7272 16.73651 25.47563 49.47322 31.30255 67.53628 30.24384 
41.85613 59.03189 37.13808 x 37.33734 36.10133 42.06103 32.63242 37.08481 48.66998 27.91633 16.68068 28.24608 61.75173 32.75665 73.29365 32.07289 17.55589 50.67056 59.37899 7.14089 69.06205 26.42925 32.98524 55.33167 12.63083 67.73155 53.42053 34.10174 46.18685 41.54806 59.14857 59.21457 31.10005 27.32815 40.07137 38.11216 41.87749 7.43298 35.38103 48.90467 29.1835 24.7181 x 53.51175 17.40183 17.80037 34.51258 12.65289 38.41906 16.16022 52.66235 8.9934 59.04928 26.65243 54.21262 47.38173 27.69624 21.32713 68.44335 56.30154 34.10799 47.88648 58.39152 x 12.99255 40.78025 9.82086 39.26079 54.47398 43.10099 x 21.12414 63.85348 x 46.80936 70.31942 19.88218 59.13113 38.028 49.24457 13.05186 29.29623 42.94009 29.9545 7.78609 55.37579 29.13118 48.89451 30.59666 66.99534 29.32896 33.26566 48.12644 58.49197 40.30399 60.14807 36.59917 32.36182 36.16193 
25.72196 70.37359 77.63048 x 54.74832 53.25344 73.21185 40.21837 83.29017 93.21579 64.84114 62.48366 69.43006 108.54849 75.7365 119.17289 41.99026 58.70959 86.69689 74.5819 52.80682 81.5049 68.30409 34.98397 84.98027 45.5093 113.38968 66.67906 49.68363 2.02966 72.89268 100.86705 105.93475 74.18016 44.01464 84.15968 83.78358 74.14599 52.23478 32.3437 89.9641 66.96113 29.31854 75.96312 63.90285 63.00645 57.32367 77.17873 41.26421 81.2254 35.86676 95.47065 41.73306 85.07728 61.41074 98.88054 89.26911 19.16491 67.86755 113.98747 12.66985 46.48128 92.59151 105.19846 16.99621 38.72092 x x 51.69806 88.75614 83.40038 9.61406 50.34699 107.36093 46.80936 x 115.84216 59.51248 86.63293 47.61618 95.82763 59.59526 44.95165 6.65678 73.3786 51.62039 x 60.32069 x 47.93364 79.91451 75.25558 67.01872 94.26952 97.96266 82.0437 85.06461 83.09071 46.6233 77.31028 
102.18635 83.73502 62.49095 26.48122 93.41248 93.1552 x 84.87349 33.38093 47.49686 54.05934 x 63.0176 19.82552 57.3308 4.52649 96.11819 57.38147 42.76027 78.7528 63.55862 85.29872 48.21767 89.14561 85.61794 70.6421 2.76804 80.19989 93.55274 115.55557 55.15828 23.61207 27.1035 42.15228 90.45242 51.4773 32.23669 53.46791 67.3326 92.78347 31.39446 51.86608 88.19022 39.87974 83.65522 58.65672 69.32894 39.61989 80.49204 56.15725 85.49687 54.40591 74.11542 61.78892 73.865 46.20221 57.67513 96.85786 52.53331 1.87709 126.31784 95.64163 46.89009 21.98757 102.73115 77.21667 73.49929 63.11472 80.17905 77.11605 x 113.24693 68.2129 14.43551 70.31942 115.84216 x 68.45611 90.43411 82.96178 x 57.31184 78.35033 110.87566 57.19678 68.42926 85.08587 x 49.02282 76.4324 83.93972 49.38486 55.23296 38.15433 31.14224 36.26748 63.83809 34.32887 79.04154 40.81228 
60.35993 77.6856 18.49435 45.60419 25.71836 25.17375 56.57724 52.51007 36.58919 34.08449 41.77881 11.66489 9.92782 54.89754 16.36523 70.36936 28.00641 31.40893 61.3894 77.33388 21.62306 x 36.53425 52.6454 35.79193 32.16554 65.69502 72.03877 25.1624 58.3511 56.04186 64.03453 50.30453 38.4818 22.40361 24.99873 39.15052 55.88222 12.74861 54.79992 55.61401 42.17834 43.45336 35.68347 72.54024 11.17643 2.3098 41.67727 18.31408 21.73171 23.64573 35.96867 28.81278 73.99513 7.96931 39.71807 29.87176 42.00175 16.85766 66.64079 66.22545 27.19098 33.57081 51.38589 54.21534 x 59.32974 25.80613 58.74282 34.60036 51.3762 53.14307 39.79733 66.05381 19.88218 59.51248 68.45611 x 39.86764 57.77497 45.33106 20.17728 49.0372 x 14.32161 12.12167 74.43891 11.97779 61.45779 50.11735 85.03808 19.43165 47.85622 37.02613 65.70735 47.50985 75.41674 34.90088 52.04492 x 
95.73396 117.55324 30.34348 63.9532 31.98424 33.42891 95.27135 91.20077 66.82413 43.06155 80.70286 49.43849 35.47944 71.5908 37.12998 90.45992 44.68123 70.81046 97.5992 117.11894 61.48449 126.89799 74.25772 90.48211 4.94534 71.71415 87.84541 x 36.97129 84.89606 94.73992 94.92622 64.54092 74.50807 42.99821 39.74682 70.18818 94.348 52.46929 x 89.09817 80.74733 80.08592 70.30608 112.36974 48.62131 41.62032 77.13359 52.37149 35.61833 55.59441 37.05334 67.658 112.53506 32.48994 45.53761 32.79443 73.88625 51.81142 88.98202 88.31053 x 43.59426 x 87.50695 71.04847 99.19723 65.66012 98.37107 13.71602 86.53197 77.76495 79.63514 93.73568 59.13113 86.63293 90.43411 39.86764 x x 69.14157 x 88.40295 87.02908 38.99073 51.66339 114.26211 30.36502 98.9098 89.71109 124.82802 47.57693 86.83343 52.2812 98.72951 82.27569 114.11344 64.44003 91.48666 80.79927 
23.79667 24.42085 73.7457 76.93375 x 70.91766 29.88323 8.08365 57.02521 80.93238 29.72641 51.33318 65.16721 83.26125 68.21138 87.14223 63.15283 32.30356 44.51416 27.51208 37.13723 35.69484 37.52137 12.78462 93.35939 25.62673 81.11887 19.73754 68.06027 48.61558 29.77295 62.53617 83.80089 43.02973 60.37997 73.7303 55.57238 31.39906 45.03736 15.30883 52.26558 31.74479 22.51331 47.47103 17.91123 52.22652 55.77844 44.47376 46.33366 73.49847 45.45129 86.67425 29.51062 37.9996 x 85.83528 82.50456 36.43141 52.90536 81.32548 60.28417 66.7602 79.97343 80.67501 30.62031 26.48317 12.2342 x 4.146 x 45.97841 51.56742 19.47804 70.95426 38.028 47.61618 82.96178 57.77497 x x 69.46533 42.2013 8.7388 40.97452 65.33364 45.6756 19.43684 66.91077 38.7531 8.19258 33.8371 61.2977 27.73214 76.97376 57.412 46.75585 37.75606 58.22718 5.80452 x 
85.37018 76.64483 39.98978 9.25336 70.20003 69.94355 46.96046 69.46899 12.95189 27.71383 39.83172 36.01095 39.86129 13.81835 34.40159 25.07148 73.14291 x 39.53035 72.87958 43.02416 81.21171 x 72.95797 64.22598 52.06135 20.44512 72.02438 70.37536 95.32205 46.62077 27.9692 15.4897 26.46549 67.4822 x 13.8933 x 45.27863 76.45433 27.10616 37.95572 69.85115 x 74.78299 35.90542 46.29656 25.53696 58.34132 33.87679 63.56116 35.45046 54.44625 59.34602 50.65404 28.54775 37.0792 76.66503 29.8679 21.44248 105.53704 72.5207 26.86561 11.29651 84.23626 58.02472 62.4691 43.51242 67.55678 56.39432 29.16062 92.27845 51.8999 24.76232 49.24457 95.82763 x 45.33106 69.14157 69.46533 x 36.2664 63.15938 91.42079 34.081 46.28033 76.50422 55.07152 44.2932 61.89357 79.4757 26.1727 43.28058 18.15851 33.95788 x 61.40805 12.75122 64.60048 28.60069 
51.75098 59.20706 32.21806 40.58592 44.06513 43.14977 36.42583 38.95278 24.0347 39.23463 x 9.89225 24.3159 49.0214 26.20459 60.24751 41.95798 11.67923 41.77425 58.19922 6.97211 67.95764 16.66549 40.87729 54.77128 18.2546 54.70891 x 42.04224 59.06106 35.89047 47.38986 46.95975 19.79423 36.57432 31.59074 25.16121 35.70658 11.24141 43.91667 37.72164 22.00109 35.06341 18.71501 54.65446 10.76735 19.20937 23.21619 23.85751 31.34122 28.44351 44.54973 18.81372 53.83703 28.14632 44.45379 40.31611 40.43102 10.81306 55.43499 69.3311 42.954 38.32881 45.72459 48.90723 22.77243 41.07981 9.12451 42.15763 51.68997 32.58565 56.12266 22.79615 x 13.05186 59.59526 57.31184 20.17728 x 42.2013 36.2664 x 33.87324 55.38374 23.3619 12.52112 56.57637 32.00657 41.40264 34.03862 65.89816 19.35461 x 36.93217 47.66877 29.18281 55.28538 23.5753 36.43626 25.67744 
24.44019 31.53565 65.12897 70.14951 64.13611 62.69169 28.64722 6.52435 50.42418 72.89622 24.30298 42.78942 56.50364 x 59.70355 x 55.39243 24.69327 42.82339 33.52545 28.53263 42.5055 31.21002 11.25509 84.62763 16.89938 76.32452 26.28331 59.94036 45.62368 28.38829 59.37108 76.98669 37.06914 52.30936 65.46268 49.33025 x 36.30183 14.86742 48.67358 26.4864 16.84115 41.037 25.34702 43.67819 47.03984 38.99891 37.9637 65.05489 37.48511 78.42105 20.86304 x 55.94304 77.92196 74.08722 30.95677 44.65371 76.63587 57.49375 58.81774 71.95584 74.21369 28.36996 18.06532 15.29609 24.9369 10.44116 83.46911 42.12698 47.38013 11.6027 67.22962 29.29623 44.95165 78.35033 49.0372 88.40295 8.7388 63.15938 33.87324 x 38.52317 56.82128 36.9368 27.07468 58.23324 37.7726 3.00841 40.53359 53.12801 24.00668 69.40122 55.09498 42.16175 40.63007 51.39714 3.16381 37.54308 
19.25165 63.74697 75.70998 x 55.53235 53.98377 x 33.63628 78.71988 90.47668 59.09289 59.13475 67.23556 104.40068 73.27116 114.32366 42.85503 53.53796 80.59562 67.92819 48.47536 74.8982 62.99915 28.37753 85.02068 40.27033 108.47619 60.02523 50.39513 7.92224 66.63097 95.21975 102.13643 68.95603 44.04468 81.49958 79.01279 67.92163 48.92487 25.69225 x 61.24514 x 71.03257 57.26567 59.72428 55.06589 71.85575 39.02668 78.86171 33.91172 93.22532 37.00579 78.51587 60.04183 96.12773 87.19401 15.50246 64.2315 109.03383 19.31203 47.40855 89.7992 101.10771 10.36442 33.6727 52.62996 48.02149 45.06402 88.11771 77.71103 13.64144 44.47722 101.95405 42.94009 6.65678 110.87566 x 87.02908 40.97452 91.42079 55.38374 38.52317 x 70.78218 48.4454 x 59.43202 76.00419 41.48722 73.29484 71.94683 60.98648 90.91333 92.07501 76.54024 78.4766 x 40.09739 71.78442 
71.80096 82.3049 9.24686 32.58316 x 36.43659 57.31749 61.38376 28.49283 19.8711 43.31913 x 5.89029 41.8135 2.88388 58.54583 41.52617 34.67669 58.63457 80.90576 28.34522 90.58636 36.03293 62.5214 34.1597 40.31654 54.43628 76.73991 37.3797 72.30523 56.7979 56.91861 36.61919 35.64463 x x 31.70456 56.21454 22.70594 65.15259 50.29159 42.97429 54.66333 31.32063 77.94398 13.16697 16.27999 38.17043 32.13916 8.46783 37.61652 22.76719 38.68181 74.26408 17.10699 25.53129 17.4855 55.30893 13.61613 55.46916 80.4758 39.97618 19.30552 38.34584 x 42.81123 64.33658 31.91378 65.47558 x 47.54166 67.3323 46.07429 57.13674 29.9545 73.3786 57.19678 14.32161 38.99073 65.33364 34.081 23.3619 56.82128 70.78218 x 22.82211 79.86566 21.32093 60.1909 57.23128 88.55021 8.83044 49.34798 23.02167 60.09382 43.28995 x x x 41.88144 
49.14602 66.06489 29.51462 x 32.21453 31.17019 46.92934 40.41441 35.10305 42.14596 32.24083 10.91705 x 57.91201 25.5328 71.02539 29.43872 21.53225 53.82701 66.05105 10.6261 75.79773 28.77438 40.72137 47.74864 20.09962 65.74857 60.42674 29.7751 50.75736 46.40016 59.84889 54.62338 32.30481 24.06209 33.29616 36.78737 46.49176 x 43.03096 50.24248 33.08617 32.04729 x 60.73962 11.39388 10.10761 x 12.08079 31.21956 x 45.58611 16.76641 64.24467 19.19504 47.77126 40.06334 32.95046 16.69233 66.5578 60.02332 30.50469 41.43071 54.45532 43.93751 20.6965 47.7235 14.714 46.73668 46.6951 45.03368 46.69252 28.05756 63.50032 7.78609 51.62039 68.42926 12.12167 51.66339 45.6756 46.28033 12.52112 36.9368 48.4454 22.82211 x 62.62457 22.09335 52.88874 38.08883 73.72523 23.63665 38.06596 42.65024 60.17833 41.69648 65.50269 34.12447 39.96287 38.09169 
39.39435 5.52189 88.79433 85.03464 91.16976 89.73747 30.10744 27.42269 65.46224 93.03127 38.36565 66.34861 80.69918 x 82.66593 89.54787 82.39275 45.22733 x 10.8384 52.93443 16.68687 46.83814 31.50456 110.22789 42.75498 83.76796 4.95125 87.01212 66.13644 30.3411 62.24645 91.78659 50.9346 79.384 86.92078 63.16001 31.95429 61.79362 33.10697 53.79135 39.67011 41.90049 56.11626 1.92199 67.24345 72.64182 51.10262 64.96039 87.5205 64.54249 x 47.56946 27.97101 81.81942 97.37084 96.25299 55.6431 66.5664 83.70539 77.37471 85.87914 92.01892 87.73523 48.19629 x x 48.83078 16.6384 108.08803 x 69.95071 34.64219 71.46262 55.37579 x 85.08587 74.43891 114.26211 19.43684 76.50422 56.57637 27.07468 x 79.86566 62.62457 x 84.50399 36.29854 25.05539 15.03906 74.37783 33.56002 87.5027 55.57873 51.12528 26.73816 67.21765 23.93402 47.90444 
x 88.08391 x 53.88779 15.19807 15.14019 68.27228 60.85155 47.62318 38.51862 53.46128 23.59192 15.43156 63.08931 21.9523 79.78581 21.95871 42.92711 73.36709 88.14438 32.53867 97.88961 48.48228 60.14011 27.05793 41.7607 75.50889 x 16.44017 58.8487 67.73757 75.54231 57.6394 50.43572 17.39518 30.10799 50.40665 67.64491 23.09387 61.77415 67.41513 53.96949 49.88597 47.49245 82.63641 23.04189 12.82265 53.60442 22.2595 25.65174 26.14738 37.93431 37.40331 85.68649 4.49538 43.74846 31.34058 45.07003 28.36633 76.51385 64.86728 19.41786 38.30163 59.63713 58.37234 40.70526 69.76732 36.70785 68.3497 28.72238 63.31085 52.57154 50.07951 x 29.13118 60.32069 x 11.97779 30.36502 66.91077 55.07152 32.00657 58.23324 59.43202 21.32093 22.09335 84.50399 x 73.3765 59.68867 95.81726 28.94996 59.48526 43.8605 77.50007 59.40322 87.05533 45.73122 61.34772 56.72839 
61.72656 34.7122 69.32772 53.47967 85.09587 84.05785 9.12752 43.63408 36.38794 66.87059 20.97907 50.20287 63.46461 56.24159 x 53.5245 80.96653 31.52684 6.39162 29.85296 42.61376 37.26876 24.95723 48.84632 94.18677 40.42833 x 31.36189 82.52866 82.70552 9.39051 25.94862 59.71487 24.59875 76.14342 63.41734 33.19428 8.10609 51.6391 52.31499 18.32181 19.83498 53.0497 29.39113 x 50.91129 60.607 22.51699 61.51333 65.74406 64.16944 74.43708 46.20854 x 69.39183 69.9191 73.07161 65.99165 47.10385 47.73531 94.54499 x 65.84264 54.86073 66.04109 46.89137 27.12452 39.10592 35.04743 89.24974 15.20396 83.32036 32.7804 35.1874 48.89451 x 49.02282 61.45779 98.9098 38.7531 44.2932 41.40264 37.7726 76.00419 60.1909 52.88874 36.29854 73.3765 x 34.96564 35.67025 52.22129 16.17672 59.14143 19.45866 19.0799 17.21143 38.72289 36.92869 18.61253 
26.96174 29.26072 65.72628 69.13316 x x 25.83886 8.81375 49.29046 72.74404 22.53289 43.26257 57.21921 75.71071 60.10488 80.50186 57.72125 24.15674 40.13701 30.92344 29.149 40.06845 29.88227 13.89859 85.83747 17.99853 74.46536 23.87875 62.05159 48.61946 25.59922 57.02106 x 35.59508 54.467 65.54559 48.01553 x 37.37133 17.43256 46.41023 24.66636 19.81406 39.80036 23.26076 44.15853 48.18999 37.32404 39.92058 65.35816 39.74692 78.48674 22.52825 37.42208 57.22152 77.66158 74.3521 33.9015 44.72229 74.74197 60.4874 61.04328 71.78656 73.03305 31.29935 20.10642 12.44227 x 8.66425 84.36566 39.91598 50.38259 11.28669 65.03489 30.59666 47.93364 76.4324 50.11735 89.71109 8.19258 61.89357 34.03862 3.00841 41.48722 57.23128 38.08883 25.05539 59.68867 34.96564 x 38.07066 53.10615 21.66135 68.87346 52.55056 40.17662 37.6329 50.38867 2.70705 35.63608 
54.39507 9.57356 97.72463 88.50791 103.77548 102.40599 33.00302 41.91993 70.00531 99.43381 45.3485 75.78781 90.19777 91.83644 91.22221 88.46618 x 54.22149 41.49903 7.70963 63.44556 2.07307 53.31474 46.30197 120.54743 x x 14.26439 99.88628 81.17494 33.42933 60.35511 94.96479 56.07126 92.3829 94.34681 67.20169 34.63077 72.75499 x 53.97634 46.02043 56.31566 61.37864 16.14059 76.65631 83.45149 55.31932 77.60344 95.61371 77.78187 106.50881 59.99071 22.30394 92.73848 103.22292 103.9461 70.26526 74.95493 x 92.40159 x 98.40135 90.31529 63.22443 58.05789 26.31741 59.25327 30.45077 117.49852 50.39293 84.91944 x 69.6514 66.99534 79.91451 83.93972 85.03808 124.82802 33.8371 79.4757 65.89816 40.53359 73.29484 88.55021 73.72523 15.03906 95.81726 35.67025 38.07066 x 82.0554 39.52887 92.79329 52.96779 53.70043 20.3467 72.08285 37.54006 51.61577 
70.58067 x 17.32718 26.27161 44.03738 43.77085 50.05681 58.30602 19.66559 19.89222 36.72695 12.81237 14.07087 35.54597 10.45543 51.08353 47.43508 29.37606 50.29129 74.50613 25.68704 84.05975 28.85958 60.15251 42.69646 37.52627 46.61685 70.91973 44.25723 74.38995 49.55174 48.09316 31.38712 27.62972 41.8187 12.56024 22.87653 48.82088 23.04724 63.10408 41.55332 36.07149 53.58994 22.98274 72.46732 12.25108 20.70561 29.89765 34.86269 13.66721 40.37423 25.41324 37.19492 66.64144 24.50494 25.20326 x 56.49064 8.55936 x 83.45084 46.51197 19.00267 32.03228 66.72383 41.3274 58.8594 28.47234 60.93373 37.06389 39.05936 70.14104 41.81969 48.50289 29.32896 75.25558 49.38486 19.43165 47.57693 61.2977 26.1727 19.35461 53.12801 71.94683 8.83044 23.63665 74.37783 28.94996 52.22129 53.10615 82.0554 x 42.5516 19.01394 51.30299 x 68.40446 17.45637 55.58593 33.70711 
48.44249 34.52818 x 51.58061 70.16044 69.03028 8.86656 30.42008 31.90611 60.12266 6.13072 37.39699 51.55035 56.82442 51.9374 59.43229 65.23416 x 19.73329 32.04967 27.49464 41.52126 13.80068 35.23824 82.32089 24.25172 53.41683 29.40129 67.26122 67.33957 8.33996 35.37396 58.37985 17.37504 60.59328 54.81841 29.69184 8.62729 36.8767 38.86816 24.75793 6.49164 37.70018 22.58191 31.76082 38.21226 46.67757 17.74371 45.76033 56.15327 48.14796 67.05343 30.04568 26.2179 x 64.17723 64.42006 50.12935 35.73812 53.60528 79.09999 67.37279 59.09542 x 51.36545 30.75158 19.20286 23.65922 25.03312 78.51861 18.31672 67.52027 16.86556 43.41358 33.26566 67.01872 55.23296 47.85622 86.83343 27.73214 43.28058 x 24.00668 60.98648 49.34798 38.06596 33.56002 59.48526 16.17672 21.66135 39.52887 42.5516 x x 31.25424 19.0974 27.57264 33.66577 24.1278 15.00794 
88.68313 x 25.42624 11.67336 58.86861 58.96561 59.79393 x 22.87934 9.64657 49.18045 31.80573 28.68685 19.94106 21.92007 x 64.54763 44.74155 55.31576 85.66483 43.74983 94.67173 40.69462 77.55491 47.46493 55.06866 x 83.47116 60.19415 93.39968 59.36408 46.017 13.81452 36.84373 59.11301 14.17198 25.95434 58.20202 42.0525 80.71814 43.69223 47.8365 71.91772 31.54918 85.6565 31.26391 38.72416 37.49834 53.71143 18.9722 59.24151 17.29638 55.54257 74.32734 x 10.86991 19.5639 75.4784 26.83875 x 102.35137 62.90857 8.88771 16.76825 85.41594 59.60388 72.41932 45.87155 75.93881 39.04096 44.09937 x 57.80841 42.7272 48.12644 94.26952 38.15433 37.02613 52.2812 76.97376 18.15851 36.93217 69.40122 90.91333 23.02167 42.65024 87.5027 43.8605 59.14143 68.87346 92.79329 19.01394 x x 51.60383 40.06469 76.3105 20.71725 71.5015 41.28415 
79.50308 x 68.38817 42.89357 91.1238 x 27.6189 61.36403 31.92648 60.71969 33.22412 54.06817 64.722 42.76104 61.66595 35.6537 89.58276 41.43498 13.14762 48.21014 51.43296 54.25848 32.06763 66.3496 93.80826 53.38635 30.5756 50.62792 89.5474 98.16506 27.67968 x 47.92533 x 84.23984 x 28.5423 26.02588 58.89305 x x 31.19391 68.70492 30.02419 54.35713 54.53115 65.52903 24.45693 70.85716 63.40939 74.62546 68.57592 58.51343 30.71535 73.11353 62.3214 68.94792 80.35611 49.19589 30.16567 109.79742 90.6029 59.7697 42.39386 82.58726 60.29708 46.27157 49.02329 53.93861 87.26373 15.3999 97.72726 47.62119 16.73651 58.49197 97.96266 31.14224 65.70735 98.72951 57.412 33.95788 47.66877 55.09498 92.07501 60.09382 60.17833 55.57873 77.50007 19.45866 52.55056 52.96779 51.30299 31.25424 51.60383 x 18.48782 32.74449 34.34389 54.81898 22.33198 
66.25008 50.9519 52.10007 34.80883 72.75134 71.95539 21.23065 48.68479 17.39694 47.94262 17.98972 35.84498 47.39275 38.67734 45.21819 40.39556 71.11404 23.83808 15.73644 x 33.18668 55.46155 14.13407 53.1061 77.4248 x 34.36722 46.50722 71.08381 82.03769 20.92031 19.07676 41.29193 9.39242 65.75621 45.08807 14.13297 19.43089 40.41224 56.75759 8.61051 15.77128 53.29638 12.0923 49.47688 36.36361 47.21251 5.96926 52.51403 47.85919 x 55.59631 41.24032 34.27408 55.08352 50.85713 54.635 63.71738 31.3544 34.59799 93.40038 72.11597 46.92073 36.82991 67.68674 43.5435 37.95637 31.11021 44.13038 71.69844 4.31188 80.89184 32.54967 25.47563 40.30399 82.0437 36.26748 47.50985 82.27569 46.75585 x 29.18281 42.16175 76.54024 43.28995 41.69648 51.12528 59.40322 19.0799 40.17662 53.70043 x 19.0974 40.06469 18.48782 x 36.27239 19.78889 42.77685 4.76841 
61.4504 22.97353 x 70.62333 97.39773 96.20861 18.87271 44.84628 53.49857 83.88089 33.63883 64.7681 78.67674 72.99482 78.36949 68.35987 91.56699 44.13767 22.1252 16.93466 54.88289 21.53672 39.95481 50.10288 109.5163 49.39837 63.10259 22.24336 94.2431 85.91368 19.4072 x 76.76994 40.93181 87.27712 80.01865 50.35617 19.77722 64.34115 x 34.83216 33.39044 57.42958 46.00505 26.23973 65.55516 x 39.28821 72.25808 82.04738 73.87221 91.36524 55.30419 2.09297 83.37775 87.05915 89.70324 71.4325 x 62.77674 97.71698 94.08062 82.8494 71.79496 68.12114 54.75781 25.84734 50.89508 33.61042 105.17877 32.40675 88.00653 40.52804 49.47322 60.14807 85.06461 63.83809 75.41674 114.11344 37.75606 61.40805 55.28538 40.63007 78.4766 x 65.50269 26.73816 87.05533 17.21143 37.6329 20.3467 68.40446 27.57264 76.3105 32.74449 36.27239 x 55.79498 38.54963 35.37503 
72.9679 68.05273 34.12994 18.75447 60.47931 60.0291 39.08073 57.55621 2.47171 28.16352 29.21591 x 31.44015 26.08108 27.53294 36.92412 x 27.10158 35.43662 64.98969 30.28393 73.9568 20.85968 60.77979 59.50857 39.45839 31.63355 63.04381 60.0335 82.6016 38.65408 30.6793 25.60408 16.29945 56.38217 25.75594 5.92545 37.48477 33.05016 64.21401 25.02611 27.64328 57.2162 11.11582 65.40464 x 35.48447 16.78172 46.20051 29.0715 51.28457 35.80902 41.7029 53.84518 41.23591 31.31014 35.10194 63.93111 18.37337 32.46228 92.89903 61.86568 27.13915 23.04539 71.55184 45.31165 52.43581 30.79521 x 52.9558 24.00911 79.67013 39.9288 31.30255 36.59917 83.09071 34.32887 34.90088 64.44003 58.22718 12.75122 23.5753 51.39714 x x 34.12447 67.21765 45.73122 38.72289 50.38867 72.08285 17.45637 33.66577 20.71725 34.34389 19.78889 55.79498 x 53.0858 20.58685 
24.81417 28.46051 67.94144 71.83239 67.29644 65.85035 27.82505 6.7201 51.99509 75.27258 25.20329 45.53098 59.36887 78.41753 62.41447 83.12799 58.49401 26.7665 x 30.64144 31.33325 39.49537 32.58918 12.00897 87.6838 19.88041 77.09204 23.27671 63.0903 47.40422 27.61861 59.4372 78.68903 x 55.45316 67.99078 50.72194 29.12377 39.29962 15.39548 48.88521 27.32461 19.29612 42.50722 22.2216 x 50.07009 40.0006 41.12721 67.71338 40.61131 80.94108 24.00132 38.47728 59.01418 80.22363 76.72595 33.45581 47.16533 77.35869 59.24116 61.94709 74.3203 75.73972 29.80739 21.22847 12.8478 27.62213 x 86.41679 42.42381 49.54379 13.79492 67.53628 32.36182 46.6233 79.04154 52.04492 91.48666 5.80452 64.60048 36.43626 3.16381 40.09739 x 39.96287 23.93402 61.34772 36.92869 2.70705 37.54006 55.58593 24.1278 71.5015 54.81898 42.77685 38.54963 53.0858 x 38.26321 
61.54612 x 50.92415 37.25761 69.6261 68.76187 x 44.06725 18.41961 48.53043 13.28948 33.15065 45.53825 41.9496 44.02439 44.86615 x 19.31941 16.8573 44.67776 29.10267 53.45912 9.75371 48.42345 76.01163 31.94613 38.82981 43.43524 67.7189 77.32049 x 23.6756 43.93976 6.35787 62.1266 44.80835 15.6017 16.98632 36.80263 52.07225 12.93347 11.07877 48.53041 10.78434 46.1895 33.74948 44.27458 3.91901 48.54112 47.16234 52.303 55.99023 36.66444 33.47851 52.50826 51.88998 54.46897 59.04679 29.23017 39.11006 88.71477 68.59299 47.49749 39.83722 62.91837 38.86806 34.14685 x 39.94963 70.76981 6.97093 76.26243 27.7917 30.24384 36.16193 77.31028 40.81228 x 80.79927 x 28.60069 25.67744 37.54308 71.78442 41.88144 38.09169 47.90444 56.72839 18.61253 35.63608 51.61577 33.70711 15.00794 41.28415 22.33198 4.76841 35.37503 20.58685 38.26321 x 
