50
21
loc0 loc1 loc2 loc3 loc4 loc5 loc6 loc7 loc8 loc9 loc10 loc11 loc12 loc13 loc14 loc15 loc16 loc17 loc18 loc19 loc20 loc21 loc22 loc23 loc24 loc25 loc26 loc27 loc28 loc29 loc30 loc31 loc32 loc33 loc34 loc35 loc36 loc37 loc38 loc39 loc40 loc41 loc42 loc43 loc44 loc45 loc46 loc47 loc48 loc49 
loc35 loc28 loc47 loc20 loc36 loc38 loc14 loc34 loc11 loc41 loc5 loc18 loc19 loc45 loc40 loc42 loc27 loc33 loc32 loc43 loc26 
loc0
x 1.0 1.4 x 1.4 1.0 1.0 2.0 1.4 1.0 1.0 1.2 1.2 2.0 1.2 1.0 2.0 1.2 1.0 2.0 1.0 1.4 x 1.4 1.0 1.0 1.0 1.4 x 1.2 2.0 2.0 1.4 1.2 1.0 2.0 1.2 1.4 1.2 1.0 1.4 1.0 1.2 1.4 1.0 2.0 2.0 2.0 1.2 1.4 
1.0 x 1.0 1.0 1.0 2.0 1.0 x 1.4 2.0 1.0 2.0 1.0 2.0 1.2 1.0 1.0 1.2 1.0 2.0 1.0 x x 1.2 1.0 1.2 1.0 x 2.0 1.4 x 1.4 2.0 1.2 x 1.0 1.2 1.4 1.2 1.0 x 1.0 1.4 2.0 1.4 1.0 1.0 1.0 1.0 1.0 
1.4 1.0 x 1.2 1.4 1.2 1.0 2.0 1.0 1.4 1.0 x x 2.0 1.2 1.2 1.2 1.0 x 1.2 1.0 1.0 x 2.0 2.0 1.4 x 1.2 1.0 1.2 1.0 x 1.2 1.4 1.4 1.2 1.2 1.2 1.0 1.4 1.2 1.0 1.0 1.4 x 2.0 1.0 1.2 1.2 1.0 
x 1.0 1.2 x 1.0 1.2 1.2 1.2 1.2 1.2 x 1.4 2.0 2.0 2.0 1.4 2.0 2.0 1.4 1.2 1.2 1.4 1.4 1.4 1.2 2.0 1.2 1.2 2.0 2.0 1.4 1.0 x 1.0 2.0 1.2 1.0 1.2 1.4 1.4 x 1.0 x 1.4 1.0 2.0 1.4 1.0 2.0 1.2 
1.4 1.0 1.4 1.0 x 1.0 1.0 1.2 1.0 1.0 x 1.4 1.4 1.0 1.0 1.2 1.0 x 1.2 1.2 1.0 x x 1.0 1.4 1.0 x 1.2 1.2 1.4 1.4 1.0 1.4 1.0 1.2 1.4 1.0 1.2 2.0 1.4 2.0 1.4 1.4 1.2 x 1.0 1.2 x 1.4 1.2 
1.0 2.0 1.2 1.2 1.0 x 1.4 1.2 1.2 1.4 2.0 1.4 2.0 1.4 1.0 x x 1.0 x 1.0 1.2 1.4 1.0 x 1.0 1.2 1.0 1.0 1.0 1.0 1.0 1.2 1.4 1.2 1.2 2.0 1.2 1.4 1.4 1.0 x 1.2 1.0 x 1.0 2.0 1.2 x 1.0 1.4 
1.0 1.0 1.0 1.2 1.0 1.4 x 1.0 1.2 2.0 2.0 1.4 1.2 1.4 1.0 1.2 1.0 1.0 1.2 1.4 1.4 2.0 1.2 2.0 1.4 1.0 1.2 1.0 1.0 1.2 1.2 2.0 2.0 1.4 1.2 1.4 1.4 2.0 1.2 1.4 1.4 1.2 1.4 1.0 1.0 1.0 2.0 x 2.0 1.4 
2.0 x 2.0 1.2 1.2 1.2 1.0 x 1.2 1.0 1.2 2.0 1.0 1.2 1.4 1.0 1.2 2.0 1.4 2.0 1.0 1.2 1.0 1.2 1.4 1.0 1.0 1.2 1.0 1.0 1.0 2.0 2.0 1.2 1.0 1.4 1.2 x 1.4 1.2 1.4 1.2 1.4 1.0 1.2 1.0 1.4 1.2 1.0 x 
1.4 1.4 1.0 1.2 1.0 1.2 1.2 1.2 x 1.4 1.2 2.0 x 1.0 2.0 1.0 2.0 1.2 1.2 1.0 x 1.0 2.0 x 1.4 1.4 1.2 1.0 1.0 1.4 1.2 2.0 1.0 1.2 x 1.2 2.0 x 1.0 1.0 1.4 1.2 1.4 1.0 2.0 1.4 x x 1.0 1.4 
1.0 2.0 1.4 1.2 1.0 1.4 2.0 1.0 1.4 x 1.4 2.0 2.0 1.0 1.0 1.0 1.2 1.2 1.4 1.0 1.4 1.2 x 1.2 1.4 2.0 1.4 1.2 1.0 x 2.0 1.0 1.4 x x 1.4 1.4 2.0 1.4 1.2 1.2 2.0 1.0 1.0 2.0 x 1.4 1.0 1.2 1.0 
1.0 1.0 1.0 x x 2.0 2.0 1.2 1.2 1.4 x 1.4 2.0 1.4 1.2 1.4 2.0 1.0 1.2 1.0 1.0 1.0 1.2 1.0 1.0 1.2 1.4 x 2.0 2.0 1.2 x 1.4 1.0 x 1.0 1.2 1.0 x 1.0 x 1.0 x 1.4 1.0 1.0 1.0 1.0 1.4 1.0 
1.2 2.0 x 1.4 1.4 1.4 1.4 2.0 2.0 2.0 1.4 x 1.0 x 1.4 1.4 1.4 1.0 1.0 1.0 1.2 1.4 1.2 1.0 1.0 1.0 1.2 1.0 1.4 1.4 1.2 2.0 1.4 x 1.4 1.2 1.0 1.0 1.0 x 2.0 2.0 1.2 1.4 2.0 1.0 1.2 x 1.2 1.4 
1.2 1.0 x 2.0 1.4 2.0 1.2 1.0 x 2.0 2.0 1.0 x 1.0 1.2 1.4 1.2 1.2 1.0 1.0 1.0 1.2 1.2 1.4 2.0 1.2 1.2 1.4 1.2 1.4 1.2 1.0 x 1.4 1.4 1.0 1.2 1.2 2.0 1.2 1.2 1.2 2.0 1.0 1.2 1.4 x 1.2 1.0 1.0 
2.0 2.0 2.0 2.0 1.0 1.4 1.4 1.2 1.0 1.0 1.4 x 1.0 x 1.2 1.4 1.0 1.0 2.0 1.0 2.0 1.0 1.2 2.0 1.2 2.0 1.2 1.4 2.0 2.0 1.4 1.0 x 2.0 x 1.4 1.4 1.2 1.0 x 1.0 1.2 2.0 x 1.4 1.2 1.4 1.0 2.0 1.4 
1.2 1.2 1.2 2.0 1.0 1.0 1.0 1.4 2.0 1.0 1.2 1.4 1.2 1.2 x 2.0 1.2 1.4 1.0 x 1.2 1.0 x 1.4 1.0 1.4 1.2 1.4 1.0 1.0 1.0 1.4 1.0 x 1.2 1.2 1.0 1.4 1.0 1.2 2.0 2.0 1.2 1.0 2.0 2.0 1.0 2.0 1.2 1.4 
1.0 1.0 1.2 1.4 1.2 x 1.2 1.0 1.0 1.0 1.4 1.4 1.4 1.4 2.0 x 1.0 2.0 1.2 1.2 1.0 1.4 1.4 1.2 1.4 1.0 2.0 1.2 1.2 1.2 1.4 1.4 x 1.2 2.0 1.2 2.0 2.0 1.2 1.2 1.4 1.0 1.0 1.0 1.0 2.0 1.4 1.0 1.0 1.2 
2.0 1.0 1.2 2.0 1.0 x 1.0 1.2 2.0 1.2 2.0 1.4 1.2 1.0 1.2 1.0 x 1.4 1.0 1.2 1.2 1.2 1.4 1.2 1.0 x 1.2 1.2 x 1.4 2.0 2.0 1.4 1.2 x 1.4 x 1.0 1.2 1.4 2.0 1.0 1.2 1.4 2.0 1.0 1.2 1.2 1.4 2.0 
1.2 1.2 1.0 2.0 x 1.0 1.0 2.0 1.2 1.2 1.0 1.0 1.2 1.0 1.4 2.0 1.4 x 1.2 x 1.0 1.0 1.4 x 1.2 1.2 1.4 x 1.0 1.2 1.4 x 1.2 2.0 1.2 1.2 1.0 1.0 1.0 1.2 2.0 1.2 1.0 1.2 1.2 1.0 1.4 1.4 1.0 1.2 
1.0 1.0 x 1.4 1.2 x 1.2 1.4 1.2 1.4 1.2 1.0 1.0 2.0 1.0 1.2 1.0 1.2 x 1.2 2.0 1.2 1.2 2.0 2.0 1.0 1.2 1.4 x x 1.2 1.4 x 1.2 1.0 x x 1.0 2.0 1.4 1.2 1.0 1.4 1.2 1.0 1.0 1.0 2.0 1.4 2.0 
2.0 2.0 1.2 1.2 1.2 1.0 1.4 2.0 1.0 1.0 1.0 1.0 1.0 1.0 x 1.2 1.2 x 1.2 x 1.2 1.0 x 2.0 1.0 1.2 1.2 1.0 1.2 1.4 1.4 1.0 x x x 1.0 1.0 2.0 1.2 1.2 1.4 2.0 1.4 1.2 1.0 1.4 2.0 1.0 1.0 1.2 
1.0 1.0 1.0 1.2 1.0 1.2 1.4 1.0 x 1.4 1.0 1.2 1.0 2.0 1.2 1.0 1.2 1.0 2.0 1.2 x 1.2 2.0 1.2 1.4 1.0 1.0 1.2 1.4 1.2 1.0 1.0 1.0 1.0 1.4 1.4 1.2 1.4 1.0 1.2 x 1.2 1.0 1.0 1.2 1.2 1.0 1.2 1.0 1.2 
1.4 x 1.0 1.4 x 1.4 2.0 1.2 1.0 1.2 1.0 1.4 1.2 1.0 1.0 1.4 1.2 1.0 1.2 1.0 1.2 x 1.0 1.2 1.4 2.0 1.0 1.0 1.4 2.0 1.2 2.0 1.4 1.0 1.0 1.0 1.0 1.2 1.2 2.0 1.0 2.0 1.4 1.0 1.2 1.0 1.2 1.4 2.0 x 
x x x 1.4 x 1.0 1.2 1.0 2.0 x 1.2 1.2 1.2 1.2 x 1.4 1.4 1.4 1.2 x 2.0 1.0 x 1.4 1.0 1.0 1.4 1.2 1.4 2.0 1.4 2.0 1.2 1.4 1.4 x 1.2 1.2 1.4 1.4 x 1.0 1.2 1.4 2.0 1.4 1.0 1.2 2.0 2.0 
1.4 1.2 2.0 1.4 1.0 x 2.0 1.2 x 1.2 1.0 1.0 1.4 2.0 1.4 1.2 1.2 x 2.0 2.0 1.2 1.2 1.4 x 1.4 1.0 2.0 2.0 x 1.0 2.0 1.2 1.4 1.2 1.2 1.0 1.4 1.4 1.2 1.0 1.4 2.0 x 1.2 1.2 1.0 1.2 1.2 1.0 1.2 
1.0 1.0 2.0 1.2 1.4 1.0 1.4 1.4 1.4 1.4 1.0 1.0 2.0 1.2 1.0 1.4 1.0 1.2 2.0 1.0 1.4 1.4 1.0 1.4 x 1.0 1.2 1.2 1.4 2.0 x 1.2 1.2 2.0 1.2 1.4 1.2 1.0 x 1.4 1.4 x 1.0 2.0 x 1.2 2.0 1.2 1.4 1.2 
1.0 1.2 1.4 2.0 1.0 1.2 1.0 1.0 1.4 2.0 1.2 1.0 1.2 2.0 1.4 1.0 x 1.2 1.0 1.2 1.0 2.0 1.0 1.0 1.0 x 1.2 x 1.0 1.0 1.2 x 1.0 1.2 1.0 1.0 1.0 1.2 1.2 1.2 1.4 x 1.2 1.0 1.4 1.4 1.0 2.0 1.0 1.4 
1.0 1.0 x 1.2 x 1.0 1.2 1.0 1.2 1.4 1.4 1.2 1.2 1.2 1.2 2.0 1.2 1.4 1.2 1.2 1.0 1.0 1.4 2.0 1.2 1.2 x 1.0 1.0 x 1.2 2.0 1.0 1.2 2.0 1.2 1.2 1.2 x 1.2 x 2.0 1.0 1.0 1.0 1.0 1.2 1.4 1.0 1.2 
1.4 x 1.2 1.2 1.2 1.0 1.0 1.2 1.0 1.2 x 1.0 1.4 1.4 1.4 1.2 1.2 x 1.4 1.0 1.2 1.0 1.2 2.0 1.2 x 1.0 x x 1.2 1.2 1.2 1.0 1.0 1.4 2.0 2.0 2.0 x x 2.0 1.2 1.2 1.2 2.0 1.0 1.4 1.4 1.2 1.4 
x 2.0 1.0 2.0 1.2 1.0 1.0 1.0 1.0 1.0 2.0 1.4 1.2 2.0 1.0 1.2 x 1.0 x 1.2 1.4 1.4 1.4 x 1.4 1.0 1.0 x x 1.4 1.4 1.0 1.2 1.4 1.0 1.2 1.4 1.2 x 1.2 1.0 1.0 1.4 2.0 1.4 1.2 1.2 1.2 1.0 1.4 
1.2 1.4 1.2 2.0 1.4 1.0 1.2 1.0 1.4 x 2.0 1.4 1.4 2.0 1.0 1.2 1.4 1.2 x 1.4 1.2 2.0 2.0 1.0 2.0 1.0 x 1.2 1.4 x x 2.0 1.2 1.0 1.2 1.0 x 1.0 x 1.0 1.0 1.0 1.4 1.2 1.4 1.0 2.0 1.0 2.0 1.4 
2.0 x 1.0 1.4 1.4 1.0 1.2 1.0 1.2 2.0 1.2 1.2 1.2 1.4 1.0 1.4 2.0 1.4 1.2 1.4 1.0 1.2 1.4 2.0 x 1.2 1.2 1.2 1.4 x x 1.4 1.0 1.0 2.0 2.0 2.0 1.2 1.0 1.0 1.0 1.4 1.4 1.2 x 1.2 1.4 1.4 1.0 1.2 
2.0 1.4 x 1.0 1.0 1.2 2.0 2.0 2.0 1.0 x 2.0 1.0 1.0 1.4 1.4 2.0 x 1.4 1.0 1.0 2.0 2.0 1.2 1.2 x 2.0 1.2 1.0 2.0 1.4 x 1.4 2.0 1.2 1.2 1.0 1.0 1.2 1.4 x 2.0 1.4 x 1.2 1.4 x 1.4 1.4 1.2 
1.4 2.0 1.2 x 1.4 1.4 2.0 2.0 1.0 1.4 1.4 1.4 x x 1.0 x 1.4 1.2 x x 1.0 1.4 1.2 1.4 1.2 1.0 1.0 1.0 1.2 1.2 1.0 1.4 x 1.2 1.0 1.0 1.4 2.0 2.0 2.0 1.2 1.4 1.0 2.0 1.0 1.2 2.0 1.0 1.0 1.0 
1.2 1.2 1.4 1.0 1.0 1.2 1.4 1.2 1.2 x 1.0 x 1.4 2.0 x 1.2 1.2 2.0 1.2 x 1.0 1.0 1.4 1.2 2.0 1.2 1.2 1.0 1.4 1.0 1.0 2.0 1.2 x 1.0 x 1.4 2.0 2.0 1.0 1.0 1.2 1.4 1.4 x 1.0 2.0 1.2 1.0 1.4 
1.0 x 1.4 2.0 1.2 1.2 1.2 1.0 x x x 1.4 1.4 x 1.2 2.0 x 1.2 1.0 x 1.4 1.0 1.4 1.2 1.2 1.0 2.0 1.4 1.0 1.2 2.0 1.2 1.0 1.0 x 2.0 1.4 1.2 1.2 1.4 2.0 1.0 1.4 1.0 1.0 1.0 1.2 1.4 1.0 1.0 
2.0 1.0 1.2 1.2 1.4 2.0 1.4 1.4 1.2 1.4 1.0 1.2 1.0 1.4 1.2 1.2 1.4 1.2 x 1.0 1.4 1.0 x 1.0 1.4 1.0 1.2 2.0 1.2 1.0 2.0 1.2 1.0 x 2.0 x 1.0 1.0 1.4 1.0 1.4 2.0 1.2 2.0 2.0 1.0 1.0 1.4 1.4 1.0 
1.2 1.2 1.2 1.0 1.0 1.2 1.4 1.2 2.0 1.4 1.2 1.0 1.2 1.4 1.0 2.0 x 1.0 x 1.0 1.2 1.0 1.2 1.4 1.2 1.0 1.2 2.0 1.4 x 2.0 1.0 1.4 1.4 1.4 1.0 x x 1.0 1.2 2.0 2.0 1.4 1.2 1.4 2.0 2.0 1.2 1.4 1.4 
1.4 1.4 1.2 1.2 1.2 1.4 2.0 x x 2.0 1.0 1.0 1.2 1.2 1.4 2.0 1.0 1.0 1.0 2.0 1.4 1.2 1.2 1.4 1.0 1.2 1.2 2.0 1.2 1.0 1.2 1.0 2.0 2.0 1.2 1.0 x x 1.2 1.2 1.0 1.0 1.4 1.2 x 1.0 1.0 1.0 1.4 1.0 
1.2 1.2 1.0 1.4 2.0 1.4 1.2 1.4 1.0 1.4 x 1.0 2.0 1.0 1.0 1.2 1.2 1.0 2.0 1.2 1.0 1.2 1.4 1.2 x 1.2 x x x x 1.0 1.2 2.0 2.0 1.2 1.4 1.0 1.2 x 2.0 1.0 1.0 1.0 1.0 1.4 1.0 2.0 x 1.2 1.0 
1.0 1.0 1.4 1.4 1.4 1.0 1.4 1.2 1.0 1.2 1.0 x 1.2 x 1.2 1.2 1.4 1.2 1.4 1.2 1.2 2.0 1.4 1.0 1.4 1.2 1.2 x 1.2 1.0 1.0 1.4 2.0 1.0 1.4 1.0 1.2 1.2 2.0 x 1.2 1.4 2.0 1.2 2.0 x 1.0 1.4 1.4 1.0 
1.4 x 1.2 x 2.0 x 1.4 1.4 1.4 1.2 x 2.0 1.2 1.0 2.0 1.4 2.0 2.0 1.2 1.4 x 1.0 x 1.4 1.4 1.4 x 2.0 1.0 1.0 1.0 x 1.2 1.0 2.0 1.4 2.0 1.0 1.0 1.2 x 2.0 2.0 x 1.0 1.0 2.0 1.2 1.2 2.0 
1.0 1.0 1.0 1.0 1.4 1.2 1.2 1.2 1.2 2.0 1.0 2.0 1.2 1.2 2.0 1.0 1.0 1.2 1.0 2.0 1.2 2.0 1.0 2.0 x x 2.0 1.2 1.0 1.0 1.4 2.0 1.4 1.2 1.0 2.0 2.0 1.0 1.0 1.4 2.0 x x 1.0 1.4 1.4 1.2 1.4 1.2 1.0 
1.2 1.4 1.0 x 1.4 1.0 1.4 1.4 1.4 1.0 x 1.2 2.0 2.0 1.2 1.0 1.2 1.0 1.4 1.4 1.0 1.4 1.2 x 1.0 1.2 1.0 1.2 1.4 1.4 1.4 1.4 1.0 1.4 1.4 1.2 1.4 1.4 1.0 2.0 2.0 x x 1.2 1.2 2.0 1.2 1.0 1.2 1.4 
1.4 2.0 1.4 1.4 1.2 x 1.0 1.0 1.0 1.0 1.4 1.4 1.0 x 1.0 1.0 1.4 1.2 1.2 1.2 1.0 1.0 1.4 1.2 2.0 1.0 1.0 1.2 2.0 1.2 1.2 x 2.0 1.4 1.0 2.0 1.2 1.2 1.0 1.2 x 1.0 1.2 x 2.0 x 1.2 x 2.0 x 
1.0 1.4 x 1.0 x 1.0 1.0 1.2 2.0 2.0 1.0 2.0 1.2 1.4 2.0 1.0 2.0 1.2 1.0 1.0 1.2 1.2 2.0 1.2 x 1.4 1.0 2.0 1.4 1.4 x 1.2 1.0 x 1.0 2.0 1.4 x 1.4 2.0 1.0 1.4 1.2 2.0 x 1.0 1.4 1.2 1.2 2.0 
2.0 1.0 2.0 2.0 1.0 2.0 1.0 1.0 1.4 x 1.0 1.0 1.4 1.2 2.0 2.0 1.0 1.0 1.0 1.4 1.2 1.0 1.4 1.0 1.2 1.4 1.0 1.0 1.2 1.0 1.2 1.4 1.2 1.0 1.0 1.0 2.0 1.0 1.0 x 1.0 1.4 2.0 x 1.0 x 1.4 1.4 1.0 1.0 
2.0 1.0 1.0 1.4 1.2 1.2 2.0 1.4 x 1.4 1.0 1.2 x 1.4 1.0 1.4 1.2 1.4 1.0 2.0 1.0 1.2 1.0 1.2 2.0 1.0 1.2 1.4 1.2 2.0 1.4 x 2.0 2.0 1.2 1.0 2.0 1.0 2.0 1.0 2.0 1.2 1.2 1.2 1.4 1.4 x 2.0 1.4 1.0 
2.0 1.0 1.2 1.0 x x x 1.2 x 1.0 1.0 x 1.2 1.0 2.0 1.0 1.2 1.4 2.0 1.0 1.2 1.4 1.2 1.2 1.2 2.0 1.4 1.4 1.2 1.0 1.4 1.4 1.0 1.2 1.4 1.4 1.2 1.0 x 1.4 1.2 1.4 1.0 x 1.2 1.4 2.0 x 1.0 1.0 
1.2 1.0 1.2 2.0 1.4 1.0 2.0 1.0 1.0 1.2 1.4 1.2 1.0 2.0 1.2 1.0 1.4 1.0 1.4 1.0 1.0 2.0 2.0 1.0 1.4 1.0 1.0 1.2 1.0 2.0 1.0 1.4 1.0 1.0 1.0 1.4 1.4 1.4 1.2 1.4 1.2 1.2 1.2 2.0 1.2 1.0 1.4 1.0 x 1.2 
1.4 1.0 1.0 1.2 1.2 1.4 1.4 x 1.4 1.0 1.0 1.4 1.0 1.4 1.4 1.2 2.0 1.2 2.0 1.2 1.2 x 2.0 1.2 1.2 1.4 1.2 1.4 1.4 1.4 1.2 1.2 1.0 1.4 1.0 1.0 1.4 1.0 1.0 1.0 2.0 1.0 1.4 x 2.0 1.0 1.0 1.0 1.2 x 
