100
44
loc0 loc1 loc2 loc3 loc4 loc5 loc6 loc7 loc8 loc9 loc10 loc11 loc12 loc13 loc14 loc15 loc16 loc17 loc18 loc19 loc20 loc21 loc22 loc23 loc24 loc25 loc26 loc27 loc28 loc29 loc30 loc31 loc32 loc33 loc34 loc35 loc36 loc37 loc38 loc39 loc40 loc41 loc42 loc43 loc44 loc45 loc46 loc47 loc48 loc49 loc50 loc51 loc52 loc53 loc54 loc55 loc56 loc57 loc58 loc59 loc60 loc61 loc62 loc63 loc64 loc65 loc66 loc67 loc68 loc69 loc70 loc71 loc72 loc73 loc74 loc75 loc76 loc77 loc78 loc79 loc80 loc81 loc82 loc83 loc84 loc85 loc86 loc87 loc88 loc89 loc90 loc91 loc92 loc93 loc94 loc95 loc96 loc97 loc98 loc99 
loc22 loc94 loc77 loc97 loc24 loc64 loc63 loc33 loc27 loc42 loc6 loc53 loc58 loc68 loc7 loc31 loc18 loc86 loc16 loc37 loc28 loc90 loc85 loc75 loc67 loc3 loc80 loc65 loc72 loc73 loc54 loc17 loc46 loc10 loc36 loc8 loc30 loc51 loc34 loc48 loc13 loc5 loc96 loc62 
loc0
x 1.2 1.0 1.2 2.0 2.0 1.2 2.0 x 2.0 2.0 1.4 1.2 2.0 1.4 1.4 x 1.4 1.4 1.0 1.0 1.0 1.0 1.0 1.2 1.0 1.0 2.0 2.0 1.2 x 1.2 1.2 x 1.0 1.0 1.0 1.2 1.4 1.4 1.2 2.0 1.4 x 1.2 2.0 x 1.0 1.4 1.4 1.0 1.0 1.0 2.0 x 1.2 1.0 1.4 1.4 1.2 1.4 2.0 1.0 1.2 1.0 1.2 1.0 1.0 1.2 1.0 2.0 2.0 1.4 1.2 1.0 2.0 1.0 1.0 1.2 1.0 2.0 1.0 1.2 1.0 1.0 1.0 1.0 1.4 1.2 1.2 1.4 1.0 1.4 2.0 x 2.0 1.0 1.0 1.0 1.2 
1.2 x 1.0 2.0 1.2 1.4 1.2 1.0 1.0 x 1.0 1.4 1.0 1.4 1.0 1.2 1.4 2.0 1.4 1.0 1.4 x 1.4 1.0 1.0 1.4 x 1.2 1.2 1.0 1.4 1.0 1.2 1.2 1.4 x 1.2 2.0 1.2 x 1.2 1.4 1.0 1.0 1.2 1.4 1.2 x 1.2 1.0 1.4 1.0 2.0 1.0 1.0 x x 1.2 x 1.2 2.0 x x 1.4 1.2 2.0 1.0 2.0 1.2 2.0 1.2 1.4 1.4 1.2 1.0 1.4 1.4 1.4 2.0 2.0 1.4 1.0 2.0 1.0 1.0 1.0 1.2 1.4 1.0 1.0 1.2 1.0 2.0 x 2.0 2.0 1.0 1.0 1.2 x 
1.0 1.0 x 1.4 1.4 x 1.4 1.2 1.0 2.0 x 2.0 1.4 1.2 1.2 1.0 1.0 1.0 1.4 2.0 1.4 1.2 2.0 2.0 1.4 1.0 1.2 1.4 1.2 1.0 1.2 1.0 1.2 1.0 1.0 1.4 x 2.0 1.2 1.4 1.2 1.2 1.0 1.0 2.0 1.0 1.4 x 1.2 1.0 1.2 1.4 2.0 x 1.0 1.0 x 1.2 1.0 1.0 1.4 2.0 1.0 1.0 1.4 1.0 2.0 1.4 1.4 1.2 x 1.4 1.4 1.4 2.0 1.2 1.4 1.0 1.2 1.4 1.2 1.2 1.4 1.2 x 2.0 1.2 1.0 1.2 1.4 1.2 1.0 1.0 1.2 2.0 1.4 1.4 1.2 1.0 1.4 
1.2 2.0 1.4 x 1.2 2.0 1.4 1.2 2.0 1.2 1.2 1.0 1.0 1.0 1.0 1.0 1.2 1.2 1.0 1.2 1.2 1.2 1.2 1.2 1.0 1.0 1.2 1.2 2.0 2.0 1.0 1.4 1.0 1.4 1.2 1.2 1.0 x 1.2 1.4 1.0 1.2 1.0 1.4 1.2 2.0 1.2 2.0 2.0 1.2 1.2 1.2 1.0 1.2 1.0 1.2 1.2 1.0 2.0 1.0 1.2 1.2 1.0 1.0 2.0 1.0 1.2 2.0 1.4 1.4 2.0 1.4 1.0 1.0 x 1.2 x 1.4 x 1.0 1.0 1.4 x 1.4 x 1.2 1.4 1.2 1.0 x 2.0 1.2 1.2 1.0 2.0 1.0 1.2 1.0 1.2 1.0 
2.0 1.2 1.4 1.2 x 1.4 1.2 1.2 1.4 x 1.4 1.0 1.0 1.0 1.2 1.4 1.0 1.2 1.2 1.0 1.0 1.0 1.4 1.0 1.4 1.0 1.2 1.0 1.2 1.0 1.0 1.2 1.0 1.4 1.2 1.4 1.4 x 1.0 1.0 1.4 1.4 1.4 1.2 2.0 1.2 x 1.2 1.0 2.0 1.4 2.0 2.0 1.0 1.0 1.0 2.0 1.0 1.4 1.4 2.0 2.0 1.2 1.0 1.2 1.4 1.2 2.0 x 1.0 1.4 x 1.2 2.0 1.2 1.0 x 1.2 2.0 x 1.0 1.0 x 1.4 1.4 1.4 x 1.0 1.4 1.2 2.0 2.0 x 1.4 2.0 1.2 2.0 1.2 1.0 1.2 
2.0 1.4 x 2.0 1.4 x 1.0 1.0 1.4 1.0 1.4 1.0 1.2 1.0 1.2 1.2 1.0 1.0 1.2 1.4 1.2 1.0 1.0 1.2 1.2 x 1.2 2.0 x 1.4 1.4 1.2 2.0 1.2 1.0 1.4 2.0 1.0 2.0 2.0 1.0 1.4 x 1.0 1.2 1.0 1.0 1.4 1.4 1.0 1.4 1.2 2.0 1.2 1.4 1.2 1.4 1.4 2.0 1.0 2.0 1.0 1.0 1.2 1.4 1.0 1.2 2.0 2.0 1.0 1.2 2.0 1.2 2.0 1.4 1.4 1.4 1.0 2.0 2.0 1.2 1.2 x 1.0 1.0 1.2 1.2 x 1.4 1.0 1.2 1.4 2.0 x 1.2 1.2 1.0 1.2 1.0 x 
1.2 1.2 1.4 1.4 1.2 1.0 x 1.0 x 2.0 1.4 1.2 1.2 1.0 1.0 x 2.0 2.0 1.4 1.0 1.0 1.4 1.0 1.4 1.2 1.2 1.4 1.2 1.2 x 1.2 1.2 1.2 x 1.0 1.4 1.0 1.0 2.0 1.0 1.0 1.2 1.2 1.0 2.0 x 1.4 1.4 1.0 1.4 x 1.4 2.0 1.4 x 1.2 x 2.0 1.0 1.0 1.0 1.0 1.0 1.2 1.0 1.2 2.0 1.4 1.2 1.2 1.2 2.0 1.0 1.0 1.4 1.2 1.2 1.0 2.0 1.4 1.0 1.4 1.2 2.0 1.0 x 1.0 1.4 1.4 1.0 1.2 1.2 1.0 x x x 1.2 1.0 1.2 1.2 
2.0 1.0 1.2 1.2 1.2 1.0 1.0 x 1.0 1.2 1.0 1.2 1.0 1.4 x 2.0 1.2 1.2 x 1.2 1.2 x 1.0 1.4 1.4 1.0 2.0 1.0 1.4 2.0 1.4 1.0 x 1.4 1.0 1.2 1.4 1.0 1.0 1.2 1.0 1.2 1.2 1.2 1.4 2.0 2.0 2.0 1.4 2.0 2.0 2.0 1.0 1.0 1.2 x 1.4 x 2.0 x 1.2 1.2 1.0 1.2 1.2 1.4 x 1.0 1.2 1.0 1.2 1.0 2.0 x 1.0 2.0 1.0 1.4 2.0 1.0 x 1.2 2.0 1.2 x x x 1.0 1.0 1.0 1.4 1.4 2.0 1.0 2.0 2.0 1.2 1.2 1.0 2.0 
x 1.0 1.0 2.0 1.4 1.4 x 1.0 x 1.4 1.0 1.4 1.2 2.0 1.0 1.0 1.2 1.0 x x 1.2 1.0 x 1.4 1.4 1.2 1.2 2.0 1.2 1.0 x 1.0 1.0 1.0 2.0 1.0 1.4 x 1.4 x 2.0 1.0 x 1.0 x 1.0 1.0 2.0 2.0 1.0 1.2 1.0 1.2 1.2 1.0 1.0 1.2 1.2 2.0 1.0 2.0 1.0 1.0 x x 2.0 1.4 1.0 1.0 x 1.2 1.0 1.2 1.2 2.0 1.2 2.0 1.0 1.4 1.2 x x 1.0 1.0 x 2.0 1.0 1.4 1.2 1.4 1.4 1.0 2.0 2.0 2.0 1.0 1.0 1.2 2.0 1.2 
2.0 x 2.0 1.2 x 1.0 2.0 1.2 1.4 x 2.0 1.0 1.4 2.0 x 1.2 1.4 1.2 1.0 1.0 1.4 1.0 x 1.2 1.0 1.0 1.0 1.4 1.2 1.0 1.2 1.2 1.0 1.2 2.0 1.4 1.0 1.0 2.0 1.0 1.2 1.0 1.2 x 1.2 1.2 1.0 1.0 x 1.4 1.2 1.0 x 1.2 1.2 x 1.2 2.0 1.0 1.0 2.0 1.0 1.2 1.4 1.4 1.2 1.4 1.2 1.0 1.0 1.2 x 1.4 1.2 2.0 2.0 1.0 1.2 1.0 1.2 1.0 1.0 x 2.0 1.0 1.2 1.2 2.0 1.2 2.0 1.2 1.0 1.0 1.0 1.0 1.2 1.4 2.0 1.0 1.4 
2.0 1.0 x 1.2 1.4 1.4 1.4 1.0 1.0 2.0 x 1.4 2.0 2.0 2.0 x 2.0 2.0 1.2 1.2 1.0 2.0 1.0 1.2 1.0 1.2 1.0 1.2 1.2 1.4 x 1.0 2.0 1.0 1.2 x 2.0 x 1.2 1.4 1.0 1.2 1.0 1.2 1.0 1.0 1.2 x x 1.4 1.0 1.0 1.2 1.4 x 1.0 1.0 1.0 1.0 1.2 1.4 2.0 1.0 2.0 1.2 1.4 1.0 1.2 1.0 1.4 1.0 1.2 2.0 1.4 1.0 2.0 1.2 1.0 x 1.0 2.0 1.4 1.0 1.0 1.4 1.0 x 1.0 2.0 1.4 1.2 1.2 1.0 1.2 1.0 x 1.0 1.0 x 1.0 
1.4 1.4 2.0 1.0 1.0 1.0 1.2 1.2 1.4 1.0 1.4 x 1.4 x 1.0 1.4 1.2 1.0 1.0 x 1.2 1.4 2.0 1.0 2.0 1.2 1.4 1.4 1.0 1.2 1.0 2.0 1.2 1.2 x 1.0 1.0 x 2.0 1.2 1.0 1.4 1.0 1.2 1.4 2.0 1.4 1.4 1.2 1.4 1.4 1.4 1.4 1.0 1.4 1.0 1.4 1.4 1.0 2.0 1.0 1.4 1.2 1.4 x 2.0 1.0 x 2.0 1.0 1.2 1.0 1.0 1.0 1.2 1.4 1.2 2.0 x 1.0 1.4 1.2 1.0 x x 1.2 1.4 1.0 1.2 1.2 1.0 1.0 1.0 1.4 1.2 2.0 2.0 1.2 1.4 1.4 
1.2 1.0 1.4 1.0 1.0 1.2 1.2 1.0 1.2 1.4 2.0 1.4 x x 2.0 1.4 x 1.2 x 1.0 1.0 1.0 x 1.4 1.0 1.2 1.0 1.0 1.4 1.0 1.2 1.4 1.2 1.0 1.4 1.2 1.2 x 1.0 1.0 1.2 1.4 1.2 1.2 1.0 1.4 2.0 2.0 1.4 2.0 1.2 1.2 1.0 x 1.0 1.4 1.4 1.2 1.0 2.0 1.2 1.4 1.4 1.0 2.0 2.0 1.0 1.0 1.2 1.0 1.2 2.0 2.0 2.0 1.4 1.2 1.0 x 1.0 1.4 1.0 1.4 1.0 2.0 1.0 1.2 1.2 2.0 1.0 x 1.2 1.0 1.0 1.2 1.2 1.4 2.0 1.4 1.0 1.4 
2.0 1.4 1.2 1.0 1.0 1.0 1.0 1.4 2.0 2.0 2.0 x x x 2.0 1.0 1.0 2.0 1.2 1.4 2.0 2.0 1.0 1.4 x 1.0 1.0 1.4 1.0 1.4 1.0 1.4 x 1.0 2.0 1.4 x 1.2 2.0 1.0 1.0 x 1.0 1.0 1.0 2.0 1.0 1.0 1.4 1.2 1.2 1.4 2.0 2.0 1.0 1.4 2.0 1.2 1.2 1.0 x 1.2 1.0 1.0 1.2 1.2 1.4 1.4 1.0 x 1.2 1.0 x 1.0 x 1.4 1.4 1.4 1.2 1.4 1.2 1.2 1.0 1.0 1.0 1.4 1.0 1.0 2.0 1.0 1.2 1.4 1.4 1.2 x 1.0 1.0 1.2 1.0 1.4 
1.4 1.0 1.2 1.0 1.2 1.2 1.0 x 1.0 x 2.0 1.0 2.0 2.0 x 1.0 x 1.2 1.2 1.4 1.2 1.0 1.4 x 1.4 1.2 1.2 1.4 1.2 1.4 1.0 1.0 1.0 1.4 1.4 2.0 1.2 1.2 2.0 1.2 1.2 1.2 2.0 1.0 1.4 1.4 1.0 1.4 1.0 1.0 1.2 1.0 1.4 1.0 1.0 1.4 2.0 1.2 1.4 x x 1.2 1.0 1.0 1.2 1.2 1.0 1.4 2.0 1.4 1.0 1.0 2.0 1.2 2.0 2.0 1.0 x 1.4 1.0 1.0 1.2 1.2 1.0 1.4 1.4 1.0 1.2 1.2 1.0 1.4 2.0 1.2 x x x 1.0 2.0 1.0 1.2 
1.4 1.2 1.0 1.0 1.4 1.2 x 2.0 1.0 1.2 x 1.4 1.4 1.0 1.0 x x 1.0 1.2 1.2 1.0 x 1.0 1.0 1.2 1.0 x 1.0 1.2 1.0 1.0 1.2 1.0 1.0 1.0 1.2 1.4 1.2 1.0 1.2 1.4 1.4 x 1.0 x 1.2 2.0 1.0 1.2 1.4 1.4 1.2 1.4 1.0 1.0 1.4 1.4 1.0 1.4 1.0 2.0 1.4 x 1.2 1.2 1.2 1.2 1.2 1.4 1.0 2.0 1.2 1.2 1.0 1.0 1.2 1.0 1.2 1.2 1.4 1.2 1.0 x 2.0 x 1.2 x 2.0 1.0 2.0 1.0 1.4 1.2 1.0 2.0 1.0 1.0 1.2 1.0 1.0 
x 1.4 1.0 1.2 1.0 1.0 2.0 1.2 1.2 1.4 2.0 1.2 x 1.0 x x x 1.0 1.0 2.0 1.0 1.2 x 1.2 1.4 2.0 2.0 1.4 2.0 1.0 x 1.4 1.4 1.2 1.4 1.2 2.0 1.4 x 1.0 2.0 x x 1.4 1.2 1.4 x 1.4 1.2 1.0 1.0 2.0 1.0 1.0 1.0 1.2 1.2 2.0 1.2 1.2 1.0 1.2 1.0 2.0 1.2 1.4 2.0 x 1.0 1.0 2.0 1.2 x 2.0 2.0 1.4 1.0 2.0 x x 1.0 1.2 1.0 1.4 1.0 2.0 2.0 1.2 1.4 x 2.0 1.0 1.4 x 1.0 1.4 1.2 1.4 1.2 1.4 
1.4 2.0 1.0 1.2 1.2 1.0 2.0 1.2 1.0 1.2 2.0 1.0 1.2 2.0 1.2 1.0 1.0 x 1.0 1.4 1.2 1.2 1.0 2.0 1.0 1.0 1.4 2.0 1.0 2.0 x 1.4 1.4 1.0 x 1.0 1.0 x 1.0 1.2 x 1.0 1.0 1.4 1.0 1.4 2.0 1.4 1.4 1.0 1.4 1.4 x 1.4 2.0 1.2 2.0 2.0 1.0 x 1.2 1.2 1.4 1.0 1.0 1.2 1.0 1.0 1.2 1.2 1.4 1.2 1.4 1.2 2.0 x 2.0 1.2 1.2 1.2 x 1.0 1.2 1.0 x 1.2 1.4 2.0 1.0 2.0 x 1.2 1.0 1.0 1.2 1.4 1.2 2.0 1.0 1.2 
1.4 1.4 1.4 1.0 1.2 1.2 1.4 x x 1.0 1.2 1.0 x 1.2 1.2 1.2 1.0 1.0 x 1.0 1.0 1.0 2.0 1.0 1.4 1.2 1.0 1.2 1.0 1.0 1.2 1.0 1.2 1.0 1.0 1.4 1.4 1.0 x 1.0 x 1.0 1.4 1.0 1.2 x x 2.0 1.2 1.0 x 1.2 1.0 1.4 x 1.0 1.4 1.2 2.0 1.2 1.0 2.0 x 1.2 1.0 1.2 1.4 2.0 1.2 1.0 1.0 2.0 2.0 1.4 x 1.4 1.0 1.2 1.2 1.0 1.0 1.0 1.0 1.0 1.0 1.4 1.0 1.0 1.2 2.0 1.0 1.0 x 2.0 1.0 1.4 1.0 2.0 1.0 1.4 
1.0 1.0 2.0 1.2 1.0 1.4 1.0 1.2 x 1.0 1.2 x 1.0 1.4 1.4 1.2 2.0 1.4 1.0 x 1.0 1.4 1.2 1.0 1.2 2.0 x 1.0 1.0 1.2 2.0 2.0 2.0 x 1.0 2.0 1.0 1.2 1.2 1.2 1.0 2.0 1.0 1.0 1.2 1.4 1.0 1.0 2.0 1.0 1.4 2.0 1.2 1.4 1.2 1.2 1.2 1.2 1.0 1.0 x 1.4 1.0 1.2 1.0 1.2 1.4 1.0 1.2 2.0 1.2 1.0 1.0 1.2 1.0 2.0 1.0 1.4 1.0 2.0 1.0 1.2 1.0 1.4 1.0 1.0 1.4 1.0 1.4 1.0 1.2 2.0 x 1.4 1.0 1.4 1.0 x 1.2 2.0 
1.0 1.4 1.4 1.2 1.0 1.2 1.0 1.2 1.2 1.4 1.0 1.2 1.0 2.0 1.2 1.0 1.0 1.2 1.0 1.0 x 1.2 1.0 1.0 1.2 1.4 1.4 1.2 1.0 x 1.0 1.0 2.0 1.4 1.4 2.0 1.2 1.4 2.0 x 1.2 x 2.0 1.4 2.0 1.4 1.4 2.0 1.2 1.2 1.2 1.0 1.0 2.0 1.0 1.4 1.4 1.4 1.2 1.2 1.2 x 1.0 1.0 1.2 1.2 2.0 1.4 2.0 1.0 1.0 1.0 1.0 2.0 1.0 1.0 1.0 1.2 1.4 1.2 2.0 1.0 x 1.2 1.4 1.2 1.4 1.0 1.4 1.2 1.0 1.2 1.0 1.4 1.0 1.2 1.2 x 1.2 2.0 
1.0 x 1.2 1.2 1.0 1.0 1.4 x 1.0 1.0 2.0 1.4 1.0 2.0 1.0 x 1.2 1.2 1.0 1.4 1.2 x 2.0 1.0 2.0 1.0 1.0 1.2 1.4 1.2 1.0 1.0 1.4 1.2 1.0 1.4 1.2 2.0 1.0 1.0 1.0 1.2 x 1.0 1.2 1.0 1.2 1.2 1.2 1.0 2.0 1.2 1.2 1.0 1.2 1.0 1.4 1.0 1.2 1.2 1.2 1.0 1.0 1.0 1.2 1.0 1.4 2.0 2.0 2.0 1.0 1.2 2.0 1.2 1.2 1.0 1.2 1.0 1.2 x 1.2 2.0 1.0 2.0 1.4 1.0 1.4 1.4 1.0 1.4 x 2.0 2.0 1.0 1.0 1.2 1.2 2.0 1.0 1.0 
1.0 1.4 2.0 1.2 1.4 1.0 1.0 1.0 x x 1.0 2.0 x 1.0 1.4 1.0 x 1.0 2.0 1.2 1.0 2.0 x 1.0 1.4 2.0 1.4 2.0 1.2 1.0 1.2 1.2 1.4 1.0 1.4 1.4 1.2 2.0 2.0 1.4 1.2 x 1.4 1.4 2.0 1.2 1.0 x 1.4 2.0 x 1.4 x 2.0 2.0 1.0 x 2.0 1.4 1.4 2.0 1.0 x x 1.0 1.0 1.0 1.2 1.4 1.0 1.2 x 1.0 1.0 1.2 x 1.0 1.4 1.4 2.0 2.0 1.0 1.4 2.0 1.0 1.2 1.0 1.2 1.2 1.0 1.4 1.2 x x 2.0 1.0 1.0 1.4 1.4 x 
1.0 1.0 2.0 1.2 1.0 1.2 1.4 1.4 1.4 1.2 1.2 1.0 1.4 1.4 x 1.0 1.2 2.0 1.0 1.0 1.0 1.0 1.0 x 1.4 1.0 1.0 1.0 1.0 1.4 1.0 1.0 1.0 1.0 1.4 2.0 2.0 1.2 x x 1.0 1.0 1.0 1.0 1.0 1.4 1.2 x 1.0 1.4 1.0 1.2 1.4 2.0 1.2 x 1.2 1.4 1.4 x 1.4 1.0 2.0 1.4 1.2 1.0 1.0 1.0 1.4 1.2 1.2 1.0 1.0 1.2 1.0 x 1.0 1.2 2.0 x 1.4 1.0 1.0 1.0 2.0 1.0 1.2 1.4 1.2 1.0 2.0 1.0 2.0 1.2 1.4 1.4 1.2 1.2 1.2 1.0 
1.2 1.0 1.4 1.0 1.4 1.2 1.2 1.4 1.4 1.0 1.0 2.0 1.0 x 1.4 1.2 1.4 1.0 1.4 1.2 1.2 2.0 1.4 1.4 x 2.0 1.4 1.4 1.0 1.4 x 1.0 1.2 2.0 1.0 1.0 2.0 1.4 1.0 x 1.2 1.4 x x 1.2 2.0 1.4 2.0 1.4 2.0 1.0 1.0 1.2 1.0 1.4 2.0 1.2 1.2 1.2 2.0 x 2.0 2.0 x 2.0 1.4 x 1.4 1.2 1.4 1.4 x 1.2 1.2 1.0 1.0 1.2 1.4 1.0 1.4 x 1.2 1.4 1.0 2.0 1.2 1.0 1.0 x 1.2 1.2 1.0 1.4 1.2 1.0 2.0 1.4 1.4 1.2 1.2 
1.0 1.4 1.0 1.0 1.0 x 1.2 1.0 1.2 1.0 1.2 1.2 1.2 1.0 1.2 1.0 2.0 1.0 1.2 2.0 1.4 1.0 2.0 1.0 2.0 x 1.4 1.0 2.0 1.2 1.4 1.0 1.0 x 1.0 1.2 1.4 1.2 1.0 1.4 1.2 1.4 1.2 1.0 1.2 1.0 1.4 1.0 1.2 x 1.2 1.0 1.0 1.0 1.2 1.0 1.2 1.4 1.2 1.0 2.0 1.0 1.0 x 2.0 1.0 1.2 x 1.0 1.4 1.2 1.2 1.2 1.2 1.2 1.2 1.4 1.2 1.4 x 1.2 2.0 1.0 2.0 1.2 2.0 x 1.4 1.0 1.0 x 2.0 1.4 x 1.0 1.2 1.0 x 2.0 1.2 
1.0 x 1.2 1.2 1.2 1.2 1.4 2.0 1.2 1.0 1.0 1.4 1.0 1.0 1.2 x 2.0 1.4 1.0 x 1.4 1.0 1.4 1.0 1.4 1.4 x 1.4 1.2 1.0 1.2 1.0 1.2 1.2 1.0 1.0 1.0 1.4 1.2 1.4 1.0 1.2 1.0 1.4 1.2 1.0 1.0 1.0 1.4 1.2 1.4 2.0 x 1.0 1.0 1.0 1.4 1.2 1.4 1.2 1.2 1.2 1.2 1.0 2.0 1.0 1.4 x 1.4 1.0 2.0 2.0 1.2 1.2 2.0 1.0 2.0 1.4 1.4 1.4 1.4 2.0 1.2 1.2 1.0 1.0 1.0 2.0 1.2 1.4 1.2 1.0 1.2 1.0 2.0 1.2 1.2 1.2 2.0 1.2 
2.0 1.2 1.4 1.2 1.0 2.0 1.2 1.0 2.0 1.4 1.2 1.4 1.0 1.4 1.4 1.0 1.4 2.0 1.2 1.0 1.2 1.2 2.0 1.0 1.4 1.0 1.4 x 2.0 2.0 1.0 2.0 1.2 x 1.0 1.4 x 2.0 1.0 x 1.4 1.4 1.2 1.4 1.2 x 1.0 1.0 x x 1.0 2.0 1.0 2.0 1.0 1.0 1.4 1.0 1.2 1.2 1.2 1.0 2.0 1.2 2.0 2.0 1.0 1.2 1.4 1.0 1.2 1.4 1.2 1.4 1.0 1.4 1.0 1.2 1.2 1.2 1.0 1.4 1.4 2.0 x 1.0 x x 2.0 x 1.4 1.0 1.2 1.4 x x 2.0 1.2 1.4 1.2 
2.0 1.2 1.2 2.0 1.2 x 1.2 1.4 1.2 1.2 1.2 1.0 1.4 1.0 1.2 1.2 2.0 1.0 1.0 1.0 1.0 1.4 1.2 1.0 1.0 2.0 1.2 2.0 x 1.0 x 1.2 1.2 1.0 x 1.2 1.4 1.2 2.0 1.4 1.2 1.4 1.0 1.0 1.2 1.0 1.0 1.0 1.0 2.0 1.2 1.2 1.0 1.4 1.4 1.0 1.0 1.0 1.2 1.2 x 1.0 1.4 1.0 1.0 1.0 2.0 2.0 1.0 1.4 1.2 1.2 x 2.0 x 2.0 1.4 1.2 1.0 1.2 2.0 1.0 1.2 1.2 1.4 x 1.0 x 1.2 x 2.0 1.2 2.0 x 1.0 1.4 1.2 1.0 x 1.0 
1.2 1.0 1.0 2.0 1.0 1.4 x 2.0 1.0 1.0 1.4 1.2 1.0 1.4 1.4 1.0 1.0 2.0 1.0 1.2 x 1.2 1.0 1.4 1.4 1.2 1.0 2.0 1.0 x 2.0 1.4 1.0 1.0 1.2 1.0 1.2 1.4 1.2 1.2 1.2 2.0 1.0 1.0 1.2 1.0 1.2 1.4 2.0 1.0 1.0 2.0 2.0 1.4 1.2 1.0 1.4 1.2 1.0 x 1.4 1.2 1.0 2.0 1.4 2.0 1.0 1.0 2.0 1.4 1.0 1.4 x 1.0 1.2 1.2 1.4 1.0 x 1.4 1.0 x 1.4 x 2.0 1.0 1.0 2.0 1.0 x 1.0 1.0 1.2 1.2 2.0 1.0 1.0 1.4 1.4 1.2 
x 1.4 1.2 1.0 1.0 1.4 1.2 1.4 x 1.2 x 1.0 1.2 1.0 1.0 1.0 x x 1.2 2.0 1.0 1.0 1.2 1.0 x 1.4 1.2 1.0 x 2.0 x 1.0 1.4 2.0 1.0 1.0 1.0 1.0 1.2 1.4 1.4 2.0 1.2 1.0 1.4 1.0 1.4 1.2 x 1.4 2.0 1.4 x 2.0 1.0 2.0 2.0 1.4 1.0 x 1.4 1.2 2.0 2.0 1.4 2.0 2.0 x 1.2 1.0 1.2 1.4 1.4 x 1.4 1.4 1.2 1.2 2.0 1.4 x x 1.0 2.0 x 1.0 1.0 1.4 1.0 2.0 1.4 1.0 1.0 2.0 1.4 1.0 1.4 2.0 1.2 1.2 
1.2 1.0 1.0 1.4 1.2 1.2 1.2 1.0 1.0 1.2 1.0 2.0 1.4 1.4 1.0 1.2 1.4 1.4 1.0 2.0 1.0 1.0 1.2 1.0 1.0 1.0 1.0 2.0 1.2 1.4 1.0 x 1.0 x x 1.2 1.2 1.4 2.0 1.0 2.0 1.0 2.0 x x 1.2 1.4 1.2 1.0 x 1.0 1.4 1.4 1.0 1.2 1.0 x 1.0 1.2 1.2 1.2 1.0 1.2 1.2 1.2 1.4 1.4 2.0 1.2 1.2 x 1.0 1.2 x 1.2 1.2 1.0 2.0 1.4 1.4 x 1.0 1.2 x 2.0 1.2 1.0 2.0 1.4 1.0 1.0 1.4 1.2 1.4 1.2 1.2 1.4 x 1.0 x 
1.2 1.2 1.2 1.0 1.0 2.0 1.2 x 1.0 1.0 2.0 1.2 1.2 x 1.0 1.0 1.4 1.4 1.2 2.0 2.0 1.4 1.4 1.0 1.2 1.0 1.2 1.2 1.2 1.0 1.4 1.0 x 1.4 1.4 1.0 x 2.0 1.2 1.2 x 1.2 2.0 x 1.2 2.0 1.2 x x 1.4 x 1.2 2.0 1.2 1.4 x 1.2 x x 2.0 1.2 1.0 1.2 1.2 x 1.4 2.0 1.4 1.0 1.2 x 1.0 1.2 1.4 1.4 1.0 1.4 2.0 1.0 1.2 x 1.2 1.4 2.0 1.2 1.2 1.0 1.2 1.0 1.4 1.0 1.2 1.2 1.0 2.0 2.0 1.0 2.0 1.4 1.2 
x 1.2 1.0 1.4 1.4 1.2 x 1.4 1.0 1.2 1.0 1.2 1.0 1.0 1.4 1.0 1.2 1.0 1.0 x 1.4 1.2 1.0 1.0 2.0 x 1.2 x 1.0 1.0 2.0 x 1.4 x x 1.2 x x 1.2 1.0 1.2 1.0 1.0 1.2 1.2 x 1.4 1.0 1.0 2.0 1.2 1.4 1.2 1.4 1.2 2.0 1.4 1.0 1.2 1.0 2.0 1.0 1.4 2.0 1.2 1.0 1.0 1.2 2.0 1.4 1.2 1.2 2.0 1.4 1.4 1.4 1.2 1.2 1.0 1.0 1.0 1.0 1.0 1.2 1.2 1.0 2.0 1.0 1.4 2.0 2.0 1.2 1.0 1.4 1.0 1.2 1.0 1.2 1.2 1.0 
1.0 1.4 1.0 1.2 1.2 1.0 1.0 1.0 2.0 2.0 1.2 x 1.4 2.0 1.4 1.0 1.4 x 1.0 1.0 1.4 1.0 1.4 1.4 1.0 1.0 1.0 1.0 x 1.2 1.0 x 1.4 x x x 2.0 2.0 1.2 1.2 1.0 2.0 1.0 1.2 x 1.2 1.0 x x 1.2 2.0 2.0 2.0 1.0 1.2 1.2 1.2 1.0 1.2 1.0 1.0 2.0 1.4 1.0 1.2 1.0 1.4 1.4 2.0 1.2 1.4 1.4 1.2 1.2 1.0 1.4 2.0 1.0 1.2 1.0 1.4 1.0 1.2 1.0 1.4 1.0 1.2 2.0 x 1.4 1.4 1.0 1.2 1.4 1.2 x 2.0 1.0 1.2 1.4 
1.0 x 1.4 1.2 1.4 1.4 1.4 1.2 1.0 1.4 x 1.0 1.2 1.4 2.0 1.2 1.2 1.0 1.4 2.0 2.0 1.4 1.4 2.0 1.0 1.2 1.0 1.4 1.2 1.0 1.0 1.2 1.0 1.2 x x 2.0 1.0 1.0 x 1.2 2.0 1.4 1.2 1.0 1.2 x 1.2 1.4 1.0 1.2 1.4 x 1.2 2.0 1.4 1.2 x 1.0 1.0 1.4 1.0 1.2 1.0 1.2 1.0 x 1.0 2.0 1.2 1.2 1.4 1.4 1.0 2.0 x 1.0 x 1.0 1.4 1.4 1.0 1.0 1.2 1.2 1.0 1.4 1.0 2.0 2.0 1.2 1.2 2.0 1.4 1.4 1.4 1.0 2.0 1.2 1.0 
1.0 1.2 x 1.0 1.4 2.0 1.0 1.4 1.4 1.0 2.0 1.0 1.2 x 1.2 1.4 2.0 1.0 1.4 1.0 1.2 1.2 1.2 2.0 2.0 1.4 1.0 x 1.4 1.2 1.0 1.2 x x 2.0 2.0 x 1.2 1.2 x 1.2 1.4 1.4 2.0 1.2 1.2 1.4 1.4 1.2 1.0 1.2 x 1.0 1.4 x 2.0 1.0 1.0 2.0 1.4 2.0 1.4 1.4 x 2.0 1.4 1.0 1.4 1.0 1.0 1.2 1.0 2.0 1.4 1.2 1.4 2.0 1.2 2.0 1.2 1.0 1.4 1.0 1.0 x 1.0 1.4 2.0 1.0 1.0 1.4 1.0 1.2 1.0 2.0 1.4 1.2 2.0 1.0 1.2 
1.2 2.0 2.0 x x 1.0 1.0 1.0 x 1.0 x x x 1.2 1.2 1.2 1.4 x 1.0 1.2 1.4 2.0 2.0 1.2 1.4 1.2 1.4 2.0 1.2 1.4 1.0 1.4 2.0 x 2.0 1.0 1.2 x 1.2 2.0 1.0 1.0 1.0 1.2 1.2 1.0 1.0 1.2 1.2 1.2 1.2 1.4 2.0 2.0 1.0 1.0 2.0 1.2 1.4 1.0 1.0 2.0 1.0 1.4 1.2 1.4 1.2 1.4 1.4 2.0 1.4 1.0 1.0 1.4 1.2 1.4 1.0 2.0 1.0 1.2 1.2 1.0 1.2 1.0 1.2 1.2 2.0 1.4 1.0 1.0 2.0 1.0 1.0 1.2 1.2 x 1.0 1.2 1.0 1.2 
1.4 1.2 1.2 1.2 1.0 2.0 2.0 1.0 1.4 2.0 1.2 2.0 1.0 2.0 2.0 1.0 x 1.0 x 1.2 2.0 1.0 2.0 x 1.0 1.0 1.2 1.0 2.0 1.2 1.2 2.0 1.2 1.2 1.2 1.0 1.2 1.2 x 1.2 1.0 x 1.0 1.4 1.2 1.2 1.2 1.2 2.0 1.0 x 2.0 1.2 1.4 1.2 1.4 1.0 x 1.4 1.2 1.4 1.0 1.0 1.4 1.0 1.2 1.4 1.0 1.0 1.0 1.0 x 2.0 1.2 1.4 1.2 1.4 x 2.0 1.0 1.2 1.4 2.0 1.0 1.2 1.4 1.4 2.0 1.2 x 1.2 1.0 1.4 1.0 x 1.0 1.2 1.2 1.4 1.2 
1.4 x 1.4 1.4 1.0 2.0 1.0 1.2 x 1.0 1.4 1.2 1.0 1.0 1.2 1.2 1.0 1.2 1.0 1.2 x 1.0 1.4 x x 1.4 1.4 x 1.4 1.2 1.4 1.0 1.2 1.0 1.2 x x 2.0 1.2 x 1.4 1.2 1.4 2.0 2.0 1.0 1.2 1.4 2.0 2.0 1.4 1.2 1.2 2.0 1.2 1.0 1.4 2.0 x 1.4 1.0 1.4 1.2 1.4 x 1.2 1.2 x 1.2 1.2 2.0 1.2 1.2 1.2 2.0 1.2 1.4 1.0 1.0 x 2.0 x x 2.0 1.4 1.4 2.0 1.4 1.0 1.0 1.2 1.4 1.0 x 1.4 1.2 1.2 1.0 1.2 1.2 
1.2 1.2 1.2 1.0 1.4 1.0 1.0 1.0 2.0 1.2 1.0 1.0 1.2 1.0 1.2 1.4 2.0 x x 1.0 1.2 1.0 1.2 1.0 1.2 1.2 1.0 1.4 1.2 1.2 1.4 2.0 x 1.2 1.0 1.2 1.2 1.0 1.0 1.4 x 1.0 1.4 2.0 1.2 2.0 1.0 1.0 x 1.2 1.4 1.4 x 1.0 x 1.2 1.2 2.0 1.4 1.0 1.2 1.2 x 1.0 2.0 2.0 x 2.0 1.4 1.0 1.0 1.4 1.0 2.0 x 2.0 1.2 1.4 1.4 2.0 1.0 1.4 1.2 1.2 1.0 1.4 1.4 1.2 2.0 1.2 2.0 2.0 1.0 1.0 1.4 1.0 1.4 1.2 1.2 1.2 
2.0 1.4 1.2 1.2 1.4 1.4 1.2 1.2 1.0 1.0 1.2 1.4 1.4 x 1.2 1.4 x 1.0 1.0 2.0 x 1.2 x 1.0 1.4 1.4 1.2 1.4 1.4 2.0 2.0 1.0 1.2 1.0 2.0 2.0 1.4 1.0 x 1.2 1.0 x 1.2 2.0 1.0 x x 1.0 1.2 1.2 1.0 2.0 2.0 1.0 1.2 1.0 1.2 1.0 1.2 1.2 2.0 1.2 1.4 2.0 1.2 x 2.0 2.0 2.0 2.0 x 2.0 1.2 2.0 1.0 1.0 1.0 1.0 1.4 1.4 1.0 1.0 1.0 1.2 2.0 1.0 x 1.4 1.4 1.0 1.4 1.0 2.0 1.2 1.4 2.0 1.2 1.0 1.0 1.2 
1.4 1.0 1.0 1.0 1.4 x 1.2 1.2 x 1.2 1.0 1.0 1.2 1.0 2.0 x x 1.0 1.4 1.0 2.0 x 1.4 1.0 x 1.2 1.0 1.2 1.0 1.0 1.2 2.0 2.0 1.0 1.0 1.4 1.4 1.0 1.0 1.4 1.4 1.2 x 1.4 2.0 1.0 1.4 2.0 1.0 x x 1.4 1.4 2.0 1.4 2.0 2.0 x 1.2 1.4 2.0 x x 1.4 x 1.0 1.2 1.0 2.0 2.0 1.4 1.0 1.2 x 1.2 x 1.4 1.4 2.0 x 1.2 x 2.0 1.0 1.0 1.2 2.0 1.2 x 1.0 1.4 1.0 x 1.2 1.0 1.0 1.4 1.0 2.0 1.0 
x 1.0 1.0 1.4 1.2 1.0 1.0 1.2 1.0 x 1.2 1.2 1.2 1.0 1.0 1.0 1.4 1.4 1.0 1.0 1.4 1.0 1.4 1.0 x 1.0 1.4 1.4 1.0 1.0 1.0 x x 1.2 1.2 1.2 2.0 1.2 1.4 2.0 2.0 2.0 1.4 x 1.2 1.0 2.0 1.4 1.4 1.2 1.2 x 1.0 2.0 1.0 1.4 1.2 1.2 1.0 1.4 1.0 1.4 1.0 x 1.0 1.4 2.0 1.2 1.0 1.2 1.0 1.2 x 1.4 2.0 1.4 1.0 2.0 1.4 1.4 1.0 x 1.4 x 1.4 2.0 1.0 x 2.0 1.2 1.0 1.0 1.0 1.4 x 2.0 2.0 1.0 1.2 2.0 
1.2 1.2 2.0 1.2 2.0 1.2 2.0 1.4 x 1.2 1.0 1.4 1.0 1.0 1.4 x 1.2 1.0 1.2 1.2 2.0 1.2 2.0 1.0 1.2 1.2 1.2 1.2 1.2 1.2 1.4 x 1.2 1.2 x 1.0 1.2 1.2 1.2 2.0 1.2 1.0 2.0 1.2 x 1.2 1.2 2.0 1.4 1.0 2.0 1.4 1.4 1.4 2.0 1.2 1.2 1.4 1.2 1.0 2.0 2.0 1.0 1.2 1.0 1.0 1.2 2.0 2.0 1.0 1.0 x 2.0 1.2 1.2 1.4 x 1.4 1.0 1.2 1.4 1.4 x 1.4 2.0 1.2 1.4 1.2 1.2 2.0 x 1.0 1.0 1.4 1.2 1.2 1.4 1.2 1.2 2.0 
2.0 1.4 1.0 2.0 1.2 1.0 x 2.0 1.0 1.2 1.0 2.0 1.4 2.0 1.4 1.2 1.4 1.4 x 1.4 1.4 1.0 1.2 1.4 2.0 1.0 1.0 x 1.0 1.0 1.0 1.2 2.0 x 1.2 1.2 1.2 1.0 1.2 1.0 2.0 x 1.0 1.0 1.2 x 1.0 1.4 1.0 1.0 1.4 1.0 2.0 1.0 1.4 1.0 1.4 1.0 1.4 2.0 x 1.2 1.4 1.0 1.0 1.4 1.2 1.4 2.0 1.2 1.2 2.0 2.0 1.2 1.4 1.2 1.2 1.2 1.0 1.2 1.0 1.4 1.4 1.2 1.0 1.2 1.4 1.2 1.0 2.0 1.4 1.2 1.0 1.0 1.4 1.0 2.0 1.4 2.0 1.4 
x 1.2 1.4 1.2 x 1.0 1.4 2.0 1.0 1.0 1.2 1.4 2.0 1.0 1.0 2.0 x 2.0 x 1.0 1.4 1.2 1.0 1.2 1.4 1.4 1.0 1.0 1.0 1.2 1.4 1.4 1.2 1.4 1.0 x 1.4 1.0 1.2 1.2 1.0 x 1.4 2.0 1.2 1.0 x 1.0 1.4 2.0 1.2 1.2 1.4 1.2 1.4 2.0 1.4 1.4 1.2 1.2 1.0 2.0 1.2 1.2 1.2 1.2 2.0 x 1.2 1.0 2.0 1.2 1.2 1.0 1.0 1.0 2.0 1.0 1.0 1.2 x 1.2 1.2 1.4 1.4 1.0 2.0 1.0 1.0 1.4 1.0 1.4 x x 2.0 2.0 1.0 2.0 1.2 1.0 
1.0 x x 2.0 1.2 1.4 1.4 2.0 2.0 1.0 x 1.4 2.0 1.0 1.4 1.0 1.4 1.4 2.0 1.0 2.0 1.2 x x 2.0 1.0 1.0 1.0 1.0 1.4 1.2 1.2 x 1.0 x 1.2 1.4 1.2 1.2 1.4 1.0 1.0 2.0 1.4 2.0 1.4 1.0 x 1.2 1.2 x 2.0 1.0 2.0 1.0 2.0 1.4 1.0 1.2 2.0 x 1.0 1.4 1.2 2.0 1.4 1.0 x 1.4 1.2 1.2 1.2 1.2 1.4 1.2 1.4 1.2 1.0 1.0 2.0 2.0 1.2 2.0 1.0 1.0 x 1.0 1.2 1.4 1.2 1.4 1.0 x 1.0 2.0 1.2 1.4 x 1.0 1.0 
1.4 1.2 1.2 2.0 1.0 1.4 1.0 1.4 2.0 x x 1.2 1.4 1.4 1.0 1.2 1.2 1.4 1.2 2.0 1.2 1.2 1.4 1.0 1.4 1.2 1.4 x 1.0 2.0 x 1.0 x 1.0 x 1.4 1.2 1.2 2.0 2.0 x 1.2 1.0 1.4 1.4 1.0 1.4 1.2 x 1.2 1.4 2.0 1.0 x 1.2 1.2 1.4 2.0 x 1.4 1.0 1.4 1.4 1.0 1.0 2.0 1.2 1.0 2.0 x 1.4 1.4 1.2 1.4 1.4 1.4 1.0 1.0 x 1.0 1.4 1.4 1.0 1.0 1.0 1.4 1.2 1.2 2.0 1.0 2.0 1.0 1.4 1.0 1.4 1.0 1.2 1.0 1.0 1.2 
1.4 1.0 1.0 1.2 2.0 1.0 1.4 2.0 1.0 1.4 1.4 1.4 2.0 1.2 1.0 1.4 1.0 1.0 1.0 1.0 1.2 1.0 2.0 1.4 2.0 x 1.2 x 2.0 1.0 1.4 x 1.4 2.0 1.2 1.0 1.0 1.2 1.0 2.0 1.2 1.2 x 1.2 1.0 1.0 2.0 1.2 1.2 x 1.2 1.2 1.2 x x 1.4 1.0 1.0 2.0 1.0 1.0 1.2 1.0 1.2 x 1.4 1.2 x 1.2 2.0 1.2 2.0 2.0 1.2 1.0 2.0 1.0 1.2 1.0 1.2 1.0 1.4 2.0 1.0 1.2 x 2.0 1.0 1.0 2.0 1.0 1.2 1.4 2.0 1.2 1.0 1.0 2.0 1.0 1.0 
1.0 1.4 1.2 1.2 1.4 1.4 x 2.0 1.2 1.2 1.0 1.4 1.2 1.2 1.2 1.4 1.0 1.4 x 1.4 1.2 2.0 x 1.0 1.0 1.2 1.4 1.0 1.2 1.0 2.0 1.0 x 1.2 2.0 1.2 1.2 1.2 x 1.4 1.4 1.0 x 1.2 2.0 1.4 1.2 x 1.4 1.2 x 1.4 1.4 1.0 1.4 1.0 2.0 1.4 2.0 2.0 2.0 1.4 2.0 x 1.2 1.2 1.0 1.2 1.4 1.0 1.2 1.2 1.4 1.0 1.0 2.0 1.0 1.4 2.0 2.0 1.4 1.4 1.2 1.4 1.2 1.0 2.0 1.2 x 1.4 1.0 1.4 1.4 1.0 1.0 1.2 1.4 1.4 1.4 1.0 
1.0 1.0 1.4 1.2 2.0 1.2 1.4 2.0 1.0 1.0 1.0 1.4 1.2 1.4 1.0 1.2 2.0 1.4 1.2 2.0 1.0 1.2 1.4 1.2 1.0 1.0 2.0 2.0 1.2 2.0 1.4 1.4 1.2 1.4 2.0 1.4 x 1.4 2.0 1.2 1.4 2.0 1.4 x 1.4 1.0 1.2 2.0 2.0 1.2 1.4 x 2.0 1.4 2.0 1.2 1.4 1.4 1.0 1.0 2.0 2.0 1.0 1.2 1.0 1.0 2.0 1.0 2.0 2.0 1.2 2.0 1.4 1.2 1.0 2.0 2.0 1.0 1.0 1.0 1.2 2.0 1.4 x x 1.4 1.0 2.0 1.0 1.4 1.4 1.0 1.0 1.4 1.0 1.4 1.2 1.2 1.0 1.0 
1.0 2.0 2.0 1.0 2.0 2.0 2.0 1.0 1.2 x 1.2 1.4 1.0 2.0 1.4 1.4 1.0 x 1.0 1.2 1.0 1.2 x 1.4 1.2 1.0 x 1.0 1.0 2.0 x 1.4 2.0 1.2 2.0 x 1.0 2.0 1.2 1.2 x 2.0 1.4 1.0 1.4 2.0 1.4 1.0 1.0 1.2 1.4 2.0 x 1.2 1.0 2.0 1.0 1.4 1.0 1.0 1.4 x 1.2 1.2 x 1.4 1.2 1.2 x 1.2 1.2 x x 1.2 1.2 1.2 1.4 1.4 1.0 1.2 1.2 1.0 1.2 1.0 1.4 1.4 1.4 x 1.2 1.4 1.2 x 2.0 1.0 1.0 2.0 1.4 1.2 1.4 1.4 
2.0 1.0 x 1.2 1.0 1.2 1.4 1.0 1.2 1.2 1.4 1.0 x 2.0 1.0 1.0 1.0 1.4 1.4 1.4 2.0 1.0 2.0 2.0 1.0 1.0 1.0 2.0 1.4 1.4 2.0 1.0 1.2 1.4 1.0 1.2 1.4 2.0 1.4 2.0 1.0 1.0 2.0 2.0 1.4 1.0 1.2 2.0 x x 1.0 1.4 1.2 x 1.0 1.0 1.2 2.0 1.0 1.0 1.0 2.0 1.0 1.0 1.2 2.0 1.0 1.2 1.0 1.0 1.2 1.4 1.2 1.4 1.4 1.0 1.2 1.0 1.4 1.0 1.0 1.4 x x x 1.4 1.0 1.2 1.4 1.4 1.0 1.0 1.4 2.0 1.2 1.0 1.2 2.0 2.0 1.2 
x 1.0 1.0 1.0 1.0 1.4 x 1.2 1.0 1.2 x 1.4 1.0 1.0 1.0 1.0 1.0 2.0 x 1.2 1.0 1.2 2.0 1.2 1.4 1.2 1.0 1.0 1.4 1.2 1.0 1.2 1.4 1.2 1.2 2.0 x 1.0 1.2 1.2 x 1.2 1.4 1.0 2.0 1.4 1.4 1.0 1.2 x 1.4 2.0 1.0 1.0 x 1.4 1.2 1.0 1.4 1.0 1.0 1.4 x 1.2 1.2 1.0 1.0 1.0 2.0 1.0 1.2 1.0 1.2 1.2 1.0 1.2 1.2 1.2 1.2 1.2 1.0 1.2 1.0 1.0 x 1.0 1.4 1.0 1.2 1.4 1.4 1.2 x 1.2 1.4 x 1.2 1.0 2.0 1.2 
1.2 x 1.0 1.2 1.0 1.2 1.2 x 1.0 x 1.0 1.0 1.4 1.4 1.4 1.4 1.2 1.2 1.0 1.2 1.4 1.0 1.0 x 2.0 1.0 1.0 1.0 1.0 1.0 2.0 1.0 x 2.0 1.2 1.4 2.0 1.0 1.4 1.0 1.2 1.0 2.0 1.4 1.2 1.0 2.0 2.0 1.2 1.4 1.0 1.2 2.0 1.0 1.4 x 1.2 1.0 1.0 2.0 2.0 1.2 2.0 2.0 1.0 1.2 1.2 1.4 x 1.2 1.4 1.2 1.0 1.4 1.2 1.4 x 1.4 2.0 1.4 1.0 1.2 2.0 1.2 1.2 1.2 1.0 x 1.2 1.2 2.0 1.4 1.0 1.0 2.0 1.0 2.0 1.0 1.2 1.4 
1.0 x x 1.2 2.0 1.4 x 1.4 1.2 1.2 1.0 1.4 1.4 2.0 2.0 1.4 1.2 2.0 1.4 1.2 1.4 1.4 x 1.2 1.2 1.2 1.4 1.4 1.0 1.4 2.0 x 1.2 1.4 1.2 1.2 1.0 2.0 1.0 1.4 1.2 1.2 2.0 1.2 1.2 1.4 1.4 1.4 1.4 1.0 2.0 1.4 1.0 1.2 1.2 1.2 x 1.4 1.2 1.2 1.0 1.4 1.0 1.0 1.0 2.0 1.0 1.0 1.4 1.4 x 1.4 2.0 x 1.2 2.0 x x 1.0 1.2 2.0 1.4 1.4 1.2 1.0 1.2 1.0 1.0 1.0 1.4 1.0 1.2 2.0 1.2 1.0 1.4 x 1.0 1.4 1.0 
1.4 1.2 1.2 1.0 1.0 1.4 2.0 x 1.2 2.0 1.0 1.4 1.2 1.2 1.2 1.0 2.0 2.0 1.2 1.2 1.4 1.0 2.0 1.4 1.2 1.4 1.2 1.0 1.0 1.2 1.4 1.0 x 1.0 1.0 x 1.0 1.2 x 2.0 2.0 1.0 x 1.2 1.4 1.0 1.4 1.0 2.0 1.0 1.4 1.4 1.4 2.0 1.0 1.0 1.4 x 1.4 2.0 1.4 1.4 x 1.2 1.2 1.0 1.0 1.4 1.4 1.4 1.0 1.0 x 1.0 1.0 1.0 2.0 1.2 1.4 2.0 1.0 1.0 1.4 1.4 2.0 2.0 1.0 1.4 1.0 1.4 1.0 1.4 2.0 1.2 x x 1.4 x 2.0 1.2 
1.4 x 1.0 2.0 1.4 2.0 1.0 2.0 2.0 1.0 1.0 1.0 1.0 1.2 1.4 1.4 1.2 1.0 2.0 1.0 1.2 1.2 1.4 1.4 1.2 1.2 1.4 1.2 1.2 1.0 1.0 1.2 x 1.2 1.2 1.0 2.0 1.4 1.4 x 1.4 1.2 1.2 1.0 1.2 1.4 1.2 1.2 x 2.0 2.0 1.0 1.0 1.0 1.4 1.0 1.2 1.4 x 2.0 1.0 1.2 1.4 1.4 2.0 1.0 1.0 x 1.2 1.4 1.4 1.0 1.0 1.2 2.0 1.2 1.0 1.2 x 1.0 1.0 1.2 1.2 1.2 1.4 1.2 1.2 2.0 1.2 1.0 1.0 1.0 1.4 x 1.2 1.0 x x 1.0 x 
1.2 1.2 1.0 1.0 1.4 1.0 1.0 x 1.0 1.0 1.2 2.0 2.0 1.0 x 1.0 1.2 x 1.2 1.0 1.2 1.2 1.4 x 2.0 1.0 1.2 1.2 1.2 x x 1.2 2.0 1.0 1.0 1.0 1.4 1.0 1.2 1.4 1.0 1.2 1.4 1.4 1.0 2.0 1.2 2.0 1.4 1.0 2.0 1.0 1.0 1.0 1.0 2.0 1.2 2.0 2.0 x 1.0 2.0 1.0 1.0 1.0 1.2 1.0 2.0 1.2 1.0 1.0 1.2 1.0 1.0 x 2.0 1.4 1.2 x 1.0 1.2 x 1.2 x 1.0 1.2 2.0 2.0 1.4 1.0 1.2 1.2 1.4 1.0 2.0 2.0 1.0 1.2 1.0 1.2 
1.4 2.0 1.4 1.2 2.0 2.0 1.0 1.2 2.0 2.0 1.4 1.0 1.2 x x 2.0 1.0 1.2 1.0 x 1.2 1.2 2.0 1.4 x 2.0 1.2 1.2 x 1.4 1.4 1.2 1.2 2.0 1.0 1.4 2.0 1.0 1.4 1.0 1.2 2.0 2.0 1.0 2.0 x 1.0 x 1.0 1.0 2.0 2.0 1.4 1.0 1.0 2.0 1.0 1.4 1.0 1.0 x 1.0 1.2 1.4 1.4 1.2 1.2 1.4 1.0 1.4 1.2 1.4 1.2 1.4 2.0 1.4 1.2 x 1.4 1.2 1.0 1.0 1.2 1.4 2.0 2.0 1.0 1.0 1.4 1.0 1.0 1.4 1.0 2.0 2.0 1.4 1.4 1.0 x 1.2 
2.0 x 2.0 1.2 2.0 1.0 1.0 1.2 1.0 1.0 2.0 1.4 1.4 1.2 1.2 1.4 1.2 1.2 2.0 1.4 x 1.0 1.0 1.0 2.0 1.0 1.2 1.0 1.0 1.2 1.2 1.0 1.0 1.0 2.0 1.0 1.4 2.0 1.0 1.4 1.2 1.2 x 1.4 2.0 1.2 2.0 1.0 1.4 1.2 1.4 2.0 x 2.0 1.4 1.2 1.4 1.4 1.2 2.0 1.0 x 2.0 1.2 1.0 1.0 2.0 1.0 2.0 1.0 1.4 1.2 1.2 1.2 1.2 1.0 2.0 1.0 1.0 x 1.0 1.0 x 1.0 1.4 2.0 1.2 1.4 2.0 1.2 x 1.2 x 1.4 2.0 1.4 2.0 1.4 1.2 1.4 
1.0 x 1.0 1.0 1.2 1.0 1.0 1.0 1.0 1.2 1.0 1.2 1.4 1.0 1.0 x 1.0 1.4 x 1.0 1.0 1.0 x 2.0 2.0 1.0 1.2 2.0 1.4 1.0 2.0 1.2 1.2 1.4 1.4 1.2 1.4 1.0 1.0 1.2 x 1.4 x 1.0 1.0 1.4 1.2 1.4 1.4 1.0 2.0 1.0 1.2 1.0 x 2.0 1.0 x 1.4 1.0 1.2 2.0 x 1.2 1.4 1.4 1.4 1.0 x 1.2 1.0 1.0 1.2 1.0 1.4 1.2 1.2 2.0 1.4 2.0 1.2 1.0 x 1.0 1.2 1.4 1.2 1.0 x 1.0 1.4 2.0 1.0 1.0 1.0 x 1.0 1.0 1.4 1.4 
1.2 1.4 1.0 1.0 1.0 1.2 1.2 1.2 x 1.4 2.0 1.4 1.0 1.0 1.0 1.2 2.0 1.0 1.2 1.2 1.0 1.0 x 1.4 x x 1.0 1.2 1.0 2.0 2.0 1.2 1.2 2.0 1.0 1.0 x 1.4 1.4 1.4 1.0 2.0 1.4 x 1.2 1.0 1.2 1.2 1.0 1.2 x 1.2 1.2 1.0 1.2 2.0 1.0 1.2 1.4 1.0 1.4 1.2 1.2 x 1.0 2.0 1.0 1.4 1.4 2.0 1.4 1.0 1.4 x 1.0 1.2 1.0 1.4 1.0 1.2 x 1.4 1.0 1.4 1.0 1.4 1.0 1.2 1.4 1.4 1.0 1.4 1.4 1.2 2.0 2.0 1.4 1.0 1.0 1.0 
1.0 1.2 1.4 2.0 1.2 1.4 1.0 1.2 x 1.4 1.2 x 2.0 1.2 1.2 1.2 1.2 1.0 1.0 1.0 1.2 1.2 1.0 1.2 2.0 2.0 2.0 2.0 1.0 1.4 1.4 1.2 x 1.2 1.2 1.2 2.0 1.2 1.0 x 2.0 1.2 x 1.0 1.0 1.0 1.2 2.0 1.0 x 1.2 1.0 x 1.2 1.2 1.0 1.0 1.2 2.0 1.0 1.4 1.0 1.4 1.0 x 1.4 1.2 1.4 2.0 1.4 1.4 1.2 1.2 1.4 1.4 1.0 x x 1.0 1.4 1.0 1.0 1.0 x 1.2 1.0 1.2 1.0 1.2 1.0 1.4 x 1.4 1.0 2.0 1.2 1.0 1.2 1.4 1.2 
1.2 2.0 1.0 1.0 1.4 1.0 1.2 1.4 2.0 1.2 1.4 2.0 2.0 1.2 1.2 1.2 1.4 1.2 1.2 1.2 1.2 1.0 1.0 1.0 1.4 1.0 1.0 2.0 1.0 2.0 2.0 1.4 1.4 1.0 1.0 1.0 1.4 1.4 1.2 1.2 2.0 x 1.0 1.4 1.0 1.4 1.2 1.4 2.0 1.4 1.2 1.0 1.4 2.0 1.0 1.2 2.0 1.0 1.0 1.2 1.2 1.0 1.4 2.0 1.4 x 1.2 1.0 x 1.4 1.0 1.0 1.2 1.4 1.0 x 2.0 1.0 1.4 2.0 1.4 x 1.0 1.0 1.4 1.4 1.2 2.0 1.4 1.0 1.4 1.0 1.4 2.0 1.2 1.4 1.0 2.0 1.0 1.0 
1.0 1.0 2.0 1.2 1.2 1.2 2.0 x 1.4 1.4 1.0 1.0 1.0 1.4 1.0 1.2 2.0 1.0 1.4 1.4 2.0 1.4 1.0 1.0 x 1.2 1.4 1.0 2.0 1.0 2.0 1.4 2.0 1.0 1.4 x 1.0 1.2 1.4 1.2 x 2.0 1.2 2.0 1.2 1.2 2.0 1.0 1.2 1.2 1.0 2.0 1.2 1.0 1.0 1.2 1.0 1.0 1.0 1.0 1.2 2.0 1.4 1.0 1.2 1.2 x 1.4 1.0 x 1.4 1.2 1.0 1.4 x 2.0 1.0 1.2 2.0 1.2 1.4 1.2 1.4 1.0 1.0 2.0 1.0 1.2 1.2 1.2 1.2 2.0 2.0 1.0 x 1.0 x 1.2 1.4 1.0 
1.0 2.0 1.4 2.0 2.0 2.0 1.4 1.0 1.0 1.2 1.2 x 1.0 1.4 1.4 1.2 x 1.0 2.0 1.0 1.4 2.0 1.2 1.0 1.4 x x 1.2 2.0 1.0 x 2.0 1.4 1.2 1.4 1.0 1.4 1.4 1.0 x 2.0 2.0 1.0 1.2 2.0 1.4 x x 1.0 x 1.2 1.0 1.2 1.2 1.0 1.4 1.0 1.4 x 2.0 1.4 1.0 1.0 1.4 1.4 1.0 1.4 x 1.0 1.0 2.0 2.0 x 1.0 2.0 1.4 1.0 1.2 1.0 1.2 1.0 1.2 1.0 1.0 1.2 1.0 1.4 1.2 1.2 x 1.4 2.0 1.0 1.2 1.2 1.2 1.2 1.0 1.4 x 
1.2 1.2 1.4 1.4 x 2.0 1.2 1.2 1.0 1.0 1.0 2.0 1.2 1.0 2.0 1.4 1.0 1.2 1.2 1.2 2.0 2.0 1.4 1.4 1.2 1.0 1.4 1.4 1.0 2.0 1.2 1.2 1.0 2.0 2.0 2.0 1.0 1.4 1.0 1.2 1.4 2.0 2.0 1.0 2.0 2.0 1.2 1.4 2.0 1.2 1.4 2.0 x 1.0 2.0 x 1.4 1.4 1.2 1.2 1.0 2.0 x 1.4 2.0 x 1.0 1.0 x 1.0 1.2 1.0 1.2 1.4 x 1.4 1.0 1.2 1.2 1.4 1.2 1.0 2.0 x 1.4 1.4 1.4 2.0 1.0 1.0 1.4 x 1.0 1.0 1.4 x 2.0 x 1.4 1.0 
1.0 2.0 1.2 1.4 1.0 1.0 1.2 1.0 x 1.0 1.4 1.0 1.0 x 1.4 1.0 1.0 1.2 1.0 2.0 1.0 2.0 1.0 1.2 1.4 1.4 1.0 1.0 1.4 1.4 1.0 1.2 1.2 1.4 1.2 1.2 1.0 2.0 1.0 1.2 1.0 2.0 2.0 1.2 1.0 1.2 1.0 1.2 x 2.0 1.0 2.0 1.2 1.0 1.0 1.2 1.4 1.4 1.4 1.0 1.4 1.0 1.2 2.0 1.4 1.4 x 1.0 1.0 x 2.0 1.4 1.4 x 1.4 1.0 1.2 1.2 1.2 1.4 2.0 1.0 1.2 1.2 1.0 2.0 1.0 1.0 2.0 2.0 1.0 1.4 2.0 1.0 1.4 1.2 1.0 1.0 1.0 x 
2.0 1.2 x 2.0 1.4 1.2 1.2 1.2 1.2 1.2 1.0 1.2 1.2 1.2 1.0 2.0 2.0 1.4 1.0 1.2 1.0 1.0 1.2 1.2 1.4 1.2 2.0 1.2 1.2 1.0 1.2 x x 1.2 1.4 1.2 1.2 1.4 1.0 2.0 1.0 x 1.4 1.0 1.0 1.2 2.0 1.2 1.4 1.2 1.2 1.2 1.2 1.2 1.2 1.4 x 1.0 1.4 1.0 1.2 1.4 1.0 1.4 1.4 1.0 1.4 2.0 1.2 2.0 x 1.0 1.0 x 1.0 x 2.0 1.2 1.2 1.2 1.2 x 2.0 1.0 1.4 1.4 1.0 1.0 x 2.0 1.2 1.2 1.2 x 2.0 1.0 2.0 1.0 1.0 1.2 
2.0 1.4 1.4 1.4 x 2.0 2.0 1.0 1.0 x 1.2 1.0 2.0 1.0 1.0 1.2 1.2 1.2 2.0 1.0 1.0 1.2 x 1.0 x 1.2 2.0 1.4 1.2 1.4 1.4 1.0 1.0 1.2 1.4 1.4 1.0 1.0 x 1.2 1.4 2.0 1.0 1.2 x 2.0 1.2 1.2 1.4 2.0 1.2 2.0 x 1.4 1.0 1.2 1.4 1.0 1.0 1.2 1.4 1.2 1.0 1.0 1.2 1.0 1.2 2.0 1.0 1.4 1.0 x 1.0 2.0 1.2 1.4 1.2 x 1.0 1.0 2.0 1.0 1.2 1.0 1.0 1.2 1.4 2.0 1.0 1.4 1.4 1.2 1.0 1.2 x 1.2 2.0 1.2 1.0 2.0 
1.4 1.4 1.4 1.0 1.2 1.2 1.0 2.0 1.2 1.4 2.0 1.0 2.0 x 2.0 1.2 x 1.4 2.0 1.0 1.0 2.0 1.0 1.0 1.2 1.2 1.2 1.2 x x 1.4 1.2 1.2 2.0 1.2 1.4 2.0 1.0 2.0 1.2 1.0 1.2 1.2 x 2.0 2.0 1.2 1.2 1.2 2.0 1.4 1.4 x 1.2 1.2 1.0 2.0 x 1.0 1.0 1.2 1.2 1.2 1.4 1.2 1.2 1.0 x 1.2 1.4 1.0 1.0 x 1.0 x x 1.4 1.0 1.4 1.2 1.0 2.0 1.0 1.0 2.0 1.0 1.4 1.4 1.0 2.0 1.0 2.0 1.4 1.0 1.0 x 1.2 1.2 1.2 1.0 
1.2 1.2 1.4 1.0 2.0 2.0 1.0 x 1.2 1.2 1.4 1.0 2.0 1.0 1.2 1.0 2.0 1.2 1.4 1.2 2.0 1.2 1.0 1.2 1.2 1.2 1.2 1.4 2.0 1.0 x x 1.4 1.4 1.2 1.0 1.4 1.4 1.2 1.2 2.0 2.0 x 1.4 1.2 1.2 1.0 1.4 1.4 1.2 1.0 1.2 1.2 1.4 1.2 1.4 x 1.0 1.2 1.0 1.4 1.2 1.0 x 1.4 1.4 1.4 1.0 1.4 x x 2.0 1.0 x 1.0 x 1.0 1.0 2.0 1.2 1.4 1.0 1.0 1.0 1.4 x 1.0 1.4 1.4 1.0 1.2 1.0 1.0 1.0 1.2 1.2 2.0 1.4 1.0 x 
1.0 1.0 2.0 x 1.2 1.4 1.4 1.0 2.0 2.0 1.0 1.2 1.4 x 2.0 1.0 2.0 2.0 x 1.0 1.0 1.2 1.2 1.0 1.0 1.2 2.0 1.0 x 1.2 1.4 1.2 1.4 1.4 1.0 2.0 1.2 1.2 1.4 2.0 x 1.0 1.2 2.0 1.2 1.4 1.0 1.2 1.4 1.0 1.0 1.0 1.2 1.4 1.0 1.2 1.2 1.0 2.0 x 2.0 1.2 1.4 1.0 1.4 1.0 x 2.0 x 1.4 1.0 1.2 x 1.0 x 2.0 1.0 1.0 1.2 x 1.0 1.2 x 1.4 1.4 1.2 1.2 1.4 x 1.4 1.4 1.4 1.4 1.4 1.2 1.4 1.2 1.2 1.4 1.2 
2.0 1.4 1.2 1.2 1.0 1.4 1.2 2.0 1.2 2.0 2.0 1.4 1.2 1.4 2.0 1.2 1.4 x 1.4 2.0 1.0 1.0 x x 1.0 1.2 1.0 1.4 2.0 1.2 1.4 1.2 1.0 1.4 1.4 x 1.4 1.4 1.2 1.2 2.0 1.0 x 1.4 1.4 1.2 1.0 1.4 1.4 2.0 2.0 2.0 1.2 1.0 1.2 1.4 2.0 1.0 1.2 2.0 1.4 1.0 1.2 1.2 1.0 x 2.0 1.4 1.4 1.0 x 1.4 x x 2.0 x 1.0 1.0 1.4 1.2 1.2 x 2.0 1.2 1.4 2.0 2.0 1.4 1.0 x 1.4 1.2 1.0 1.0 1.0 1.4 1.0 1.0 2.0 1.0 
1.0 1.4 1.4 x x 1.4 1.2 1.0 2.0 1.0 1.2 1.2 1.0 1.4 1.0 1.0 1.0 2.0 1.0 1.0 1.0 1.2 1.0 1.0 1.2 1.4 2.0 1.0 1.4 1.4 1.2 1.0 1.4 1.2 2.0 1.0 2.0 1.0 1.4 1.4 1.2 1.0 1.4 1.0 x 1.2 2.0 1.2 1.0 1.0 1.0 2.0 1.4 1.2 1.2 x x 2.0 1.0 1.4 1.2 2.0 1.2 1.0 x 2.0 1.0 1.0 1.0 1.2 2.0 1.2 1.4 1.0 1.0 1.0 x 2.0 1.2 1.0 1.0 1.4 1.0 1.2 1.0 1.2 1.0 1.4 1.0 1.4 1.4 1.0 1.2 2.0 1.4 1.4 1.0 1.0 1.2 1.2 
1.0 1.4 1.0 1.4 1.2 1.0 1.0 1.4 1.0 1.2 1.0 2.0 x 1.4 x 1.2 2.0 1.2 1.2 1.4 1.2 1.0 1.4 1.2 1.4 1.2 1.4 1.2 1.2 1.0 1.2 2.0 2.0 1.2 1.0 x 1.2 2.0 x 1.0 1.4 1.0 1.4 2.0 1.4 1.2 1.0 1.0 1.0 1.2 1.4 1.0 1.4 1.0 1.2 1.4 x 1.2 1.2 1.2 x 1.0 2.0 1.4 x 1.0 1.2 1.2 1.2 1.2 1.2 x 1.0 1.0 1.0 1.0 2.0 x 1.2 1.0 2.0 1.2 1.0 1.0 1.2 1.0 1.4 1.2 1.2 1.0 1.0 1.2 1.0 2.0 1.0 1.2 1.0 1.2 1.2 2.0 
1.2 2.0 1.2 x 2.0 2.0 2.0 2.0 1.4 1.0 x x 1.0 1.2 1.4 1.2 x 1.2 1.2 1.0 1.4 1.2 1.4 2.0 1.0 1.4 1.4 1.2 1.0 x 2.0 1.4 1.0 1.0 1.2 1.0 2.0 1.0 2.0 1.0 1.4 1.4 2.0 1.4 1.0 1.0 1.0 1.0 x 1.0 2.0 1.0 1.0 1.4 1.2 2.0 1.0 1.4 x x 1.4 1.0 1.4 1.0 1.0 1.4 2.0 1.0 1.2 1.2 1.2 1.0 1.4 2.0 1.2 1.4 1.2 1.2 x 1.4 1.4 2.0 1.0 1.0 1.4 2.0 x 2.0 1.0 2.0 1.0 1.0 1.4 1.0 2.0 1.2 1.0 x x 1.2 
1.0 2.0 1.4 1.0 x 2.0 1.4 1.0 1.2 1.2 1.0 1.0 1.4 1.4 1.0 1.4 x 1.2 1.0 2.0 1.2 x 2.0 x 1.4 x 1.4 1.2 1.2 1.4 1.4 1.4 1.2 1.0 1.0 1.4 1.2 1.2 1.0 x 2.0 1.4 x 1.4 1.2 1.2 1.2 2.0 1.0 1.2 2.0 1.0 1.2 1.0 1.2 1.4 1.2 2.0 1.0 1.0 1.2 x 2.0 1.2 1.4 2.0 1.2 1.2 1.4 1.4 1.2 1.0 1.2 1.2 x 1.2 1.0 1.0 1.4 x 1.2 1.4 1.4 1.2 x x 1.0 1.0 1.4 2.0 1.0 1.4 2.0 1.2 2.0 1.2 1.0 2.0 1.0 1.0 
2.0 1.4 1.2 1.0 1.0 1.2 1.0 x x 1.0 2.0 1.4 1.0 1.2 1.0 1.2 1.0 x 1.0 1.0 2.0 1.2 2.0 1.4 x 1.2 1.4 1.0 2.0 1.0 x x x 1.0 1.4 1.4 1.0 1.2 1.2 2.0 1.0 1.0 1.2 1.0 1.4 1.0 x 2.0 1.4 1.0 1.4 1.2 1.2 1.0 1.0 1.0 2.0 1.0 1.0 1.2 1.0 1.0 1.2 x 1.0 1.4 1.4 1.0 1.2 2.0 1.2 2.0 1.0 1.4 1.0 1.2 1.0 2.0 1.4 1.2 x 1.0 x 1.0 1.4 1.4 2.0 1.2 1.0 1.4 x 1.2 1.0 2.0 1.2 1.2 x 1.0 1.2 x 
1.0 1.0 1.2 1.4 1.0 1.2 1.4 1.2 x 1.0 1.4 1.2 1.4 1.2 1.2 1.0 1.2 1.0 1.0 1.2 1.0 2.0 1.0 1.0 1.2 2.0 2.0 1.4 1.0 x x 1.0 1.2 1.0 1.0 1.0 1.4 1.0 1.4 x 1.4 1.0 x x 1.4 1.4 1.2 1.2 1.4 1.4 1.4 2.0 1.0 1.4 1.2 1.2 1.4 1.0 1.2 x 1.0 1.0 1.0 1.4 1.0 x 1.2 1.2 1.0 1.0 x 1.0 2.0 1.0 1.2 x 1.4 1.2 2.0 1.4 1.0 x 1.2 1.2 2.0 1.4 1.2 1.2 1.0 2.0 1.0 1.4 1.4 1.0 1.0 1.4 2.0 1.2 1.2 1.2 
1.2 2.0 1.4 x x x 1.2 2.0 1.0 x 1.0 1.0 1.0 1.0 1.2 x 1.0 1.2 1.0 1.0 x 1.0 1.4 1.0 1.4 1.0 1.2 1.4 1.2 1.4 1.0 1.2 1.4 1.0 1.2 1.0 1.0 1.2 2.0 x 1.2 1.0 2.0 1.4 x 1.4 1.2 2.0 1.0 2.0 1.2 1.4 1.2 x 1.0 2.0 1.4 1.4 1.2 1.2 1.2 x x 1.0 1.0 1.0 1.4 1.0 2.0 1.2 2.0 1.2 1.0 1.0 x 2.0 1.0 1.0 1.0 1.4 x 1.2 x 1.0 2.0 1.2 2.0 1.2 1.0 1.2 1.4 2.0 1.0 1.4 1.2 1.4 2.0 1.4 2.0 1.0 
1.0 1.0 1.2 1.4 1.4 1.0 2.0 1.2 1.0 2.0 1.0 x 2.0 1.0 1.0 2.0 1.4 1.0 1.0 1.4 1.2 2.0 2.0 1.0 1.0 2.0 1.2 2.0 1.2 x 2.0 x 2.0 1.2 1.0 1.2 1.0 1.0 1.0 2.0 1.2 1.2 1.0 x 1.4 1.2 1.4 1.0 1.0 1.0 1.4 x 1.0 x 1.0 1.2 1.2 1.4 1.2 x 1.4 1.0 1.0 1.4 x 1.0 1.0 1.0 x 1.2 1.0 1.0 1.0 1.0 1.4 1.2 1.2 1.0 1.0 1.2 1.0 1.2 1.0 x 2.0 1.2 1.4 x 2.0 1.0 2.0 1.0 1.0 2.0 2.0 1.4 2.0 2.0 1.4 1.0 
1.0 1.0 x x 1.4 1.0 1.0 x x 1.0 1.4 x 1.0 1.0 1.4 x 1.0 x 1.0 1.0 1.4 1.4 1.0 2.0 2.0 1.2 1.0 x 1.4 2.0 x 2.0 1.2 1.2 1.4 1.2 x 1.2 1.2 1.4 1.0 2.0 1.0 1.4 2.0 1.0 1.4 1.0 1.0 1.2 1.2 x 1.4 x x 1.2 1.0 2.0 1.4 1.0 2.0 1.4 1.2 1.0 1.2 1.4 1.0 1.2 1.4 1.0 1.4 1.0 2.0 1.4 1.4 1.4 1.0 1.2 1.4 x 1.4 2.0 2.0 2.0 x 2.0 1.0 2.0 1.4 1.2 1.0 2.0 1.4 1.2 1.2 1.4 1.0 1.4 1.4 2.0 
1.0 1.0 2.0 1.2 1.4 1.2 x x 2.0 1.2 1.0 1.2 1.2 1.4 1.4 1.2 2.0 1.2 1.4 1.0 1.2 1.0 1.2 1.0 1.2 2.0 1.0 1.0 x 1.0 1.0 1.2 1.2 1.0 1.0 1.0 1.0 1.2 1.4 1.4 1.4 1.0 1.2 2.0 1.2 1.2 1.0 x 1.4 x 1.0 1.4 1.4 1.4 1.0 1.2 1.2 2.0 1.2 1.2 2.0 2.0 1.4 1.4 1.0 1.4 2.0 1.0 1.4 2.0 1.4 1.2 1.0 x 1.2 2.0 1.2 1.0 2.0 x 1.4 1.4 1.2 1.2 2.0 x 1.0 x 1.0 1.0 1.2 1.2 1.4 1.0 1.4 1.2 1.0 1.0 1.2 1.0 
1.0 1.2 1.2 1.4 x 1.2 1.0 x 1.0 1.2 x 1.4 1.2 1.0 1.0 x 2.0 1.4 1.0 1.4 1.4 1.4 1.0 1.2 1.0 x 1.0 x 1.0 1.0 1.0 1.0 1.0 2.0 1.2 1.4 1.4 2.0 1.4 2.0 1.4 x 2.0 1.0 1.4 1.4 2.0 1.0 1.2 2.0 2.0 1.0 1.4 1.0 1.4 1.0 1.0 1.0 1.2 2.0 1.0 1.2 1.2 1.0 1.2 1.2 1.0 1.4 1.4 1.0 1.0 1.4 1.4 1.0 1.2 2.0 1.0 1.4 x 1.0 2.0 1.2 2.0 1.4 1.0 1.0 x x 1.2 1.2 1.2 1.2 x 1.2 1.4 2.0 1.2 1.2 1.4 1.2 
1.4 1.4 1.0 1.2 1.0 x 1.4 1.0 1.4 2.0 1.0 1.0 2.0 1.0 1.2 2.0 1.2 2.0 1.0 1.0 1.0 1.4 1.2 1.4 1.0 1.4 2.0 x x 2.0 1.4 2.0 1.2 1.0 2.0 1.0 2.0 1.4 2.0 1.4 1.2 1.4 1.2 x 1.2 1.2 1.0 1.2 1.2 1.0 1.2 2.0 x 1.2 1.0 x 1.0 1.4 2.0 2.0 1.0 1.4 1.0 1.2 1.0 2.0 1.2 1.2 2.0 1.0 1.0 2.0 1.4 1.4 1.4 1.4 1.4 1.2 2.0 1.0 1.2 1.2 1.2 x 2.0 x x x 1.2 1.2 1.2 x 1.4 1.0 1.2 1.4 1.4 1.0 1.0 1.0 
1.2 1.0 1.2 1.0 1.4 1.4 1.4 1.0 1.2 1.2 2.0 1.2 1.0 2.0 1.2 1.0 1.4 1.0 1.2 1.4 1.4 1.0 1.2 1.2 x 1.0 1.2 2.0 1.2 1.0 1.0 1.4 1.0 1.4 x 2.0 1.0 1.0 1.2 1.0 2.0 1.4 x 2.0 1.2 1.0 1.0 1.4 2.0 1.0 x 1.0 1.2 1.4 1.2 1.2 1.0 1.0 1.2 1.4 1.4 2.0 x 1.4 1.2 1.4 1.2 1.2 1.0 2.0 x 1.0 1.0 1.4 x 1.0 1.0 1.2 1.0 1.4 1.0 1.0 1.0 2.0 1.4 1.0 1.2 1.2 x 1.0 1.2 1.0 2.0 1.2 1.2 1.2 1.0 1.0 1.0 2.0 
1.2 1.0 1.4 x 1.2 1.0 1.0 1.0 1.4 2.0 1.4 1.2 x 1.0 1.0 2.0 x 2.0 2.0 1.0 1.2 1.4 1.0 1.0 1.2 1.0 1.4 x x x 2.0 1.0 1.4 2.0 1.4 2.0 1.0 1.0 x 1.0 1.2 1.0 1.0 1.2 2.0 2.0 1.4 1.2 1.0 2.0 1.4 1.4 1.4 1.4 1.4 1.2 1.4 1.4 1.0 1.0 1.0 1.2 1.0 1.4 1.0 1.0 1.2 x 1.0 2.0 2.0 1.4 2.0 1.0 1.4 x 1.4 1.0 2.0 2.0 1.4 2.0 1.2 1.0 1.2 1.0 1.2 1.2 1.0 x 1.4 x 2.0 1.0 1.4 2.0 1.4 1.0 1.2 1.4 
1.4 1.2 1.2 2.0 2.0 1.2 1.2 1.4 1.4 1.2 1.2 1.0 1.2 1.2 1.4 1.0 2.0 x 1.0 1.2 1.0 x 1.4 2.0 1.2 x 1.2 1.4 2.0 1.0 1.4 1.0 1.0 2.0 1.4 1.2 1.4 2.0 1.2 1.2 2.0 1.4 1.4 1.0 x 1.4 1.0 1.4 2.0 1.0 1.0 1.4 1.2 1.0 1.4 2.0 1.0 1.0 1.0 1.2 1.0 x 1.4 1.0 1.4 1.4 1.2 1.4 1.4 1.0 1.2 1.4 1.0 1.2 1.4 1.4 1.4 1.0 1.0 1.0 x 1.0 1.4 2.0 1.0 1.2 1.2 1.2 1.2 1.4 x 1.2 1.4 1.0 1.4 1.2 1.4 1.0 1.0 x 
1.0 1.0 1.0 1.2 2.0 1.4 1.2 1.4 1.0 1.0 1.2 1.0 1.0 1.4 2.0 1.4 1.0 1.2 1.0 2.0 1.2 2.0 1.2 1.0 1.0 2.0 1.0 1.0 1.2 1.0 1.0 1.4 1.2 1.2 1.0 1.2 1.0 1.0 1.0 1.4 2.0 1.0 1.0 1.0 1.0 1.2 1.4 1.0 1.0 1.2 1.4 1.0 x 1.0 1.2 1.4 1.2 1.4 1.0 1.2 1.4 1.2 2.0 1.4 x 1.0 2.0 2.0 x 1.4 1.2 1.2 2.0 1.0 1.4 1.2 1.0 1.2 1.0 1.4 1.2 1.4 2.0 1.0 2.0 1.2 1.2 x 1.0 x 1.2 x 2.0 1.2 1.2 1.2 1.0 1.2 x 1.0 
1.4 2.0 1.0 1.2 x 2.0 1.0 2.0 2.0 1.0 1.0 1.0 1.0 1.4 1.2 1.2 1.4 1.0 x x 1.0 2.0 x 2.0 1.4 1.4 1.2 1.2 2.0 1.2 1.0 1.2 1.2 1.0 1.2 2.0 1.2 1.0 1.4 1.0 1.0 2.0 x 1.0 1.0 1.0 x x 1.4 1.4 1.4 1.0 2.0 1.4 x 1.0 2.0 2.0 1.4 1.4 1.0 x 1.0 1.4 1.4 1.4 2.0 1.0 1.0 2.0 1.2 1.0 1.4 1.0 1.4 1.0 1.2 1.0 1.4 2.0 1.0 1.4 1.0 1.0 1.4 1.4 x 1.4 2.0 2.0 1.4 2.0 x 1.2 x 1.2 1.0 1.0 1.4 x 
2.0 x 1.2 1.0 1.4 x x 1.0 2.0 1.0 1.2 1.4 1.2 1.2 x 1.0 x 1.0 2.0 1.4 1.4 1.0 x 1.2 1.2 x 1.0 1.4 x 1.2 2.0 1.4 1.0 1.4 1.4 1.4 1.0 1.2 1.0 x 1.0 1.2 1.2 1.4 1.4 1.0 x 1.0 1.0 2.0 1.0 1.4 1.0 2.0 1.2 1.0 1.2 1.2 x 1.0 2.0 1.4 1.0 1.2 1.0 2.0 1.0 1.2 1.0 1.0 x 1.2 1.0 1.0 1.4 1.0 2.0 2.0 1.0 1.2 2.0 1.0 1.4 2.0 1.2 1.0 1.2 1.0 1.2 1.0 1.0 1.2 1.2 x 2.0 x x 1.0 1.0 1.2 
x 2.0 2.0 2.0 2.0 1.2 x 2.0 2.0 1.0 1.0 1.2 1.2 x x 2.0 1.0 1.2 1.0 1.0 1.0 1.0 2.0 1.4 1.0 1.0 2.0 x 1.0 2.0 1.4 1.2 2.0 1.0 1.2 1.4 2.0 1.2 x 1.4 1.4 1.4 1.0 x 1.2 1.4 2.0 2.0 1.4 1.2 1.0 1.0 1.0 1.2 1.4 2.0 1.0 x 1.2 2.0 2.0 2.0 1.0 2.0 2.0 1.2 x 1.2 1.4 1.4 2.0 x 1.0 1.2 1.2 1.0 1.4 1.0 2.0 2.0 1.2 1.0 1.2 2.0 1.2 1.4 1.4 1.2 1.2 1.4 1.4 1.2 x 2.0 x 1.4 1.0 1.2 2.0 2.0 
2.0 2.0 1.4 1.0 1.2 1.2 x 2.0 1.0 1.2 x 2.0 1.4 1.0 x 1.0 1.4 1.4 1.4 1.4 1.2 1.2 1.0 1.4 2.0 1.2 1.2 x 1.4 1.0 1.0 1.2 2.0 1.2 x 1.4 1.4 x 1.0 1.2 1.0 2.0 1.0 2.0 1.2 1.0 2.0 1.2 1.0 1.0 1.2 1.4 2.0 1.0 x 1.0 1.4 x 1.0 2.0 1.4 1.4 x 2.0 1.2 1.4 1.0 1.2 x 1.2 1.0 1.2 x 1.2 1.4 1.4 1.4 1.2 1.2 1.2 1.2 1.4 1.4 1.4 1.4 1.2 2.0 1.4 1.2 2.0 1.2 1.2 1.2 x 1.4 x x x 1.2 2.0 
1.0 1.0 1.4 1.2 2.0 1.0 1.2 1.2 1.0 1.4 1.0 2.0 2.0 1.0 1.0 1.0 1.2 1.2 1.0 1.0 1.2 1.2 1.0 1.2 1.4 1.0 1.2 2.0 1.2 1.0 1.4 1.4 1.0 1.0 2.0 1.0 1.2 1.0 1.2 1.2 1.4 1.2 1.4 2.0 1.4 2.0 1.0 1.4 1.2 1.0 1.4 1.2 1.4 1.2 1.2 2.0 x 1.4 x 1.0 1.4 2.0 1.0 1.4 1.0 1.0 x 1.2 2.0 1.0 2.0 2.0 1.2 2.0 1.2 1.0 1.0 1.0 1.0 1.0 x 2.0 2.0 2.0 1.0 1.0 1.2 1.4 1.0 1.4 1.4 1.0 1.0 x 1.0 x x 1.2 1.4 1.4 
1.0 1.0 1.2 1.0 1.2 1.2 1.0 1.2 1.2 2.0 1.0 1.2 1.4 1.2 2.0 1.2 1.4 2.0 2.0 x x 2.0 1.4 1.2 1.4 x 1.2 1.2 1.0 1.4 2.0 x 2.0 1.2 1.0 2.0 2.0 1.2 1.2 1.0 1.2 1.0 1.0 1.0 1.2 1.4 2.0 x 1.0 2.0 1.4 1.2 1.2 2.0 1.0 1.0 1.0 x x 1.2 1.0 1.4 1.0 1.0 1.2 2.0 1.2 1.0 x 1.0 1.0 1.2 1.2 1.4 1.2 1.0 1.0 1.2 x 2.0 1.0 1.2 1.4 2.0 1.4 1.0 1.2 1.0 1.0 1.0 1.0 1.2 1.0 1.0 1.2 x 1.2 x 1.0 1.0 
1.0 1.2 1.0 1.2 1.0 1.0 1.2 1.0 2.0 1.0 x 1.4 1.0 1.0 1.0 1.0 1.2 1.0 1.0 1.2 1.2 1.0 1.4 1.2 1.2 2.0 2.0 1.4 x 1.4 1.2 1.0 1.4 1.2 1.2 1.2 1.0 1.0 1.4 1.2 1.2 1.0 2.0 1.2 1.2 2.0 1.2 1.0 1.0 1.0 1.4 1.0 1.4 2.0 2.0 1.2 1.4 2.0 1.0 1.0 x 1.2 1.4 1.0 1.4 1.0 1.4 1.4 1.4 1.0 1.0 1.0 1.2 1.0 1.4 2.0 1.2 1.2 x 1.0 1.2 1.2 2.0 1.4 1.4 1.2 1.4 1.0 1.0 1.2 1.0 x 1.4 1.0 2.0 1.2 1.4 1.0 x 1.0 
1.2 x 1.4 1.0 1.2 x 1.2 2.0 1.2 1.4 1.0 1.4 1.4 1.4 1.2 1.0 1.4 1.2 1.4 2.0 2.0 1.0 x 1.0 1.2 1.2 1.2 1.2 1.0 1.2 1.2 x 1.2 1.0 1.4 1.0 1.2 1.2 1.2 1.2 1.2 1.2 1.0 2.0 2.0 1.4 1.0 1.0 1.2 1.0 1.0 1.0 1.4 1.2 1.2 1.4 1.0 1.2 x 1.2 1.2 1.4 1.4 1.0 1.2 1.0 1.0 x 1.0 x 1.2 2.0 1.0 x 1.2 1.0 1.2 2.0 1.2 1.0 x 1.2 1.0 1.0 2.0 1.0 1.2 1.0 2.0 1.4 x 1.0 x 1.2 2.0 2.0 1.4 1.0 1.0 x 
