50
25
a0 a1 a2 a3 a4 a5 a6 a7 a8 a9 a10 a11 a12 a13 a14 a15 a16 a17 a18 a19 a20 a21 a22 a23 a24 a25 a26 a27 a28 a29 a30 a31 a32 a33 a34 a35 a36 a37 a38 a39 a40 a41 a42 a43 a44 a45 a46 a47 a48 a49
a3 a1 a46 a23 a6 a13 a9 a4 a10 a24 a34 a20 a42 a28 a19 a32 a38 a48 a14 a27 a31 a16 a5 a0 a29
a0
x 20.02498 57.14018 56.35601 42.72002 93.05912 29.52965 55.7315 50.92151 33.01515 114.47707 47.09565 21.18962 54.20332 12.20656 61.13101 86.83317 55.00909 79.05694 50.08992 44.92215 33.10589 49.09175 112.76968 89.69392 32.06244 77.82031 5.0 63.07139 57.42822 74.33034 80.62258 21.47091 23.02173 44.91102 95.03683 51.15662 77.25283 61.09828 76.48529 98.04591 55.44367 71.02816 54.70832 107.912 49.64877 67.89698 78.40918 79.07591 46.09772
20.02498 x 37.33631 49.36598 35.12834 84.48077 16.15549 55.10898 47.09565 13.0 99.00505 49.0408 8.0 39.40812 11.6619 41.78516 69.40461 35.0571 74.16873 30.26549 26.92582 29.61419 29.06888 95.13149 72.62231 12.04159 59.90826 20.88061 43.18565 37.85499 72.24957 71.8401 9.05539 30.41381 26.0 75.50497 31.40064 71.44928 56.0357 64.00781 78.1025 55.54278 51.08816 51.08816 91.04944 43.10452 66.61081 58.69412 77.31753 28.42534
57.14018 37.33631 x 62.26556 52.49762 86.97701 32.57299 76.05919 65.60488 24.5153 82.46211 74.27651 37.12142 39.56008 48.27007 20.09975 49.76947 3.60555 85.23497 7.07107 16.64332 54.81788 10.63015 71.61006 53.85165 25.70992 40.16217 57.00877 6.08276 3.0 88.19297 75.9276 40.49691 63.97656 13.92839 38.32754 6.0 81.34494 70.3278 61.29437 41.01219 77.33693 14.14214 68.8186 70.71068 58.82176 84.59905 21.37756 93.05912 27.45906
56.35601 49.36598 62.26556 x 14.31782 36.71512 64.0 17.72005 9.21954 49.49747 66.7308 23.19483 57.31492 24.04163 45.88028 47.38143 50.63596 58.66856 25.01999 58.18075 65.25335 23.32381 52.3259 73.10951 51.15662 48.37355 46.8188 60.83584 64.63745 64.88451 25.94224 24.41311 40.60788 38.18377 61.68468 93.38094 59.5063 22.09072 8.06226 25.96151 89.40358 19.64688 68.76772 9.21954 65.49046 6.7082 22.67157 77.89737 30.8707 34.88553
42.72002 35.12834 52.49762 14.31782 x 50.56679 50.08992 23.60085 13.41641 36.40055 75.17978 22.82542 43.10452 20.22375 31.7805 41.18252 53.33854 48.9183 39.05125 47.43416 52.92447 10.81665 42.0119 78.1025 54.91812 35.17101 47.04253 47.01064 55.86591 54.81788 38.07887 38.01316 26.30589 27.29469 49.65884 86.83893 48.82622 36.34556 21.0238 35.0 84.53402 24.83948 61.22091 17.08801 71.47027 8.0 33.24154 70.43437 43.17407 25.4951
93.05912 84.48077 86.97701 36.71512 50.56679 x 97.67292 44.20407 43.41659 81.7435 46.09772 53.90733 92.17917 49.0102 82.34683 67.68309 51.22499 83.72574 20.24846 85.2115 95.00526 60.03332 79.15807 61.7171 48.83646 80.89499 54.58938 97.49359 87.09765 89.94443 31.32092 12.64911 76.2168 74.20243 91.0 108.24047 86.28441 18.86796 33.30165 25.96151 100.70253 45.80393 88.23265 40.36087 52.7731 43.41659 36.24914 96.20811 31.257 63.03174
29.52965 16.15549 32.57299 64.0 50.08992 97.67292 x 71.06335 62.64982 16.55295 106.60675 65.19202 9.21954 49.98 26.40076 44.59821 75.0733 31.7805 89.00562 26.40076 17.02939 45.60702 28.6007 99.76472 78.74643 17.08801 65.11528 27.51363 38.60052 31.7805 87.82369 85.15868 25.0 45.80393 18.68154 68.0 26.92582 86.02325 71.11259 75.27284 72.83543 71.56815 46.57252 66.61081 97.0 58.07753 82.37718 52.34501 92.91394 36.67424
55.7315 55.10898 76.05919 17.72005 23.60085 44.20407 71.06335 x 10.63015 59.09315 81.78631 10.0 62.96825 40.49691 48.01042 63.41136 68.24954 72.47068 25.6125 71.02816 76.02631 25.4951 65.60488 90.00556 68.593 57.77543 64.51356 60.67125 79.24645 78.40918 18.68154 34.43835 46.09772 33.52611 72.94518 109.48059 72.42237 25.4951 13.15295 42.04759 106.23088 2.0 84.21995 8.544 82.05486 17.80449 12.16553 93.43447 23.34524 48.83646
50.92151 47.09565 65.60488 9.21954 13.41641 43.41659 62.64982 10.63015 x 49.64877 75.89466 14.03567 55.08176 30.01666 41.59327 52.80152 59.3043 62.00806 28.16026 60.74537 66.30988 18.24829 55.21775 82.21922 60.03332 48.38388 54.81788 55.65968 68.68042 68.00735 25.17936 31.82766 38.0526 30.80584 63.07139 98.85848 62.1289 26.40076 10.29563 35.17101 95.71834 12.20656 73.59348 4.0 74.67262 7.2111 19.92486 82.807 30.26549 38.28838
33.01515 13.0 24.5153 49.49747 36.40055 81.7435 16.55295 59.09315 49.64877 x 90.42677 54.91812 15.26434 33.52611 23.76973 30.01666 59.4138 22.09072 74.43118 17.46425 17.20465 34.66987 16.12452 84.64632 62.93648 1.41421 49.57822 33.54102 30.26549 25.29822 74.46476 69.35416 16.64332 40.49691 14.86607 62.8172 18.68154 71.17584 57.07013 58.82176 65.12296 59.9333 38.11824 53.45091 81.32035 44.14748 69.57011 45.89118 79.55501 20.12461
114.47707 99.00505 82.46211 66.7308 75.17978 46.09772 106.60675 81.78631 75.89466 90.42677 x 89.56004 104.89042 60.30755 102.30347 63.52952 32.69557 80.5295 64.07027 84.53402 96.64885 85.95929 79.75588 20.59126 28.63564 90.27181 42.48529 117.68602 79.37884 85.23497 75.00667 49.0408 93.50936 102.47439 92.66067 86.14523 84.97058 61.0 68.65858 40.8534 75.53807 83.74366 76.15773 74.72617 14.14214 71.69379 78.16009 80.75271 76.23647 70.83784
47.09565 49.0408 74.27651 23.19483 22.82542 53.90733 65.19202 10.0 14.03567 54.91812 89.56004 x 56.61272 42.37924 40.60788 64.00781 73.17103 70.76722 35.60899 68.62215 72.11103 20.24846 63.65532 96.25487 74.00676 53.53504 68.24954 52.08647 78.1025 76.36753 28.23119 43.56604 40.31129 24.33105 69.40461 109.55364 70.03571 35.35534 21.47091 49.0306 107.35455 8.94427 83.81527 14.86607 88.68484 20.22375 21.54066 93.00538 32.57299 48.01042
21.18962 8.0 37.12142 57.31492 43.10452 92.17917 9.21954 62.96825 55.08176 15.26434 104.89042 56.61272 x 46.14109 17.20465 45.27693 74.41102 35.51056 82.1523 30.26549 23.76973 37.48333 30.67572 99.80982 77.83315 15.0 64.66065 20.09975 43.18565 37.0 80.22468 79.55501 17.02939 36.61967 24.08319 74.33034 31.14482 79.40403 64.03124 71.11259 78.1025 63.34824 51.24451 59.07622 96.26006 51.08816 74.54529 58.00862 85.28775 34.05877
54.20332 39.40812 39.56008 24.04163 20.22375 49.0102 49.98 40.49691 30.01666 33.52611 60.30755 42.37924 46.14109 x 42.0119 23.34524 34.20526 36.05551 45.69464 36.67424 46.0 29.15476 30.59412 59.80803 36.40055 32.89377 27.01851 57.38467 41.18252 42.37924 49.40648 37.12142 33.24154 45.12206 42.0119 69.35416 37.85499 41.78516 31.89044 25.29822 65.73431 42.19005 44.82187 32.20248 54.12024 22.82542 46.69047 53.90733 54.08327 14.03567
12.20656 11.6619 48.27007 45.88028 31.7805 82.34683 26.40076 48.01042 41.59327 23.76973 102.30347 40.60788 17.20465 42.0119 x 49.81967 74.70609 45.70558 69.63476 41.23106 38.58756 23.34524 39.20459 100.6479 77.52419 22.56103 65.79514 15.6205 53.93515 49.0408 66.1211 69.77822 9.48683 19.41649 37.57659 86.58522 42.44997 67.44627 51.41984 64.66065 88.56636 48.09366 61.66036 45.54119 95.71834 39.21734 60.00833 69.63476 71.06335 34.17601
61.13101 41.78516 20.09975 47.38143 41.18252 67.68309 44.59821 63.41136 52.80152 30.01666 63.52952 64.00781 45.27693 23.34524 49.81967 x 31.06445 17.46425 68.09552 21.0238 33.12099 47.12749 16.40122 55.17246 34.98571 30.41381 21.09502 62.62587 19.41649 23.08679 72.62231 57.24509 40.4475 60.40695 29.15476 46.09772 21.54066 64.00781 55.22681 41.7732 43.38202 65.0 21.63331 55.31727 52.80152 45.60702 70.03571 30.61046 77.20104 17.26268
86.83317 69.40461 49.76947 50.63596 53.33854 51.22499 75.0733 68.24954 59.3043 59.4138 32.69557 73.17103 74.41102 34.20526 74.70609 31.06445 x 47.85394 60.74537 51.97115 64.14047 63.15061 47.43416 25.94224 4.12311 59.46427 10.0 89.35883 46.84015 52.55473 69.31811 45.60702 65.36819 79.30952 60.20797 58.82176 52.35456 56.60389 56.04463 29.15476 50.08992 70.21396 44.28318 59.84146 21.93171 53.03772 69.64194 50.03998 72.56032 41.04875
55.00909 35.0571 3.60555 58.66856 48.9183 83.72574 31.7805 72.47068 62.00806 22.09072 80.5295 70.76722 35.51056 36.05551 45.70558 17.46425 47.85394 x 81.70679 5.38516 16.97056 51.40039 7.2111 70.43437 51.89412 23.19483 38.07887 55.14526 8.24621 6.32456 84.59905 72.56721 37.64306 60.92618 13.60147 41.10961 5.0 77.83315 66.7308 58.13777 43.04649 73.75636 16.03122 65.21503 69.11584 55.21775 80.99383 24.04163 89.47067 23.85372
79.05694 74.16873 85.23497 25.01999 39.05125 20.24846 89.00562 25.6125 28.16026 74.43118 64.07027 35.60899 82.1523 45.69464 69.63476 68.09552 60.74537 81.70679 x 81.90849 89.82205 46.32494 75.89466 76.92204 59.5399 73.33485 60.87693 83.81527 86.76405 88.02272 11.18034 15.81139 65.27634 58.13777 86.12201 112.61439 83.1685 4.24264 18.24829 31.62278 106.83164 26.90725 89.69392 24.35159 68.15424 31.06445 16.12452 98.47842 12.36932 58.5235
50.08992 30.26549 7.07107 58.18075 47.43416 85.2115 26.40076 71.02816 60.74537 17.46425 84.53402 68.62215 30.26549 36.67424 41.23106 21.0238 51.97115 5.38516 81.90849 x 12.20656 48.83646 6.08276 75.16648 55.9464 18.68154 42.05948 50.03998 13.0 8.06226 84.09518 73.68175 33.61547 57.24509 8.48528 45.35416 1.41421 78.16009 66.21178 60.00833 48.0 72.20111 21.0238 64.14047 73.4983 54.20332 80.13114 28.44293 89.05055 23.4094
44.92215 26.92582 16.64332 65.25335 52.92447 95.00526 17.02939 76.02631 66.30988 17.20465 96.64885 72.11103 23.76973 46.0 38.58756 33.12099 64.14047 16.97056 89.82205 12.20656 x 51.86521 17.08801 87.32125 68.09552 18.60108 54.20332 43.73786 22.36068 15.23155 90.75792 83.0542 33.24154 56.85068 4.12311 51.0098 12.04159 86.31338 73.08215 70.45566 55.9017 76.94154 30.08322 70.00714 85.70298 60.40695 86.16264 35.35534 95.81753 32.01562
33.10589 29.61419 54.81788 23.32381 10.81665 60.03332 45.60702 25.4951 18.24829 34.66987 85.95929 20.24846 37.48333 29.15476 23.34524 47.12749 63.15061 51.40039 46.32494 48.83646 51.86521 x 44.20407 88.32327 65.0 33.28663 56.14268 37.69615 59.07622 56.72742 43.0 47.70744 20.61553 16.55295 49.20366 91.3017 50.24938 44.27189 28.16026 45.80393 90.24965 25.96151 65.36819 22.2036 81.9329 16.64332 37.12142 74.43118 48.01042 30.08322
49.09175 29.06888 10.63015 52.3259 42.0119 79.15807 28.6007 65.60488 55.21775 16.12452 79.75588 63.65532 30.67572 30.59412 39.20459 16.40122 47.43416 7.2111 75.89466 6.08276 17.08801 44.20407 x 71.42129 51.31277 17.02939 37.44329 49.64877 15.23155 12.80625 78.26238 67.60178 30.80584 53.85165 13.0 48.10405 7.28011 72.12489 60.37384 54.03702 49.36598 66.8431 22.56103 58.5235 69.2026 48.54894 74.43118 31.01612 83.19255 17.46425
112.76968 95.13149 71.61006 73.10951 78.1025 61.7171 99.76472 90.00556 82.21922 84.64632 20.59126 96.25487 99.80982 59.80803 100.6479 55.17246 25.94224 70.43437 76.92204 75.16648 87.32125 88.32327 71.42129 x 23.4094 84.81156 35.22783 115.24756 67.41662 74.06079 87.09765 61.13101 91.3017 104.69479 83.63014 68.18358 75.28612 73.24616 77.05842 48.09366 57.00877 92.00543 62.6099 82.02439 8.94427 76.65507 88.95504 65.45991 89.28606 66.88797
89.69392 72.62231 53.85165 51.15662 54.91812 48.83646 78.74643 68.593 60.03332 62.93648 28.63564 74.00676 77.83315 36.40055 77.52419 34.98571 4.12311 51.89412 59.5399 55.9464 68.09552 65.0 51.31277 23.4094 x 62.93648 13.89244 92.358 50.96077 56.64804 68.54196 44.10215 68.26419 81.32035 64.14047 62.36185 56.35601 55.47071 56.08921 28.23119 53.31041 70.5762 48.37355 60.29925 18.43909 54.03702 69.26038 54.00926 71.55418 44.20407
32.06244 12.04159 25.70992 48.37355 35.17101 80.89499 17.08801 57.77543 48.38388 1.41421 90.27181 53.53504 15.0 32.89377 22.56103 30.41381 59.46427 23.19483 73.33485 18.68154 18.60108 33.28663 17.02939 84.81156 62.93648 x 49.67897 32.75668 31.40064 26.57066 73.24616 68.46897 15.26434 39.11521 16.27882 64.03124 19.92486 70.11419 55.9017 58.18935 66.18912 58.60034 39.20459 52.20153 81.34494 42.95346 68.30813 47.07441 78.33901 19.72308
77.82031 59.90826 40.16217 46.8188 47.04253 54.58938 65.11528 64.51356 54.81788 49.57822 42.48529 68.24954 64.66065 27.01851 65.79514 21.09502 10.0 38.07887 60.87693 42.05948 54.20332 56.14268 37.44329 35.22783 13.89244 49.67897 x 80.13114 37.65634 43.01163 68.24222 46.8615 56.36488 71.84706 50.24938 53.66563 42.48529 56.63921 53.22593 29.83287 46.40043 66.40783 36.01389 55.97321 31.89044 48.05206 67.60178 42.75512 72.00694 31.76476
5.0 20.88061 57.00877 60.83584 47.01064 97.49359 27.51363 60.67125 55.65968 33.54102 117.68602 52.08647 20.09975 57.38467 15.6205 62.62587 89.35883 55.14526 83.81527 50.03998 43.73786 37.69615 49.64877 115.24756 92.358 32.75668 80.13114 x 63.03174 57.03508 79.24645 85.0 24.20744 28.01785 44.18144 94.42987 51.0098 81.9329 65.78754 80.28076 98.02041 60.40695 71.06335 59.48109 110.67972 54.12947 72.83543 78.05767 84.0119 48.37355
63.07139 43.18565 6.08276 64.63745 55.86591 87.09765 38.60052 79.24645 68.68042 30.26549 79.37884 78.1025 43.18565 41.18252 53.93515 19.41649 46.84015 8.24621 86.76405 13.0 22.36068 59.07622 15.23155 67.41662 50.96077 31.40064 37.65634 63.03174 x 7.2111 90.42677 76.53757 45.88028 69.07966 19.92486 32.89377 12.04159 82.76473 72.67049 61.18823 35.0 80.62258 8.06226 71.70077 67.1193 61.7171 87.20092 15.81139 95.18929 30.41381
57.42822 37.85499 3.0 64.88451 54.81788 89.94443 31.7805 78.40918 68.00735 25.29822 85.23497 76.36753 37.0 42.37924 49.0408 23.08679 52.55473 6.32456 88.02272 8.06226 15.23155 56.72742 12.80625 74.06079 56.64804 26.57066 43.01163 57.03508 7.2111 x 90.82401 78.8543 41.62932 65.29931 13.15295 37.65634 6.7082 84.15462 72.94518 64.28063 41.19466 79.64923 14.86607 71.28113 73.3553 61.29437 87.13208 21.0238 95.71311 30.01666
74.33034 72.24957 88.19297 25.94224 38.07887 31.32092 87.82369 18.68154 25.17936 74.46476 75.00667 28.23119 80.22468 49.40648 66.1211 72.62231 69.31811 84.59905 11.18034 84.09518 90.75792 43.0 78.26238 87.09765 68.54196 73.24616 68.24222 79.24645 90.42677 90.82401 x 26.1725 63.1981 52.20153 87.31552 118.19052 85.42833 14.03567 17.88854 40.31129 113.27842 19.31321 94.20191 21.2132 78.44743 30.36445 6.7082 103.23275 5.09902 60.82763
80.62258 71.8401 75.9276 24.41311 38.01316 12.64911 85.15868 34.43835 31.82766 69.35416 49.0408 43.56604 79.55501 37.12142 69.77822 57.24509 45.60702 72.56721 15.81139 73.68175 83.0542 47.70744 67.60178 61.13101 44.10215 68.46897 46.8615 85.0 76.53757 78.8543 26.1725 x 63.56886 62.36986 79.1012 99.8599 74.8131 12.16553 22.2036 17.02939 93.23626 36.24914 78.39005 29.20616 52.39275 31.06445 29.15476 86.76405 28.16026 51.0392
21.47091 9.05539 40.49691 40.60788 26.30589 76.2168 25.0 46.09772 38.0526 16.64332 93.50936 40.31129 17.02939 33.24154 9.48683 40.4475 65.36819 37.64306 65.27634 33.61547 33.24154 20.61553 30.80584 91.3017 68.26419 15.26434 56.36488 24.20744 45.88028 41.62932 63.1981 63.56886 x 23.85372 31.40064 78.74643 34.9285 62.64982 47.09565 56.85948 80.06248 46.57252 53.36666 42.04759 86.53323 34.23449 57.55867 61.68468 68.26419 24.69818
23.02173 30.41381 63.97656 38.18377 27.29469 74.20243 45.80393 33.52611 30.80584 40.49691 102.47439 24.33105 36.61967 45.12206 19.41649 60.40695 79.30952 60.92618 58.13777 57.24509 56.85068 16.55295 53.85165 104.69479 81.32035 39.11521 71.84706 28.01785 69.07966 65.29931 52.20153 62.36986 23.85372 x 55.21775 101.95097 58.59181 56.93856 41.04875 62.1289 102.35722 32.98485 76.2168 34.1321 98.43272 31.89044 45.60702 84.8646 56.75385 43.18565
44.91102 26.0 13.92839 61.68468 49.65884 91.0 18.68154 72.94518 63.07139 14.86607 92.66067 69.40461 24.08319 42.0119 37.57659 29.15476 60.20797 13.60147 86.12201 8.48528 4.12311 49.20366 13.0 83.63014 64.14047 16.27882 50.24938 44.18144 19.92486 13.15295 87.31552 79.1012 31.40064 55.21775 x 50.24938 8.60233 82.56513 69.57011 66.37017 54.33231 73.92564 27.89265 66.70832 81.84131 57.00877 82.8553 34.0147 92.358 28.07134
95.03683 75.50497 38.32754 93.38094 86.83893 108.24047 68.0 109.48059 98.85848 62.8172 86.14523 109.55364 74.33034 69.35416 86.58522 46.09772 58.82176 41.10961 112.61439 45.35416 51.0098 91.3017 48.10405 68.18358 62.36185 64.03124 53.66563 94.42987 32.89377 37.65634 118.19052 99.8599 78.74643 101.95097 50.24938 x 44.14748 108.40664 101.11874 83.00602 11.7047 111.04053 25.94224 101.41499 72.06247 91.67879 115.97414 17.08801 122.57651 61.58734
51.15662 31.40064 6.0 59.5063 48.82622 86.28441 26.92582 72.42237 62.1289 18.68154 84.97058 70.03571 31.14482 37.85499 42.44997 21.54066 52.35456 5.0 83.1685 1.41421 12.04159 50.24938 7.28011 75.28612 56.35601 19.92486 42.48529 51.0098 12.04159 6.7082 85.42833 74.8131 34.9285 58.59181 8.60233 44.14748 x 79.40403 67.54258 61.0 47.01064 73.60027 20.09975 65.51336 73.78347 55.56978 81.49233 27.29469 90.37699 24.69818
77.25283 71.44928 81.34494 22.09072 36.34556 18.86796 86.02325 25.4951 26.40076 71.17584 61.0 35.35534 79.40403 41.78516 67.44627 64.00781 56.60389 77.83315 4.24264 78.16009 86.31338 44.27189 72.12489 73.24616 55.47071 70.11419 56.63921 81.9329 82.76473 84.15462 14.03567 12.16553 62.64982 56.93856 82.56513 108.40664 79.40403 x 16.15549 27.45906 102.59142 27.01851 85.58621 22.82542 64.53681 28.44293 17.72005 94.33981 16.15549 54.81788
61.09828 56.0357 70.3278 8.06226 21.0238 33.30165 71.11259 13.15295 10.29563 57.07013 68.65858 21.47091 64.03124 31.89044 51.41984 55.22681 56.04463 66.7308 18.24829 66.21178 73.08215 28.16026 60.37384 77.05842 56.08921 55.9017 53.22593 65.78754 72.67049 72.94518 17.88854 22.2036 47.09565 41.04875 69.57011 101.11874 67.54258 16.15549 x 29.0 96.82975 15.13275 76.6942 7.07107 69.00725 13.0384 14.86607 85.79627 22.84732 42.94182
76.48529 64.00781 61.29437 25.96151 35.0 25.96151 75.27284 42.04759 35.17101 58.82176 40.8534 49.0306 71.11259 25.29822 64.66065 41.7732 29.15476 58.13777 31.62278 60.00833 70.45566 45.80393 54.03702 48.09366 28.23119 58.18935 29.83287 80.28076 61.18823 64.28063 40.31129 17.02939 56.85948 62.1289 66.37017 83.00602 61.0 27.45906 29.0 x 76.2168 44.04543 62.29767 34.36568 40.0125 30.8707 41.23106 70.38466 43.41659 39.05125
98.04591 78.1025 41.01219 89.40358 84.53402 100.70253 72.83543 106.23088 95.71834 65.12296 75.53807 107.35455 78.1025 65.73431 88.56636 43.38202 50.08992 43.04649 106.83164 48.0 55.9017 90.24965 49.36598 57.00877 53.31041 66.18912 46.40043 98.02041 35.0 41.19466 113.27842 93.23626 80.06248 102.35722 54.33231 11.7047 47.01064 102.59142 96.82975 76.2168 x 107.912 27.01851 97.90812 61.40033 88.50989 111.66468 20.61553 117.4138 60.16644
55.44367 55.54278 77.33693 19.64688 24.83948 45.80393 71.56815 2.0 12.20656 59.9333 83.74366 8.94427 63.34824 42.19005 48.09366 65.0 70.21396 73.75636 26.90725 72.20111 76.94154 25.96151 66.8431 92.00543 70.5762 58.60034 66.40783 60.40695 80.62258 79.64923 19.31321 36.24914 46.57252 32.98485 73.92564 111.04053 73.60027 27.01851 15.13275 44.04543 107.912 x 85.70298 10.44031 84.05355 19.41649 12.64911 94.92102 23.76973 50.20956
71.02816 51.08816 14.14214 68.76772 61.22091 88.23265 46.57252 84.21995 73.59348 38.11824 76.15773 83.81527 51.24451 44.82187 61.66036 21.63331 44.28318 16.03122 89.69392 21.0238 30.08322 65.36819 22.56103 62.6099 48.37355 39.20459 36.01389 71.06335 8.06226 14.86607 94.20191 78.39005 53.36666 76.2168 27.89265 25.94224 20.09975 85.58621 76.6942 62.29767 27.01851 85.70298 x 76.36753 63.24555 66.48308 91.4385 9.21954 98.81295 35.80503
54.70832 51.08816 68.8186 9.21954 17.08801 40.36087 66.61081 8.544 4.0 53.45091 74.72617 14.86607 59.07622 32.20248 45.54119 55.31727 59.84146 65.21503 24.35159 64.14047 70.00714 22.2036 58.5235 82.02439 60.29925 52.20153 55.97321 59.48109 71.70077 71.28113 21.2132 29.20616 42.04759 34.1321 66.70832 101.41499 65.51336 22.82542 7.07107 34.36568 97.90812 10.44031 76.36753 x 74.24284 10.0 16.15549 85.56284 26.30589 41.40048
107.912 91.04944 70.71068 65.49046 71.47027 52.7731 97.0 82.05486 74.67262 81.32035 14.14214 88.68484 96.26006 54.12024 95.71834 52.80152 21.93171 69.11584 68.15424 73.4983 85.70298 81.9329 69.2026 8.94427 18.43909 81.34494 31.89044 110.67972 67.1193 73.3553 78.44743 52.39275 86.53323 98.43272 81.84131 72.06247 73.78347 64.53681 69.00725 40.0125 61.40033 84.05355 63.24555 74.24284 x 69.42622 80.50466 67.26812 80.52329 62.62587
49.64877 43.10452 58.82176 6.7082 8.0 43.41659 58.07753 17.80449 7.2111 44.14748 71.69379 20.22375 51.08816 22.82542 39.21734 45.60702 53.03772 55.21775 31.06445 54.20332 60.40695 16.64332 48.54894 76.65507 54.03702 42.95346 48.05206 54.12947 61.7171 61.29437 30.36445 31.06445 34.23449 31.89044 57.00877 91.67879 55.56978 28.44293 13.0384 30.8707 88.50989 19.41649 66.48308 10.0 69.42622 x 25.94224 75.69016 35.44009 31.40064
67.89698 66.61081 84.59905 22.67157 33.24154 36.24914 82.37718 12.16553 19.92486 69.57011 78.16009 21.54066 74.54529 46.69047 60.00833 70.03571 69.64194 80.99383 16.12452 80.13114 86.16264 37.12142 74.43118 88.95504 69.26038 68.30813 67.60178 72.83543 87.20092 87.13208 6.7082 29.15476 57.55867 45.60702 82.8553 115.97414 81.49233 17.72005 14.86607 41.23106 111.66468 12.64911 91.4385 16.15549 80.50466 25.94224 x 100.56838 11.18034 57.14018
78.40918 58.69412 21.37756 77.89737 70.43437 96.20811 52.34501 93.43447 82.807 45.89118 80.75271 93.00538 58.00862 53.90733 69.63476 30.61046 50.03998 24.04163 98.47842 28.44293 35.35534 74.43118 31.01612 65.45991 54.00926 47.07441 42.75512 78.05767 15.81139 21.0238 103.23275 86.76405 61.68468 84.8646 34.0147 17.08801 27.29469 94.33981 85.79627 70.38466 20.61553 94.92102 9.21954 85.56284 67.26812 75.69016 100.56838 x 107.80074 45.0
79.07591 77.31753 93.05912 30.8707 43.17407 31.257 92.91394 23.34524 30.26549 79.55501 76.23647 32.57299 85.28775 54.08327 71.06335 77.20104 72.56032 89.47067 12.36932 89.05055 95.81753 48.01042 83.19255 89.28606 71.55418 78.33901 72.00694 84.0119 95.18929 95.71311 5.09902 28.16026 68.26419 56.75385 92.358 122.57651 90.37699 16.15549 22.84732 43.41659 117.4138 23.76973 98.81295 26.30589 80.52329 35.44009 11.18034 107.80074 x 65.74192
46.09772 28.42534 27.45906 34.88553 25.4951 63.03174 36.67424 48.83646 38.28838 20.12461 70.83784 48.01042 34.05877 14.03567 34.17601 17.26268 41.04875 23.85372 58.5235 23.4094 32.01562 30.08322 17.46425 66.88797 44.20407 19.72308 31.76476 48.37355 30.41381 30.01666 60.82763 51.0392 24.69818 43.18565 28.07134 61.58734 24.69818 54.81788 42.94182 39.05125 60.16644 50.20956 35.80503 41.40048 62.62587 31.40064 57.14018 45.0 65.74192 x
