100
50
L0 L1 L2 L3 L4 L5 L6 L7 L8 L9 L10 L11 L12 L13 L14 L15 L16 L17 L18 L19 L20 L21 L22 L23 L24 L25 L26 L27 L28 L29 L30 L31 L32 L33 L34 L35 L36 L37 L38 L39 L40 L41 L42 L43 L44 L45 L46 L47 L48 L49 L50 L51 L52 L53 L54 L55 L56 L57 L58 L59 L60 L61 L62 L63 L64 L65 L66 L67 L68 L69 L70 L71 L72 L73 L74 L75 L76 L77 L78 L79 L80 L81 L82 L83 L84 L85 L86 L87 L88 L89 L90 L91 L92 L93 L94 L95 L96 L97 L98 L99 
L4 L76 L36 L2 L88 L99 L7 L19 L80 L83 L58 L17 L12 L10 L62 L91 L60 L27 L44 L16 L85 L48 L32 L55 L53 L18 L47 L30 L78 L45 L0 L49 L89 L77 L15 L34 L94 L84 L98 L9 L82 L66 L24 L23 L90 L74 L13 L8 L3 L72 
L58
x 129.38226 113.16541 116.73766 117.19447 102.61757 141.0799 112.90794 129.25222 116.8517 66.91028 121.09099 40.09877 96.23936 95.53452 130.18432 154.48825 126.46972 118.75748 106.2658 75.85046 111.0042 126.09726 98.77158 96.69475 130.33201 128.0949 120.23245 112.85266 125.27542 105.81621 77.82851 111.51776 111.7772 149.53389 108.59963 124.09665 163.8291 133.60504 90.0457 112.56627 115.17558 94.08475 92.35339 109.27106 79.1314 79.57339 150.24241 127.26101 105.83083 101.38282 90.28026 92.76081 105.07569 144.31785 110.47046 77.34168 110.18998 120.88497 122.09218 111.96175 105.35843 124.87325 140.52579 117.01044 127.37617 118.48169 140.16808 79.31319 95.21283 93.05868 75.78455 129.24042 120.59497 111.74973 113.69919 163.16851 98.16384 80.25726 167.12277 85.87035 135.33348 100.14846 124.56456 134.96869 111.4795 132.02604 138.67615 95.395 92.86873 108.30534 111.93635 127.28448 121.52428 107.12616 164.2568 111.24525 99.64581 139.07617 119.51964 
129.38226 x 179.65544 140.93578 188.8749 117.88085 160.97774 155.74134 163.52181 132.51507 141.1342 87.69525 131.25723 145.13227 171.36874 103.94284 121.93837 132.81659 135.10546 132.29235 133.38577 105.59394 154.95304 102.16983 154.54655 146.02668 93.4367 110.29857 129.96162 116.27224 154.10401 171.70996 137.07937 145.5952 152.84359 172.05279 163.88414 152.03942 158.174 128.43539 149.46015 137.02701 158.20957 104.37936 154.51551 160.44766 94.30076 176.0577 118.53035 108.51704 118.15123 158.51127 166.76903 152.78075 108.98131 148.87569 101.44091 120.55018 147.00842 117.5611 143.48935 197.13148 174.76193 136.99825 128.75667 137.24722 119.44696 130.95778 172.29006 129.47701 163.80783 137.61636 172.45163 161.75125 119.04848 106.49338 139.24459 117.85043 134.96114 131.71927 144.65301 136.555 137.90327 163.84907 148.92384 135.02021 148.2144 127.34872 157.77195 149.5156 138.27265 118.4136 140.77448 167.84531 91.66724 173.13019 x 162.64092 122.28014 127.08909 
113.16541 179.65544 x 154.86892 72.94718 142.2333 142.37633 132.14138 116.98286 112.09875 118.098 131.86522 115.54376 131.06894 155.29563 115.38919 122.36293 136.91752 104.97374 106.65203 124.28812 158.27201 133.97901 102.37917 115.55616 124.77937 172.13097 122.27418 113.9905 133.2549 116.51071 142.93703 114.89283 100.29827 173.63942 85.11857 142.28182 144.03057 135.18827 115.59556 103.8278 127.67328 101.56606 126.52747 131.03387 108.17377 111.10256 155.5365 129.15895 146.07796 149.34899 142.04215 142.62186 151.69905 175.81066 138.53813 112.34138 144.98091 142.93223 179.24276 134.1665 91.92693 117.32546 157.65381 171.93694 158.05172 108.45089 155.85278 79.44041 114.14509 142.57941 134.85474 137.17162 111.93083 137.56064 162.08494 168.41482 158.18066 148.18164 173.19495 113.00942 143.79675 89.1195 91.96631 118.12527 134.84521 118.861 178.5266 141.44136 128.0296 140.92931 133.84916 153.70264 155.91489 141.04607 168.05389 86.23269 93.83754 133.02941 160.49323 
116.73766 140.93578 154.86892 x 141.46539 165.8829 126.38884 155.06064 131.2618 126.28647 139.67344 98.16885 119.21067 127.46347 131.495 137.5185 150.13949 144.78074 154.26157 154.52668 x 128.91675 85.47787 118.82894 118.29643 124.14481 113.98863 122.38894 131.7096 152.86459 146.03175 120.934 127.16718 112.88525 136.89369 135.07238 103.77566 150.45086 126.17126 112.86206 143.12142 78.6875 123.99677 139.00885 117.89847 90.57248 107.37208 96.26461 132.22871 101.04365 135.79702 159.13344 163.78416 147.64959 119.40684 136.00719 136.77157 87.16757 141.10685 143.04839 110.3938 138.15197 77.86384 153.52941 171.20203 125.71291 138.42275 156.47046 140.38991 115.55668 138.47395 159.99058 93.48414 112.13312 143.56848 126.00687 126.95702 161.22453 138.38223 137.52144 134.24117 136.21523 132.93515 179.60069 94.46902 143.69948 146.19137 115.7564 105.59476 115.42078 136.25631 153.70111 104.44453 109.1335 108.04034 128.42055 89.76061 141.43036 126.38007 79.93524 
117.19447 188.8749 72.94718 141.46539 x 143.58873 125.52077 143.97655 132.19604 105.50284 130.23684 150.56824 132.90351 143.96542 156.68191 115.40102 131.07036 122.5569 144.90924 142.61789 131.34244 174.35034 133.17381 114.2518 105.95753 131.31945 176.08807 122.7158 102.52523 145.22807 143.17811 124.83897 123.14314 131.91524 174.35464 90.95677 124.7545 172.23725 159.61071 109.05698 117.18794 136.10438 98.9573 130.82186 137.41421 108.21098 114.26957 160.20765 142.51564 152.95956 140.36949 155.88798 157.108 163.19987 170.03896 151.19367 128.54848 123.01776 117.97958 175.55208 121.87141 109.28695 100.51037 168.82626 180.97361 156.72921 118.32785 158.98364 107.30295 116.16708 132.6713 129.33025 105.61242 108.60939 156.98677 173.27236 179.82341 156.26511 151.64703 183.66551 135.10562 131.22067 112.26298 132.31019 119.19106 128.90818 133.27173 176.43477 107.76962 138.24297 108.96318 153.50441 147.28311 163.66664 155.37468 152.62901 77.15365 99.38931 123.25987 165.30928 
102.61757 117.88085 142.2333 165.8829 143.58873 x 136.70247 103.09552 123.38294 104.50702 99.50574 127.70704 104.18009 113.65518 138.53165 105.1776 135.20593 112.87641 153.43479 140.31821 91.08094 149.23715 163.40073 114.03379 151.10166 149.80814 141.95414 103.8049 122.65394 111.13856 111.75582 135.1824 157.82718 144.74516 142.00869 138.37126 142.6082 186.73287 148.29322 131.98295 116.5092 159.35576 141.08462 84.50584 153.76684 150.44043 84.7416 163.93685 128.07709 122.40758 116.52319 122.17635 150.48672 121.73487 146.50218 145.51724 116.38148 122.06865 99.45661 128.15432 141.48353 150.1865 172.5777 131.81346 68.41238 121.26563 138.39911 131.97845 141.39966 102.28553 140.7197 100.44872 148.94309 150.07764 101.14021 135.12212 165.81446 97.26207 110.55811 169.25218 106.16355 128.1006 116.9223 x 165.23488 123.43295 146.4144 161.99346 140.85618 127.78556 122.98883 120.98001 124.33335 182.37876 113.77631 161.05505 158.20116 119.02156 135.89599 158.93648 
141.0799 160.97774 142.37633 126.38884 125.52077 136.70247 x 107.38596 134.85074 133.24039 123.85836 117.08593 143.68001 111.96793 135.73219 117.77895 122.01524 103.02462 154.24976 172.03511 101.64894 156.98432 119.3706 134.52103 130.96938 105.62697 157.22018 126.43446 123.58357 135.52299 110.10844 127.42358 143.47667 133.94198 109.46769 119.68988 96.28439 193.22074 111.38814 120.6993 96.64493 155.97831 111.50568 117.07684 125.14304 140.59337 106.24086 135.40676 142.10792 106.54911 148.09419 180.91445 187.86388 163.70879 136.03214 132.59544 147.62557 136.92025 147.25071 135.92094 129.74876 138.83713 118.94559 123.39593 x 107.9785 141.39731 165.17004 167.9575 111.77242 138.11781 144.6046 114.5509 117.91631 134.75482 155.61421 122.08843 150.35289 139.97283 152.85319 123.29922 68.54881 104.54801 140.8386 94.0765 123.37935 93.53614 127.96403 133.49233 94.07389 144.0118 132.24578 143.97239 178.12587 117.13158 118.51132 117.25406 140.71212 116.91783 141.30032 
112.90794 155.74134 132.14138 155.06064 143.97655 103.09552 107.38596 x 108.6988 149.51656 95.01592 132.29467 100.90512 85.08208 92.59824 127.57622 140.47869 139.98096 132.94781 150.20379 88.50054 122.23057 122.92867 129.95936 147.78556 107.26437 155.18687 144.5998 122.06983 135.71495 83.63966 116.91322 134.98287 148.14376 128.27387 111.03735 121.79667 164.62264 106.57565 144.76784 97.2342 146.44379 109.52614 111.51554 111.99692 127.80978 96.41563 143.38864 134.10463 123.12482 124.18331 108.47477 148.33963 104.70711 159.7088 101.16219 139.33063 147.59832 128.7688 107.5898 114.96952 132.43227 141.69299 124.30855 83.35911 99.67037 145.65908 187.05092 127.30408 115.38885 109.58671 116.29011 156.13473 146.33451 107.64433 124.96401 130.29689 147.30762 73.02218 157.37129 75.9651 114.84703 90.27554 81.78088 136.60742 95.10453 128.46233 119.34169 134.21145 66.30447 140.32506 114.99621 145.08046 155.89135 119.10737 156.14063 134.8007 123.2028 132.15108 137.91595 
129.25222 163.52181 116.98286 131.2618 132.19604 123.38294 134.85074 108.6988 x 102.06056 137.1099 112.75752 111.32759 109.98805 116.15639 122.83278 128.13456 139.31531 155.16247 144.77201 101.84359 161.08954 109.0765 130.52526 143.26535 129.4687 147.98063 120.23455 121.53771 132.22611 111.83048 133.67587 143.46992 118.42571 114.72587 97.61515 114.25464 135.76879 110.4198 145.83447 117.84474 114.01549 118.91444 126.22492 138.57044 106.11214 103.20211 78.54832 126.46843 131.70839 160.893 116.17118 156.56011 100.42012 148.87292 114.47535 143.92363 107.71696 108.34999 144.56031 124.32144 102.63788 120.3167 114.88333 122.24097 112.22594 145.74047 150.08104 109.51247 89.76618 136.56881 162.00833 126.50611 117.05981 96.95544 119.34243 115.02197 167.3056 131.12002 136.80533 84.81313 159.53781 97.59242 102.7315 126.85343 151.20875 140.92327 154.7545 157.18866 118.60866 142.90886 156.42662 85.66158 136.9834 101.22255 103.08731 106.79082 99.32213 118.82035 115.50186 
116.8517 132.51507 112.09875 126.28647 105.50284 104.50702 133.24039 149.51656 102.06056 x 130.21295 105.47784 122.25396 124.46531 157.98352 88.65676 114.85545 83.84589 141.52777 140.20874 115.88917 161.03438 125.34298 107.85698 127.5423 150.49136 118.50317 48.87132 102.32864 90.86333 127.89766 145.46098 144.42389 101.1583 126.43156 108.72684 124.37942 157.917 132.45519 92.10395 113.41647 116.46628 129.99508 110.90199 158.67438 128.38567 76.2448 128.24084 102.58166 115.25601 142.43954 149.43458 146.36182 140.54367 109.3049 153.4011 112.17717 87.28017 92.16574 162.2058 124.82277 130.26386 120.62242 124.34565 145.64999 117.56657 129.0753 72.11857 122.70092 91.42436 146.39455 142.94432 90.53886 118.24427 112.07429 133.9427 143.06315 111.1675 155.49343 128.83315 123.23884 136.07017 122.78938 133.54784 123.90799 144.32233 124.19805 170.01113 139.8569 141.82516 117.83999 138.30093 75.33769 159.40426 109.78173 117.43705 115.29579 79.47807 115.37902 128.71753 
66.91028 141.1342 118.098 139.67344 130.23684 99.50574 123.85836 95.01592 137.1099 130.21295 x 128.74335 59.00137 60.57973 107.81627 137.17548 157.67068 133.7608 122.11082 111.10876 64.48148 123.97029 132.01633 107.57215 139.88607 145.84191 153.93024 118.1638 119.95505 139.98541 94.78918 113.02129 125.77282 107.63206 140.26354 129.50267 149.10345 179.65293 119.2343 97.56572 73.305 134.81171 117.64636 116.47984 138.09001 116.08226 85.00798 153.04541 148.54453 118.75618 130.75598 126.98318 132.59036 139.10441 161.2848 128.11084 98.64285 147.8239 134.15137 143.12551 117.27199 119.28877 136.81936 143.20033 105.37043 112.42143 142.16866 149.35656 110.22966 124.76194 115.72316 108.25899 146.96999 151.08876 96.28407 132.25846 167.3389 104.1528 100.77262 175.08594 73.71258 106.48792 101.75467 101.18003 148.59838 123.27391 118.1533 133.30808 109.48785 80.63035 134.02005 72.23428 144.78363 168.77215 115.50534 173.74208 133.95051 116.39904 155.56076 143.32921 
121.09099 87.69525 131.86522 98.16885 150.56824 127.70704 117.08593 132.29467 112.75752 105.47784 128.74335 x 115.87522 120.49257 149.45054 86.94165 89.8908 119.66052 113.02336 116.20114 103.98678 113.55389 113.71741 82.83523 122.09374 98.89088 98.18307 90.45425 122.4447 104.91528 110.6993 149.61414 120.35431 84.4768 124.32641 129.00559 116.71789 125.84853 103.04852 114.26685 119.5162 101.50147 124.86309 94.05833 114.2842 121.71335 83.21695 112.70601 93.04988 72.66483 127.57992 154.72298 163.95025 138.62057 105.41148 124.7189 104.86743 102.37777 146.15264 129.06161 132.11228 140.3032 125.75648 116.4763 139.21164 121.60415 97.69341 126.42902 142.29171 88.27774 156.24247 145.08803 127.88802 102.42012 107.23086 112.22931 97.92468 140.48525 135.61724 112.24627 115.99072 118.21669 94.97899 135.11326 85.22713 131.92582 111.02025 123.61136 148.08728 114.29273 146.85511 120.29258 112.25594 134.59989 60.08812 132.09583 109.76377 135.74171 100.19109 98.89913 
40.09877 131.25723 115.54376 119.21067 132.90351 104.18009 143.68001 100.90512 111.32759 122.25396 59.00137 115.87522 x 74.32958 82.48412 137.0217 155.48149 140.28831 121.34704 97.05819 61.94984 111.70121 x 102.88116 119.60607 135.7836 135.08818 122.77209 115.96428 134.72039 99.58536 92.00799 112.23553 103.53904 137.27415 114.35663 134.69281 152.71512 120.15106 103.78561 101.02387 108.44542 102.09554 105.80315 119.81691 78.19829 81.55308 132.09038 135.8523 112.53229 122.89264 84.38929 104.96207 99.53165 151.8684 101.19279 86.35305 119.83934 122.8697 124.09635 109.87827 100.67027 126.91129 132.37166 100.96196 116.19522 129.99094 144.62246 76.7171 101.94661 98.98907 104.60889 142.16273 131.50399 87.13052 101.2836 152.69988 113.89395 80.35861 162.11643 57.57694 140.01032 92.38739 106.96496 141.16771 126.01115 131.77933 130.20053 111.54867 85.16971 122.61333 103.23197 121.87281 126.69401 94.96969 158.66428 116.37497 103.70109 142.9144 112.70806 
96.23936 145.13227 131.06894 127.46347 143.96542 113.65518 111.96793 85.08208 109.98805 124.46531 60.57973 120.49257 74.32958 x 88.54221 139.98508 155.18006 127.76747 128.3935 134.72352 66.95478 123.64737 97.82063 127.87266 151.69451 146.30439 140.61114 113.74003 114.43274 133.26447 88.92665 119.76188 130.86168 105.42819 94.08556 118.96839 138.10034 166.1889 83.78757 101.51561 59.69926 120.9955 117.51903 130.99007 144.31861 115.92106 77.83905 119.51781 142.48847 113.30428 151.60778 127.37845 136.23348 125.75919 139.85308 113.02402 119.13642 143.31281 126.73894 135.80597 99.68653 121.88584 119.19437 112.30038 98.60403 65.85102 160.5523 142.70972 116.10638 124.1799 107.31443 141.10161 137.88497 154.95792 71.24263 107.54709 128.51175 117.34289 106.50822 139.79535 54.08843 110.59559 104.27974 99.83823 137.34792 131.58001 105.601 113.7348 127.6775 64.01206 141.31542 81.21544 117.2265 160.25187 100.40534 139.94649 132.76136 104.98703 147.67517 112.53232 
95.53452 171.36874 155.29563 131.495 156.68191 138.53165 135.73219 92.59824 116.15639 157.98352 107.81627 149.45054 82.48412 88.54221 x 170.25236 181.63673 149.47915 160.28736 161.06352 83.85622 136.06864 114.03457 x 129.21083 138.75364 154.97723 167.22217 134.39385 155.39376 112.4394 66.95979 137.30819 152.12246 114.54547 109.79326 116.79827 181.85309 123.18911 136.32429 124.48058 142.39389 94.38046 128.71182 120.22138 91.35456 113.62544 133.86718 161.37163 129.28443 151.9707 91.12089 118.93658 84.09512 158.10513 75.32967 137.03254 137.09322 139.96776 103.59327 117.1565 113.50206 132.32897 117.24011 109.25817 107.26371 168.16005 181.12045 112.57769 114.09617 69.65836 128.58777 152.10939 142.60464 111.86179 103.12467 136.65768 146.25459 76.4828 164.74957 71.84753 158.51519 110.74788 136.30233 146.72854 136.33814 140.17333 126.8135 136.33328 76.77796 137.65971 146.83765 134.12492 125.41994 113.90806 136.73642 132.49572 120.56194 151.8678 106.68411 
130.18432 103.94284 115.38919 137.5185 115.40102 105.1776 117.77895 127.57622 122.83278 88.65676 137.17548 86.94165 137.0217 139.98508 170.25236 x 47.62024 98.87672 115.07334 126.09767 129.34535 127.97649 128.6036 70.2304 126.90209 102.20955 118.2361 77.79246 83.96691 94.45994 133.7488 159.3468 112.99208 129.19833 149.52724 118.84324 127.73769 126.54484 141.25688 114.21907 115.65239 120.98173 122.27789 90.83319 131.04138 x 74.8786 154.79262 86.34518 115.7393 104.39187 153.09776 167.61527 148.5065 115.79416 140.6251 106.60384 99.33026 106.13461 131.81841 115.50986 161.28013 130.82993 132.49177 141.50343 128.62681 78.34311 131.32684 142.51372 101.31113 150.49493 125.73306 129.262 119.66057 123.29957 131.15548 127.5207 134.88624 136.33476 124.69809 133.12085 101.66999 100.99053 118.90817 104.05774 99.23439 120.15799 136.62697 132.33665 136.68198 106.43342 120.40944 126.34878 162.30556 108.25222 142.8099 112.70367 120.48458 66.7377 138.58079 
154.48825 121.93837 122.36293 150.13949 131.07036 135.20593 122.01524 140.47869 128.13456 114.85545 157.67068 89.8908 155.48149 155.18006 181.63673 47.62024 x 118.61953 126.3694 125.19518 141.1135 146.38904 137.96811 87.04311 134.87372 100.16584 145.27524 108.53416 94.68884 118.91948 149.35686 174.91778 108.84533 138.00133 154.49184 128.39949 141.58085 122.82962 151.59722 134.17684 123.18727 136.6282 123.87906 106.4671 140.10349 146.92788 103.17343 159.75143 114.94783 135.56461 138.69802 172.5389 191.03668 166.09839 137.15558 136.75775 117.36786 120.25694 135.21504 139.94002 133.20763 166.98338 141.81893 131.97481 160.1086 147.03923 74.56071 150.13842 157.76411 112.73804 164.86755 152.05552 154.67709 120.29511 128.7013 139.51481 121.56575 165.59045 155.89238 133.80982 140.50137 115.6247 93.04041 123.91764 102.404 126.26436 116.55639 141.68313 159.09946 150.91437 125.62845 134.92637 150.06283 175.85149 107.96002 138.92983 115.12119 143.79755 57.11603 148.98517 
126.46972 132.81659 136.91752 144.78074 122.5569 112.87641 103.02462 139.98096 139.31531 83.84589 133.7608 119.66052 140.28831 127.76747 149.47915 98.87672 118.61953 x 136.60721 166.26413 119.4219 153.95324 133.30914 135.39582 111.33548 138.10736 118.13621 93.53382 102.8623 66.52196 120.00539 132.44013 145.337 133.77032 105.67445 101.07939 110.45367 188.79124 131.26937 81.85001 111.15616 156.47226 110.60284 92.18353 147.32085 147.28989 80.66615 166.28317 108.56096 101.30846 140.62619 161.62282 139.81843 143.95646 86.94394 136.37121 111.23604 116.51771 124.9211 133.5772 132.14821 149.74893 137.51021 91.3761 145.23358 108.62323 133.22981 91.25411 149.60199 94.26809 123.86245 121.70851 110.78831 122.7247 124.85981 132.14002 128.39648 86.23812 146.15416 123.10356 131.70995 114.6236 121.08397 147.33124 113.26754 124.05647 85.07818 159.51213 152.2157 x 119.06785 133.94246 119.68806 170.07461 111.89637 114.73216 135.647 95.54624 111.50922 132.13606 
118.75748 135.10546 104.97374 154.26157 144.90924 153.43479 154.24976 132.94781 155.16247 141.52777 122.11082 113.02336 121.34704 128.3935 160.28736 115.07334 126.3694 136.60721 x 117.3255 143.06006 86.53179 122.8723 105.70686 129.95454 117.7396 122.68871 126.25281 120.69669 105.97531 114.6375 163.56073 106.07447 114.09747 167.75033 113.9735 156.20913 121.86824 115.7637 106.55527 116.75952 120.01588 118.87768 125.83352 119.91408 136.13011 96.54004 180.90327 96.334 118.33683 126.47877 143.7949 120.31033 148.16301 137.60476 131.27738 x 161.2655 169.11227 x 126.01759 155.27686 134.4531 144.54925 167.8026 141.1232 112.07591 157.74088 112.19989 137.14521 138.79919 130.03325 164.40219 148.01742 138.38906 129.87913 139.20798 136.93039 131.40944 128.06683 127.14708 134.64494 112.889 117.81805 112.19298 104.1033 107.00432 141.80688 154.19244 112.82596 155.71883 98.87492 165.7601 140.86456 131.61032 191.93307 128.99152 118.17928 137.21219 132.38562 
106.2658 132.29235 106.65203 154.52668 142.61789 140.31821 172.03511 150.20379 144.77201 140.20874 111.10876 116.20114 97.05819 134.72352 161.06352 126.09767 125.19518 166.26413 117.3255 x 117.23729 138.56103 155.98888 75.47699 138.92238 145.59868 171.52244 134.34306 118.50961 159.89514 150.95493 159.31778 89.89695 112.40512 184.21305 148.48669 183.23343 130.89505 166.17049 126.41888 118.94146 127.68032 126.73479 125.60538 152.13135 114.27629 116.61107 171.53295 159.15578 155.60437 152.4725 143.8522 161.35435 164.22476 185.35342 132.52761 72.7617 147.4413 156.8394 161.71151 142.26225 138.34678 x 163.59966 154.37434 171.00228 92.14559 157.67657 111.42516 133.93557 156.12953 141.61197 186.37307 144.1883 111.11016 135.87827 177.0065 156.73179 141.9928 185.05846 x 152.63934 90.76355 112.51984 151.97174 156.79489 139.60218 154.66583 148.27735 147.49719 137.5488 109.26455 171.56913 171.40708 112.1945 187.60023 124.85082 147.69125 134.7018 158.4217 
75.85046 133.38577 124.28812 x 131.34244 91.08094 101.64894 88.50054 101.84359 115.88917 64.48148 103.98678 61.94984 66.95478 83.85622 129.34535 141.1135 119.4219 143.06006 117.23729 x 138.33504 125.29382 111.81927 120.01327 126.41692 146.38813 117.31913 120.0442 131.20839 x 88.82429 128.6892 101.36133 106.66879 115.51192 114.90061 177.49596 109.08551 108.69877 84.62985 134.03001 100.58915 90.24332 122.41403 98.13063 84.45597 116.45619 143.16992 98.85998 137.74752 120.28398 141.91127 114.97051 146.98934 101.4985 102.32626 x 126.62745 118.58766 125.42087 93.23841 132.54251 110.25463 87.41254 104.58908 132.66152 138.18745 116.68144 82.99055 112.43502 113.65837 130.89546 114.83939 77.01699 116.25916 138.55599 115.6697 98.04676 163.67477 54.99399 115.35601 76.87248 106.97355 129.68942 134.89171 110.40977 131.39608 124.43431 78.46563 130.1119 108.53704 x 152.41345 74.94779 128.72362 x 116.0461 132.68265 122.01096 
111.0042 105.59394 158.27201 128.91675 174.35034 149.23715 156.98432 122.23057 161.08954 161.03438 123.97029 113.55389 111.70121 123.64737 136.06864 127.97649 146.38904 153.95324 86.53179 138.56103 138.33504 x 110.90017 112.20764 141.84008 116.01311 94.35912 140.86695 124.76007 128.80371 133.00003 148.0808 108.21408 146.33839 161.1699 141.44084 149.16373 122.2955 126.79958 124.04973 139.14198 106.36504 129.46434 127.94042 108.81904 130.6638 93.35965 172.22497 107.17187 109.58208 94.98525 124.73814 125.94718 128.15771 123.42222 120.00816 114.40936 142.35313 156.00154 109.19668 103.91678 180.12762 136.31105 149.14684 142.70685 123.24165 128.33607 178.85357 134.14574 143.29178 122.93586 124.41578 167.86401 163.6 136.95199 97.32228 128.00305 139.2155 91.03064 122.35761 128.20666 133.66974 130.50743 147.28223 126.94966 85.50189 142.60295 89.32711 128.92201 100.99732 141.28443 105.97613 154.72109 119.07877 122.25628 190.15791 142.50177 144.10149 134.26598 102.02145 
126.09726 154.95304 133.97901 85.47787 133.17381 163.40073 119.3706 122.92867 109.0765 125.34298 132.01633 113.71741 x 97.82063 114.03457 128.6036 137.96811 133.30914 122.8723 155.98888 125.29382 110.90017 x 128.99573 133.78191 120.23969 115.22292 120.53521 98.57776 135.17051 130.60486 131.23033 107.40005 120.83294 110.09218 100.03438 114.16729 118.14337 93.81063 104.92495 108.07421 70.99248 105.06369 148.99853 124.44378 96.50229 88.51064 103.63811 119.1313 118.4249 145.44872 139.29355 142.1882 130.19993 111.74046 109.71437 x 116.44232 124.90157 135.11252 62.74171 140.05321 51.90517 124.41437 158.73068 x 147.05137 158.62404 117.06104 128.04226 106.32007 163.87757 112.07884 137.30145 120.64174 99.52377 90.17069 158.45613 124.84822 94.47707 108.05196 126.78854 119.22604 140.65408 90.05088 120.05573 117.75143 92.52702 119.09444 90.81446 128.93415 128.29601 104.76074 114.53198 114.92266 117.60046 92.2232 105.96045 114.18388 66.56703 
98.77158 102.16983 102.37917 118.82894 114.2518 114.03379 134.52103 129.95936 130.52526 107.85698 107.57215 82.83523 102.88116 127.87266 x 70.2304 87.04311 135.39582 105.70686 75.47699 111.81927 112.20764 128.99573 x 122.29243 107.48853 131.58932 91.22008 96.01914 129.76437 134.27133 147.59264 89.28318 105.14982 169.6276 132.94957 143.90753 117.46829 145.09426 108.46601 111.95709 97.60829 120.35823 100.23488 121.78981 111.67832 81.98459 148.66282 112.88175 119.23185 98.52333 142.64288 161.46152 152.78474 145.98108 137.82782 83.74623 105.59758 121.15567 141.14728 113.01285 143.3504 123.98595 158.00757 142.93089 144.23118 64.22909 145.56532 119.90523 110.56938 149.56591 119.01687 139.60185 119.53501 118.87138 131.62942 152.87102 140.01321 124.48211 155.03051 118.80768 107.52409 91.43799 116.05188 114.66067 110.6586 132.76589 127.79711 105.33709 127.59971 110.44704 101.59821 138.95256 151.29107 104.57948 168.34985 98.29582 132.51303 97.93565 138.0478 
96.69475 154.54655 115.55616 118.29643 105.95753 151.10166 130.96938 147.78556 143.26535 127.5423 139.88607 122.09374 119.60607 151.69451 129.21083 126.90209 134.87372 111.33548 129.95454 138.92238 120.01327 141.84008 133.78191 122.29243 x 98.45955 138.11143 145.14141 121.08954 120.80594 129.91317 85.74985 111.31796 131.84769 158.30411 84.81667 90.13415 170.29355 151.04284 104.68179 145.49844 139.01063 63.03737 85.75451 84.66336 86.24674 112.54197 164.3313 123.96027 109.4607 122.28896 134.38418 120.25765 127.00726 137.39795 105.70818 99.05009 105.66688 153.50657 125.10751 139.18921 108.66289 120.32289 134.82643 173.00468 159.96863 93.69808 152.65203 112.09668 75.97132 108.69769 97.13352 121.58048 63.31588 154.74923 137.7378 149.21899 139.06021 124.12617 164.08835 132.24399 150.60018 98.77979 160.54649 91.57347 122.18195 118.83779 160.82927 131.90649 123.48778 117.87161 163.04061 149.06442 109.09508 117.47456 142.39939 85.35056 117.06413 112.8104 124.78715 
130.33201 146.02668 124.77937 124.14481 131.31945 149.80814 105.62697 107.26437 129.4687 150.49136 145.84191 98.89088 135.7836 146.30439 138.75364 102.20955 100.16584 138.10736 117.7396 145.59868 126.41692 116.01311 120.23969 107.48853 98.45955 x 138.1483 148.31217 125.89043 130.48873 116.05992 126.98506 x 141.20426 158.47134 104.61856 89.31782 137.59872 125.91718 143.53733 139.05269 130.73904 92.07032 95.9089 x 114.44619 112.52306 147.23919 107.11742 105.11631 105.24502 143.4666 164.21949 130.67793 143.91754 105.43675 133.18536 122.95771 157.56776 110.25233 130.86149 137.67128 121.75884 141.04402 157.38815 146.79587 87.88632 191.94331 139.8561 95.8986 135.67768 120.81768 140.00142 88.02528 152.98342 139.59572 114.98063 174.58104 110.63636 147.48898 130.67771 121.53911 85.10904 135.695 69.73738 90.03617 125.91335 124.48933 136.10928 102.97843 140.58648 150.62665 157.47839 119.01869 115.83051 152.403 90.83475 145.295 91.66273 126.85508 
128.0949 93.4367 172.13097 113.98863 176.08807 141.95414 157.22018 155.18687 147.98063 118.50317 153.93024 98.18307 135.08818 140.61114 154.97723 118.2361 145.27524 118.13621 122.68871 171.52244 146.38813 94.35912 115.22292 131.58932 138.11143 138.1483 x 106.87584 135.67955 86.09716 135.97995 155.68053 151.00757 137.31353 135.05334 138.21832 124.96752 145.39758 122.60911 115.92313 157.5725 108.91034 147.5497 121.08761 132.91392 146.37161 87.17169 152.51613 69.82488 80.39963 112.84316 144.25746 127.9985 123.73411 52.94859 146.43011 129.02298 107.25114 141.96489 126.69814 126.20792 181.94401 137.35076 128.84495 152.36893 113.15384 145.59382 127.1726 151.8248 120.53805 143.67091 142.98816 127.12059 148.4304 141.79032 101.96117 111.86004 118.11849 132.44169 81.68796 x 151.53097 154.03845 176.05955 120.20345 119.46987 145.79483 133.93973 152.12018 129.61559 146.99713 144.77098 102.04775 115.48516 113.07239 156.01465 149.08485 126.48913 132.22613 81.06172 
120.23245 110.29857 122.27418 122.38894 122.7158 103.8049 126.43446 144.5998 120.23455 48.87132 118.1638 90.45425 122.77209 113.74003 167.22217 77.79246 108.53416 93.53382 126.25281 134.34306 117.31913 140.86695 120.53521 91.22008 145.14141 148.31217 106.87584 x 103.72047 93.71912 125.54971 161.60381 140.74367 93.13521 129.18239 129.87358 138.41246 150.58441 121.59331 87.23925 101.92482 107.72816 143.9408 117.64928 160.15715 141.99573 65.10618 132.52386 96.75753 105.60455 132.71359 162.5428 158.69223 156.2726 102.37071 162.28948 111.15253 103.8512 103.7539 162.99395 117.69203 151.67375 122.01708 133.62196 141.88994 106.80389 128.45221 82.39749 137.92391 112.40958 157.06437 147.05829 102.29862 137.48063 108.79986 133.50978 139.23834 106.8195 154.28598 119.33679 126.52744 109.69141 127.48696 131.37806 122.50178 134.19013 120.12355 150.57423 132.11164 133.71237 127.39284 109.44842 89.36844 169.58309 108.40163 138.72299 126.11631 101.87375 119.36771 128.63039 
112.85266 129.96162 113.9905 131.7096 102.52523 122.65394 123.58357 122.06983 121.53771 102.32864 119.95505 122.4447 115.96428 114.43274 134.39385 83.96691 94.68884 102.8623 120.69669 118.50961 120.0442 124.76007 98.57776 96.01914 121.08954 125.89043 135.67955 103.72047 x 120.87065 148.2945 132.37266 70.67414 140.53486 131.41637 100.68186 139.15809 123.99632 147.69704 87.5019 89.84731 111.05373 88.04817 116.12428 143.28776 107.92377 69.8096 156.64584 127.7059 141.84099 128.40744 130.5351 142.24939 139.00265 125.55982 106.22535 89.31472 104.99511 84.03814 118.22192 62.71148 151.10612 104.75481 117.86526 138.55883 107.1165 102.62575 134.35206 113.79252 118.14441 96.07828 127.56423 138.52591 138.21068 100.20313 98.71607 127.90458 128.55915 118.96021 126.18214 105.09785 109.80656 94.006 113.43381 118.20146 104.78601 107.09838 109.87703 110.83369 124.49869 57.69445 105.43024 128.22671 157.28539 109.97435 124.45942 102.64663 98.42938 69.97887 120.86455 
125.27542 116.27224 133.2549 152.86459 145.22807 111.13856 135.52299 135.71495 132.22611 90.86333 139.98541 104.91528 134.72039 133.26447 155.39376 94.45994 118.91948 66.52196 105.97531 159.89514 131.20839 128.80371 135.17051 129.76437 120.80594 130.48873 86.09716 93.71912 120.87065 x 102.8479 149.65096 150.81252 126.26568 123.29265 101.37538 117.94573 163.40063 115.03798 103.14016 128.43018 143.98331 125.12309 88.189 134.89496 152.30589 77.66605 166.62999 62.04677 86.3617 125.85376 141.83831 117.55559 120.72652 78.53068 137.29171 111.50296 123.47958 136.94955 133.82913 140.75114 155.18168 149.2989 96.4011 140.01195 115.2686 129.91157 99.35417 137.50146 93.55302 136.66983 119.83004 127.25712 128.8365 126.92148 121.47418 118.69355 92.27879 137.52274 100.5923 132.37737 139.03346 125.39327 137.14541 115.47513 114.44529 104.95429 164.73166 168.66473 126.19785 142.55698 134.33713 115.83463 146.97073 111.14091 143.7782 144.62362 90.96924 122.13759 122.11224 
105.81621 154.10401 116.51071 146.03175 143.17811 111.75582 110.10844 83.63966 111.83048 127.89766 94.78918 110.6993 99.58536 88.92665 112.4394 133.7488 149.35686 120.00539 114.6375 150.95493 x 133.00003 130.60486 134.27133 129.91317 116.05992 135.97995 125.54971 148.2945 102.8479 x 120.99414 157.34926 100.82974 120.80794 100.43328 106.78714 180.20726 66.57739 125.68919 103.39407 146.44444 117.45882 100.8087 107.86769 131.76366 96.4972 133.53092 109.09515 80.69676 137.26245 130.11675 129.58754 111.55171 141.16355 123.31536 131.87997 150.12779 157.90093 141.98205 147.69561 102.72489 142.0251 116.10413 116.10784 111.50733 148.89992 152.75529 121.51237 93.74281 133.48919 120.20996 130.92461 121.13933 117.9686 140.71424 131.28037 125.23405 113.09035 148.82033 90.02873 128.63973 100.26695 103.9441 118.59793 122.12351 107.23166 157.94322 157.13334 67.23655 171.11457 123.44767 131.64743 144.38295 111.16312 156.74969 133.08897 106.68367 154.45737 131.59604 
77.82851 171.70996 142.93703 120.934 124.83897 135.1824 127.42358 116.91322 133.67587 145.46098 113.02129 149.61414 92.00799 119.76188 66.95979 159.3468 174.91778 132.44013 163.56073 159.31778 88.82429 148.0808 131.23033 147.59264 85.74985 126.98506 155.68053 161.60381 132.37266 149.65096 120.99414 x 134.76373 150.74089 140.68306 101.06843 92.71461 196.72337 146.59559 122.35642 137.77963 148.73756 77.30372 106.67117 101.85509 79.63315 115.64425 150.00069 155.62169 121.4441 130.41351 106.42677 117.34848 102.16424 156.8635 96.51673 125.67939 116.07221 137.36699 110.79504 128.39706 100.16467 126.85761 136.54587 135.25268 136.27028 145.76687 173.45887 112.1102 93.12078 75.54405 96.21121 127.06068 109.03805 140.15796 131.03153 160.09346 136.05749 88.44785 182.98535 103.91874 152.53941 110.7488 155.40948 133.84021 127.66032 141.59897 148.39954 113.50692 96.42188 118.16765 160.92651 139.96895 120.20856 123.73477 140.65574 112.41851 119.05365 143.22231 124.3685 
111.51776 137.07937 114.89283 127.16718 123.14314 157.82718 143.47667 134.98287 143.46992 144.42389 125.77282 120.35431 112.23553 130.86168 137.30819 112.99208 108.84533 145.337 106.07447 89.89695 128.6892 108.21408 107.40005 89.28318 111.31796 x 151.00757 140.74367 70.67414 150.81252 157.34926 134.76373 x 138.47762 162.67507 116.86308 152.72265 106.60188 156.46177 106.4718 112.7047 106.6687 x 126.15207 123.06744 89.64064 101.17337 166.96513 144.93312 148.43193 132.76527 135.07132 147.29336 150.34149 154.67612 93.4632 82.0459 127.56207 137.84216 122.40964 87.48045 148.86247 110.31028 143.30964 163.08249 143.83626 82.06738 170.23235 109.58706 131.21884 107.78086 132.94313 166.23528 133.95403 121.73102 106.41476 138.91414 159.27489 117.89435 149.80587 112.49252 128.77533 84.74546 126.97912 112.94622 115.48083 117.81012 102.34131 117.22326 125.10347 94.56544 111.92264 163.78191 141.4327 113.31147 157.19826 92.50598 133.7738 88.88659 123.07117 
111.7772 145.5952 100.29827 112.88525 131.91524 144.74516 133.94198 148.14376 118.42571 101.1583 107.63206 84.4768 103.53904 105.42819 152.12246 129.19833 138.00133 133.77032 114.09747 112.40512 101.36133 146.33839 120.83294 105.14982 131.84769 141.20426 137.31353 93.13521 140.53486 126.26568 100.82974 150.74089 138.47762 x 138.6437 124.23966 138.86928 154.362 94.69672 99.58378 103.31173 106.89692 132.63205 129.94618 140.94189 116.65959 101.20261 112.6276 123.49647 100.75448 161.81435 164.79293 153.70643 158.35656 142.85327 148.9908 112.45952 136.51047 161.24823 180.67095 144.79974 102.47309 116.8664 142.03498 163.53825 134.60031 133.51526 118.60874 116.70006 111.06567 162.6422 160.15449 119.55407 115.73213 116.25896 146.11479 144.51012 140.07027 159.89784 147.32408 109.90458 136.34111 109.94709 129.46496 109.77155 161.42485 109.76211 163.21667 151.37227 115.42075 169.1655 119.44198 121.10687 150.84966 103.16616 153.07769 108.21762 116.59828 150.95555 125.68684 
149.53389 152.84359 173.63942 136.89369 174.35464 142.00869 109.46769 128.27387 114.72587 126.43156 140.26354 124.32641 137.27415 94.08556 114.54547 149.52724 154.49184 105.67445 167.75033 184.21305 106.66879 161.1699 110.09218 169.6276 158.30411 158.47134 135.05334 129.18239 131.41637 123.29265 120.80794 140.68306 162.67507 138.6437 x 126.86843 125.26462 188.28358 99.55394 124.39561 109.24756 153.11456 131.4646 138.28676 166.05999 147.70458 104.51751 119.96043 148.365 115.59203 185.89883 162.96034 164.07439 135.09248 107.10574 118.33151 149.48716 139.36458 143.91941 131.34303 131.97225 152.02407 139.67121 60.78612 126.17262 65.65631 181.13881 128.77378 164.51307 120.25526 127.28332 175.80569 138.8554 153.73941 93.18269 106.80163 87.07137 135.36378 147.63423 109.74735 104.88183 139.09375 129.55982 150.38244 133.40397 163.2809 102.70155 135.01571 177.40741 110.87338 157.95633 142.05907 105.51839 172.00516 93.22458 80.02016 154.42927 124.06286 138.68351 101.72036 
108.59963 172.05279 85.11857 135.07238 90.95677 138.37126 119.68988 111.03735 97.61515 108.72684 129.50267 129.00559 114.35663 118.96839 109.79326 118.84324 128.39949 101.07939 113.9735 148.48669 115.51192 141.44084 100.03438 132.94957 84.81667 104.61856 138.21832 129.87358 100.68186 101.37538 100.43328 101.06843 116.86308 124.23966 126.86843 x 89.25346 148.97711 111.53726 105.80852 110.97654 126.0664 59.87605 107.4817 103.19158 x 93.86662 140.03581 106.71591 118.93777 138.28373 112.28946 105.47534 101.32909 131.71001 93.94402 118.37044 119.35403 126.4433 132.8675 111.62944 92.93601 98.44162 107.52078 152.78838 120.22454 123.81899 147.37665 82.37119 83.64575 89.62874 119.29297 112.73265 95.02804 129.12426 124.16959 121.44415 140.07741 117.55107 132.46327 100.58737 144.78024 89.22899 113.59766 92.57837 110.92328 100.61267 155.12848 x 99.56092 122.0616 147.84326 123.46642 115.13195 121.80674 120.60906 84.44872 60.96724 111.35019 115.15026 
124.09665 163.88414 142.28182 103.77566 124.7545 142.6082 96.28439 121.79667 114.25464 124.37942 149.10345 116.71789 134.69281 138.10034 116.79827 127.73769 141.58085 110.45367 156.20913 183.23343 114.90061 149.16373 114.16729 143.90753 90.13415 89.31782 124.96752 138.41246 139.15809 117.94573 106.78714 92.71461 152.72265 138.86928 125.26462 89.25346 x 180.47619 115.51418 132.49689 146.69931 137.35923 98.4422 101.09785 81.99339 111.0142 110.60541 120.11785 108.64693 85.85744 123.90727 141.6368 148.31753 111.26867 118.29613 119.8037 151.10267 97.19454 140.37685 121.10534 136.24913 116.48948 109.94891 125.58853 154.01903 126.14082 138.11119 165.24157 140.86877 70.86289 122.96479 126.26543 82.96993 74.62676 155.09456 142.69841 117.39249 153.83195 121.6817 142.92127 132.02856 138.92172 117.20142 162.30165 82.40607 117.48095 132.42812 150.90229 135.29389 101.42483 141.26863 175.58618 113.16901 x 118.88059 112.86646 98.22865 119.26629 118.42743 109.75112 
163.8291 152.03942 144.03057 150.45086 172.23725 186.73287 193.22074 164.62264 135.76879 157.917 179.65293 125.84853 152.71512 166.1889 181.85309 126.54484 122.82962 188.79124 121.86824 130.89505 177.49596 122.2955 118.14337 117.46829 170.29355 137.59872 145.39758 150.58441 123.99632 163.40063 180.20726 196.72337 106.60188 154.362 188.28358 148.97711 180.47619 x 160.49649 163.62582 160.89216 88.84914 150.99145 169.40781 154.57593 135.78879 131.16145 158.44633 132.03382 170.87261 158.59593 150.51054 176.2877 157.8953 164.22617 142.96934 144.63246 145.18482 155.14272 164.82908 120.06591 185.85497 134.95953 172.10548 187.82949 162.72875 126.90154 192.18949 134.17257 161.43706 169.0557 190.59461 186.98067 168.50803 148.19977 123.1416 134.30624 205.36969 157.68221 128.77839 149.72647 180.80701 136.79081 144.7426 138.14537 148.93413 171.75806 136.81565 169.67761 163.7376 154.67546 156.109 157.45099 139.25088 142.15763 181.48656 128.31041 154.44847 119.14044 128.38987 
133.60504 158.174 135.18827 126.17126 159.61071 148.29322 111.38814 106.57565 110.4198 132.45519 119.2343 103.04852 120.15106 83.78757 123.18911 141.25688 151.59722 131.26937 115.7637 166.17049 109.08551 126.79958 93.81063 145.09426 151.04284 125.91718 122.60911 121.59331 147.69704 115.03798 66.57739 146.59559 156.46177 94.69672 99.55394 111.53726 115.51418 160.49649 x 124.93064 103.66151 122.49083 131.79092 138.1413 125.65664 136.5208 99.72072 106.86313 109.77165 86.20897 159.30779 153.35105 147.57824 130.58563 122.61124 130.06123 149.7608 153.46216 163.90148 154.26446 132.28912 127.27096 117.44895 113.88217 142.013 87.65017 x 154.30307 135.9292 120.48235 142.73074 164.04852 125.40188 139.17217 118.90153 130.54076 97.18425 147.78079 136.13252 111.2296 102.63607 129.26006 120.2042 124.97859 103.99844 136.45604 104.68541 137.25241 163.54327 70.57584 181.87444 124.46148 117.79586 140.38261 111.99406 142.20435 131.46753 114.89225 153.89271 103.30255 
90.0457 128.43539 115.59556 112.86206 109.05698 131.98295 120.6993 144.76784 145.83447 92.10395 97.56572 114.26685 103.78561 101.51561 136.32429 114.21907 134.17684 81.85001 106.55527 126.41888 108.69877 124.04973 104.92495 108.46601 104.68179 143.53733 115.92313 87.23925 87.5019 103.14016 125.68919 122.35642 106.4718 99.58378 124.39561 105.80852 132.49689 163.62582 124.93064 x 89.37797 114.69277 99.86716 115.51796 141.94688 111.60631 68.47342 157.07762 120.81413 106.14629 135.07791 151.06824 117.6402 151.43236 104.99659 129.82301 76.53536 118.80914 127.61033 145.58624 99.86171 134.7988 102.14232 121.38486 156.35176 108.70552 123.84166 95.83165 114.02739 115.24703 107.27223 122.17187 111.42065 130.44541 114.44694 118.02323 142.39192 84.27109 135.91095 129.54859 114.12598 108.54701 115.44021 142.24391 110.0487 123.31244 84.05975 134.70033 114.42529 111.02158 108.30066 96.55114 123.71289 151.50178 109.97502 139.95236 111.59963 90.12263 124.51399 113.24655 
112.56627 149.46015 103.8278 143.12142 117.18794 116.5092 96.64493 97.2342 117.84474 113.41647 73.305 119.5162 101.02387 59.69926 124.48058 115.65239 123.18727 111.15616 116.75952 118.94146 84.62985 139.14198 108.07421 111.95709 145.49844 139.05269 157.5725 101.92482 89.84731 128.43018 103.39407 137.77963 112.7047 103.31173 109.24756 110.97654 146.69931 160.89216 103.66151 89.37797 x 131.59806 107.75145 126.85953 151.87366 125.19912 78.43791 140.09431 143.71311 128.77785 157.18707 150.93494 154.50444 153.35844 146.95983 120.47002 106.62183 148.42991 126.20162 148.6993 101.44153 125.21842 117.52232 114.11174 123.34693 89.61171 137.88116 135.20745 121.20176 125.87865 119.42994 142.37087 141.50691 147.60941 78.29246 126.63906 134.48967 122.94781 130.1113 144.50502 73.41304 86.42559 86.39669 81.11226 125.98592 129.15486 75.96316 124.62834 131.4607 90.57517 129.73877 67.66932 137.18525 182.3663 107.486 137.66839 121.22914 103.81045 127.26644 137.53799 
115.17558 137.02701 127.67328 78.6875 136.10438 159.35576 155.97831 146.44379 114.01549 116.46628 134.81171 101.50147 108.44542 120.9955 142.39389 120.98173 136.6282 156.47226 120.01588 127.68032 134.03001 106.36504 70.99248 97.60829 139.01063 130.73904 108.91034 107.72816 111.05373 143.98331 146.44444 148.73756 106.6687 106.89692 153.11456 126.0664 137.35923 88.84914 122.49083 114.69277 131.59806 x 129.77393 149.3187 130.62269 91.96562 93.47682 107.00057 112.40292 125.10213 130.54828 134.50904 145.925 x 128.60521 136.22443 125.88705 101.31157 122.13661 154.18724 84.25558 144.83276 75.78366 158.49044 165.93248 122.10534 130.02472 154.61168 105.95549 130.6943 138.42064 163.42331 119.9191 137.67081 128.71455 110.3209 127.96245 163.59826 133.31292 118.27389 122.42332 147.11033 128.65437 146.38776 110.50869 131.76414 151.3727 115.81929 111.59636 121.81313 130.59605 133.19363 102.17565 105.94826 118.47778 151.50146 91.20542 118.60435 122.39642 84.7977 
94.08475 158.20957 101.56606 123.99677 98.9573 141.08462 111.50568 109.52614 118.91444 129.99508 117.64636 124.86309 102.09554 117.51903 94.38046 122.27789 123.87906 110.60284 118.87768 126.73479 100.58915 129.46434 105.06369 120.35823 63.03737 92.07032 147.5497 143.9408 88.04817 125.12309 117.45882 77.30372 x 132.63205 131.4646 59.87605 98.4422 150.99145 131.79092 99.86716 107.75145 129.77393 x 95.53654 90.75359 70.6448 96.41109 150.80429 132.48197 121.94387 131.35023 113.41838 116.69169 112.0897 141.63184 61.46342 94.78997 116.21506 133.87376 104.81586 104.45581 100.351 103.36272 109.05719 147.24927 128.68046 101.21475 159.34954 93.27903 86.26215 68.8075 103.65707 133.66113 91.08596 122.17522 111.55478 125.95103 140.41173 99.34814 149.78923 92.72546 131.63018 65.97269 122.14162 92.8743 107.58317 94.45569 129.06447 123.53029 94.84744 100.41504 135.71986 144.9789 119.2667 105.71319 123.27786 78.10091 99.92173 96.34019 113.54183 
92.35339 104.37936 126.52747 139.00885 130.82186 84.50584 117.07684 111.51554 126.22492 110.90199 116.47984 94.05833 105.80315 130.99007 128.71182 90.83319 106.4671 92.18353 125.83352 125.60538 90.24332 127.94042 148.99853 100.23488 85.75451 95.9089 121.08761 117.64928 116.12428 88.189 100.8087 106.67117 126.15207 129.94618 138.28676 107.4817 101.09785 169.40781 138.1413 115.51796 126.85953 149.3187 95.53654 x 98.3912 120.99131 84.63031 160.84675 103.48542 86.05385 98.32655 121.01543 132.64399 108.77744 123.91661 107.23187 87.00205 101.81695 131.94185 94.79251 142.89776 128.61866 153.88125 108.93157 111.42787 136.42831 86.81576 133.18907 130.86511 53.80901 123.29105 71.81585 137.18276 90.79916 117.72538 121.10256 136.41478 106.57944 100.73609 152.88608 110.96789 125.68621 82.37925 126.6888 114.73005 105.40209 114.95312 149.59288 x 114.22588 116.92521 133.15558 134.69491 140.75583 84.57292 142.7058 123.05452 120.39404 101.23324 132.34266 
109.27106 154.51551 131.03387 117.89847 137.41421 153.76684 125.14304 111.99692 138.57044 158.67438 138.09001 114.2842 119.81691 144.31861 120.22138 131.04138 140.10349 147.32085 119.91408 152.13135 122.41403 108.81904 124.44378 121.78981 84.66336 x 132.91392 160.15715 143.28776 134.89496 107.86769 101.85509 123.06744 140.94189 166.05999 103.19158 81.99339 154.57593 125.65664 141.94688 151.87366 130.62269 90.75359 98.3912 x 100.70561 117.96081 151.25664 110.7227 96.45809 96.59081 124.99136 137.65779 112.93513 148.15029 104.90876 133.55973 125.69315 165.89017 111.5625 137.21763 124.98954 123.80647 150.6974 158.33723 152.42174 108.33521 195.97401 125.30846 95.09561 123.1757 104.25648 136.2045 89.08029 162.23802 140.10215 133.77956 166.50968 94.36018 160.19921 129.66832 142.19636 101.43599 149.72872 87.14125 92.73542 139.96881 135.66128 129.48403 92.05634 148.0009 159.1258 157.21145 88.96453 124.73259 167.35906 97.18413 140.84401 124.15755 120.17542 
79.1314 160.44766 108.17377 90.57248 108.21098 150.44043 140.59337 127.80978 106.11214 128.38567 116.08226 121.71335 78.19829 115.92106 91.35456 x 146.92788 147.28989 136.13011 114.27629 98.13063 130.6638 96.50229 111.67832 86.24674 114.44619 146.37161 141.99573 107.92377 152.30589 131.76366 79.63315 89.64064 116.65959 147.70458 x 111.0142 135.78879 136.5208 111.60631 125.19912 91.96562 70.6448 120.99131 100.70561 x 104.88421 118.69981 142.17736 128.59365 134.6593 103.0834 122.48607 110.62916 155.35734 87.98634 105.7131 98.77759 127.75205 128.6473 101.25064 86.93259 86.78077 141.82678 152.79234 137.67447 115.5814 164.47401 72.70875 96.60304 93.28715 127.11036 124.98021 96.92016 123.43875 111.83782 142.92024 157.49729 104.56347 161.24154 91.63578 153.95488 89.63067 136.2807 110.27505 132.977 136.47341 130.94629 105.1511 104.71 110.04526 146.60052 125.37542 94.30336 107.52542 134.07631 62.75611 109.3165 119.04536 99.96419 
79.57339 94.30076 111.10256 107.37208 114.26957 84.7416 106.24086 96.41563 103.20211 76.2448 85.00798 83.21695 81.55308 77.83905 113.62544 74.8786 103.17343 80.66615 96.54004 116.61107 84.45597 93.35965 88.51064 81.98459 112.54197 112.52306 87.17169 65.10618 69.8096 77.66605 96.4972 115.64425 101.17337 101.20261 104.51751 93.86662 110.60541 131.16145 99.72072 68.47342 78.43791 93.47682 96.41109 84.63031 117.96081 104.88421 x 128.47363 83.37727 83.43261 98.86885 112.15641 114.92528 108.10898 88.29847 106.41192 79.52322 90.75895 88.13848 106.67931 76.71697 131.42073 103.64271 98.44903 103.15987 72.68017 107.63808 105.27843 104.23025 87.35385 98.80597 103.54172 108.48713 121.83606 79.87475 84.28598 108.95655 85.67998 94.43347 102.3295 83.01504 94.12567 90.3503 103.64727 102.95587 87.29782 95.23392 106.0595 105.73773 85.49754 93.78385 82.11857 90.53226 132.43537 79.58539 125.10573 106.39947 78.1512 x 92.06668 
150.24241 176.0577 155.5365 96.26461 160.20765 163.93685 135.40676 143.38864 78.54832 128.24084 153.04541 112.70601 132.09038 119.51781 133.86718 154.79262 159.75143 166.28317 180.90327 171.53295 116.45619 172.22497 103.63811 148.66282 164.3313 147.23919 152.51613 132.52386 156.64584 166.62999 133.53092 150.00069 166.96513 112.6276 119.96043 140.03581 120.11785 158.44633 106.86313 157.07762 140.09431 107.00057 150.80429 160.84675 151.25664 118.69981 128.47363 x 150.28352 128.92748 181.34188 163.46096 190.71877 143.45088 153.50976 147.62125 173.5225 119.47694 144.69287 171.21649 139.70858 122.86513 110.16445 147.41638 157.51476 121.16363 174.75906 168.10559 148.40636 121.42495 167.07427 197.02725 115.05634 130.47951 128.12444 143.58844 121.97988 191.28273 160.36397 146.7347 119.15592 163.00253 134.82222 156.36864 126.50987 179.12447 160.30375 151.45084 158.04378 125.37959 175.29229 172.9526 88.16632 142.91241 114.43264 111.88153 115.52596 142.16751 149.21491 109.01001 
127.26101 118.53035 129.15895 132.22871 142.51564 128.07709 142.10792 134.10463 126.46843 102.58166 148.54453 93.04988 135.8523 142.48847 161.37163 86.34518 114.94783 108.56096 96.334 159.15578 143.16992 107.17187 119.1313 112.88175 123.96027 107.11742 69.82488 96.75753 127.7059 62.04677 109.09515 155.62169 144.93312 123.49647 148.365 106.71591 108.64693 132.03382 109.77165 120.81413 143.71311 112.40292 132.48197 103.48542 110.7227 142.17736 83.37727 150.28352 x 83.13017 99.37596 137.44909 128.4592 118.84693 87.94897 144.91701 128.16261 112.07541 135.94851 138.96806 130.30135 157.78273 129.76877 132.29446 153.54399 124.79313 120.44287 135.61696 131.79685 100.97493 148.2448 127.63518 115.81645 122.50958 145.72091 127.8858 116.16097 129.98061 131.38519 96.69385 142.37211 140.74796 130.64227 142.16635 98.54996 96.81683 133.17476 152.95733 151.53399 122.58884 147.14142 143.38203 111.2428 117.0237 122.25606 158.88045 126.16503 104.61005 117.83989 111.89808 
105.83083 108.51704 146.07796 101.04365 152.95956 122.40758 106.54911 123.12482 131.70839 115.25601 118.75618 72.66483 112.53229 113.30428 129.28443 115.7393 135.56461 101.30846 118.33683 155.60437 98.85998 109.58208 118.4249 119.23185 109.4607 105.11631 80.39963 105.60455 141.84099 86.3617 80.69676 121.4441 148.43193 100.75448 115.59203 118.93777 85.85744 170.87261 86.20897 106.14629 128.77785 125.10213 121.94387 86.05385 96.45809 128.59365 83.43261 128.92748 83.13017 x 111.95239 146.95174 135.57606 121.37444 87.28824 128.99348 119.67197 112.57008 154.04754 121.53787 139.42165 135.55124 129.54626 114.33183 134.09291 109.93607 130.52274 130.19089 144.26963 82.90984 138.12646 119.17203 105.89483 105.07183 x 123.01514 110.62756 111.2177 119.15505 119.45613 121.99043 118.71054 117.61195 153.09488 90.8552 115.47112 111.48494 135.52901 141.84557 88.00885 155.37177 130.55456 111.11253 121.37485 88.47084 142.06922 126.15544 124.23948 x 96.34425 
101.38282 118.15123 149.34899 135.79702 140.36949 116.52319 148.09419 124.18331 160.893 142.43954 130.75598 127.57992 122.89264 151.60778 151.9707 104.39187 138.69802 140.62619 126.47877 152.4725 137.74752 94.98525 145.44872 98.52333 122.28896 105.24502 112.84316 132.71359 128.40744 125.85376 137.26245 130.41351 132.76527 161.81435 185.89883 138.28373 123.90727 158.59593 159.30779 135.07791 157.18707 130.54828 131.35023 98.32655 96.59081 134.6593 98.86885 181.34188 99.37596 111.95239 x 124.24456 140.2361 128.60389 137.69912 147.31636 125.20012 112.5043 128.42178 115.40603 124.00311 172.08188 145.79278 173.16818 140.9794 149.45214 109.81079 180.58309 140.39347 120.04987 135.45889 78.27288 140.21659 x 162.94176 142.05864 166.03918 134.39336 x 163.66869 148.94152 129.04676 134.85939 155.3748 133.42745 61.35745 166.85454 135.88605 99.03769 123.75745 116.69111 141.16125 150.63569 129.94006 142.15417 193.02953 133.39561 141.78115 125.55567 142.41225 
90.28026 158.51127 142.04215 159.13344 155.88798 122.17635 180.91445 108.47477 116.17118 149.43458 126.98318 154.72298 84.38929 127.37845 91.12089 153.09776 172.5389 161.62282 143.7949 143.8522 120.28398 124.73814 139.29355 142.64288 134.38418 143.4666 144.25746 162.5428 130.5351 141.83831 130.11675 106.42677 135.07132 164.79293 162.96034 112.28946 141.6368 150.51054 153.35105 151.06824 150.93494 134.50904 113.41838 121.01543 124.99136 103.0834 112.15641 163.46096 137.44909 146.95174 124.24456 x 90.6922 51.77541 165.62637 99.57202 125.94679 129.28702 121.85786 112.57292 123.82048 134.54725 154.77842 142.61293 110.62269 139.34018 x 180.43218 83.85741 116.2991 93.41817 109.2837 169.86166 152.32965 124.87758 102.7982 160.00574 146.38119 69.40271 167.13835 96.40242 185.52402 121.2342 123.7161 166.02194 122.7426 171.04608 154.31632 144.24257 119.88434 126.43169 156.19325 136.99809 111.97565 132.17922 172.85131 141.67823 108.95442 147.98539 126.48457 
92.76081 166.76903 142.62186 163.78416 157.108 150.48672 187.86388 148.33963 156.56011 146.36182 132.59036 163.95025 104.96207 136.23348 118.93658 167.61527 191.03668 139.81843 120.31033 161.35435 141.91127 125.94718 142.1882 161.46152 120.25765 164.21949 127.9985 158.69223 142.24939 117.55559 129.58754 117.34848 147.29336 153.70643 164.07439 105.47534 148.31753 176.2877 147.57824 117.6402 154.50444 145.925 116.69169 132.64399 137.65779 122.48607 114.92528 190.71877 128.4592 135.57606 140.2361 90.6922 x 97.13636 143.90255 124.67399 116.6018 151.47145 156.10766 144.42007 138.51487 142.61859 153.13421 141.37368 157.17313 145.32649 163.32699 154.03531 88.40841 130.66698 x 111.85595 160.81008 158.82057 148.78231 119.85807 169.13521 113.60907 113.31606 156.14941 126.01608 189.99082 146.56115 155.44906 159.69787 132.098 150.04331 176.44011 159.46141 126.04995 146.45847 154.67771 148.77206 115.197 149.1153 185.96519 153.19056 90.90304 171.69307 125.99935 
105.07569 152.78075 151.69905 147.64959 163.19987 121.73487 163.70879 104.70711 100.42012 140.54367 139.10441 138.62057 99.53165 125.75919 84.09512 148.5065 166.09839 143.95646 148.16301 164.22476 114.97051 128.15771 130.19993 152.78474 127.00726 130.67793 123.73411 156.2726 139.00265 120.72652 111.55171 102.16424 150.34149 158.35656 135.09248 101.32909 111.26867 157.8953 130.58563 151.43236 153.35844 x 112.0897 108.77744 112.93513 110.62916 108.10898 143.45088 118.84693 121.37444 128.60389 51.77541 97.13636 x 139.94864 92.8626 137.04919 118.24076 128.14221 99.64889 132.52916 130.30787 151.11666 115.69868 106.66762 123.37251 154.61771 169.35637 105.66634 94.01278 98.91292 117.79551 152.32387 135.22725 123.59569 96.33789 130.17726 143.36193 78.79833 143.83424 99.3538 182.00245 120.80486 134.21618 147.8504 124.46793 159.46888 153.44418 158.49793 109.75316 139.96699 166.23123 115.61043 97.93701 116.11455 146.74948 140.68033 105.71849 140.88565 105.38404 
144.31785 108.98131 175.81066 119.40684 170.03896 146.50218 136.03214 159.7088 148.87292 109.3049 161.2848 105.41148 151.8684 139.85308 158.10513 115.79416 137.15558 86.94394 137.60476 185.35342 146.98934 123.42222 111.74046 145.98108 137.39795 143.91754 52.94859 102.37071 125.55982 78.53068 141.16355 156.8635 154.67612 142.85327 107.10574 131.71001 118.29613 164.22617 122.61124 104.99659 146.95983 128.60521 141.63184 123.91661 148.15029 155.35734 88.29847 153.50976 87.94897 87.28824 137.69912 165.62637 143.90255 139.94864 x 145.67069 134.54102 110.09171 139.9297 128.74482 125.99834 184.03925 133.40011 105.38381 159.06855 99.16355 152.93795 110.19337 166.50079 119.80279 140.22142 154.52517 117.796 146.64705 138.5291 107.73156 96.66189 114.04633 149.62325 67.13568 152.22201 139.32262 153.21181 180.2812 111.85343 129.74817 123.43254 136.20792 x 133.97613 142.16318 147.77187 100.62542 141.43381 111.13534 125.99479 150.06684 122.85571 121.55513 87.07073 
110.47046 148.87569 138.53813 136.00719 151.19367 145.51724 132.59544 101.16219 114.47535 153.4011 128.11084 124.7189 101.19279 113.02402 75.32967 140.6251 136.75775 136.37121 131.27738 132.52761 101.4985 120.00816 109.71437 137.82782 105.70818 105.43675 146.43011 162.28948 106.22535 137.29171 123.31536 96.51673 93.4632 148.9908 118.33151 93.94402 119.8037 142.96934 130.06123 129.82301 120.47002 136.22443 61.46342 107.23187 104.90876 87.98634 106.41192 147.62125 144.91701 128.99348 147.31636 99.57202 124.67399 92.8626 145.67069 x 108.07939 129.90936 145.70707 77.75778 112.72289 125.06758 131.68287 90.88708 125.24366 121.01844 124.09385 173.44845 111.72299 101.25638 74.41624 125.99763 167.05246 122.6199 103.43626 78.76752 105.35191 153.53173 86.38833 141.26174 79.08309 x 73.96655 122.76644 118.63053 124.25876 112.12722 112.33123 151.39797 95.8325 122.12842 138.37314 147.94944 120.18488 89.1723 124.71987 115.08002 123.8482 106.94364 99.31104 
77.34168 101.44091 112.34138 136.77157 128.54848 116.38148 147.62557 139.33063 143.92363 112.17717 98.64285 104.86743 86.35305 119.13642 137.03254 106.60384 117.36786 111.23604 x 72.7617 102.32626 114.40936 x 83.74623 99.05009 133.18536 129.02298 111.15253 89.31472 111.50296 131.87997 125.67939 82.0459 112.45952 149.48716 118.37044 151.10267 144.63246 149.7608 76.53536 106.62183 125.88705 94.78997 87.00205 133.55973 105.7131 79.52322 173.5225 128.16261 119.67197 125.20012 125.94679 116.6018 137.04919 134.54102 108.07939 x 120.00154 135.35193 123.96917 120.43526 136.29876 141.24478 122.13879 136.97414 x 84.32911 114.78534 104.66776 104.63511 x 100.4349 157.35597 126.45883 99.30822 102.81237 151.56978 98.14212 117.81232 150.91781 102.43 131.97495 87.89793 123.47373 129.19144 125.49098 103.75497 138.32373 132.61151 126.15637 102.70975 96.02731 146.76063 149.90616 89.75434 159.1992 120.37157 113.84792 112.52233 127.40008 
110.18998 120.55018 144.98091 87.16757 123.01776 122.06865 136.92025 147.59832 107.71696 87.28017 147.8239 102.37777 119.83934 143.31281 137.09322 99.33026 120.25694 116.51771 161.2655 147.4413 x 142.35313 116.44232 105.59758 105.66688 122.95771 107.25114 103.8512 104.99511 123.47958 150.12779 116.07221 127.56207 136.51047 139.36458 119.35403 97.19454 145.18482 153.46216 118.80914 148.42991 101.31157 116.21506 101.81695 125.69315 98.77759 90.75895 119.47694 112.07541 112.57008 112.5043 129.28702 151.47145 118.24076 110.09171 129.90936 120.00154 x 88.22151 119.63848 112.2749 141.17113 112.31743 136.21991 143.71568 129.85247 113.14388 130.69365 131.03254 80.18823 129.86419 131.02704 96.60012 99.52121 130.30375 113.99513 133.07079 140.87 126.22508 136.73538 131.42595 x 121.96017 162.56005 114.72989 130.01283 154.01558 139.97896 113.31881 139.50696 91.26387 162.99618 80.95587 118.08823 100.149 110.47008 98.14059 118.2881 89.05876 101.83467 
120.88497 147.00842 142.93223 141.10685 117.97958 99.45661 147.25071 128.7688 108.34999 92.16574 134.15137 146.15264 122.8697 126.73894 139.96776 106.13461 135.21504 124.9211 169.11227 156.8394 126.62745 156.00154 124.90157 121.15567 153.50657 157.56776 141.96489 103.7539 84.03814 136.94955 157.90093 137.36699 137.84216 161.24823 143.91941 126.4433 140.37685 155.14272 163.90148 127.61033 126.20162 122.13661 133.87376 131.94185 165.89017 127.75205 88.13848 144.69287 135.94851 154.04754 128.42178 121.85786 156.10766 128.14221 139.9297 145.70707 135.35193 88.22151 x 138.08007 89.93143 159.57914 127.6629 146.34446 121.60401 111.39601 146.41195 142.15869 128.61174 123.01557 122.88625 139.05907 125.12173 156.10833 116.6692 123.80568 157.41618 136.7494 125.13985 150.53686 121.17735 141.1976 134.45116 132.54649 157.50822 126.08194 163.22082 144.99468 110.64244 144.46818 75.65309 145.20119 95.68285 165.92418 134.24073 132.21684 130.40806 102.34955 110.96475 138.55443 
122.09218 117.5611 179.24276 143.04839 175.55208 128.15432 135.92094 107.5898 144.56031 162.2058 143.12551 129.06161 124.09635 135.80597 103.59327 131.81841 139.94002 133.5772 x 161.71151 118.58766 109.19668 135.11252 141.14728 125.10751 110.25233 126.69814 162.99395 118.22192 133.82913 141.98205 110.79504 122.40964 180.67095 131.34303 132.8675 121.10534 164.82908 154.26446 145.58624 148.6993 154.18724 104.81586 94.79251 111.5625 128.6473 106.67931 171.21649 138.96806 121.53787 115.40603 112.57292 144.42007 99.64889 128.74482 77.75778 123.96917 119.63848 138.08007 x 122.00589 172.85372 159.41067 108.66714 107.52482 122.52833 130.61662 180.92535 155.3881 111.1129 96.39419 110.29721 172.36529 143.81966 124.70533 85.13623 116.15022 142.54132 73.04367 143.55516 118.37283 143.75517 112.36848 153.89322 137.8329 104.5949 142.73707 101.82462 145.99941 114.08057 113.89453 147.09702 150.86771 136.23606 100.06943 142.9402 148.57059 151.08131 104.734 111.64818 
111.96175 143.48935 134.1665 110.3938 121.87141 141.48353 129.74876 114.96952 124.32144 124.82277 117.27199 132.11228 109.87827 99.68653 117.1565 115.50986 133.20763 132.14821 126.01759 142.26225 125.42087 103.91678 62.74171 113.01285 139.18921 130.86149 126.20792 117.69203 62.71148 140.75114 147.69561 128.39706 87.48045 144.79974 131.97225 111.62944 136.24913 120.06591 132.28912 99.86171 101.44153 84.25558 104.45581 142.89776 137.21763 101.25064 76.71697 139.70858 130.30135 139.42165 124.00311 123.82048 138.51487 132.52916 125.99834 112.72289 120.43526 112.2749 89.93143 122.00589 x 157.12763 79.12636 137.43137 141.45871 87.76588 136.09627 160.8067 112.95958 137.29477 88.79214 141.71438 130.6745 155.58425 114.04328 95.03704 124.44948 143.22987 105.54173 119.83433 106.38213 115.16022 118.8806 129.43125 121.76211 98.47902 130.78446 81.52312 88.38301 104.4093 84.86173 109.35835 119.5102 137.48719 125.05378 137.84724 105.57244 105.81408 103.75931 99.16536 
105.35843 197.13148 91.92693 138.15197 109.28695 150.1865 138.83713 132.43227 102.63788 130.26386 119.28877 140.3032 100.67027 121.88584 113.50206 161.28013 166.98338 149.74893 155.27686 138.34678 93.23841 180.12762 140.05321 143.3504 108.66289 137.67128 181.94401 151.67375 151.10612 155.18168 102.72489 100.16467 148.86247 102.47309 152.02407 92.93601 116.48948 185.85497 127.27096 134.7988 125.21842 144.83276 100.351 128.61866 124.98954 86.93259 131.42073 122.86513 157.78273 135.55124 172.08188 134.54725 142.61859 130.30787 184.03925 125.06758 136.29876 141.17113 159.57914 172.85372 157.12763 x 126.09068 148.06059 161.38879 157.12379 147.96134 165.45043 91.69097 94.26071 135.03574 143.88308 127.95191 92.63862 137.09236 162.19029 168.36027 165.86712 142.74526 x 97.72475 169.17564 97.64532 127.05242 129.92586 166.71182 134.59392 187.81176 153.10167 114.70949 162.71052 166.61015 140.8758 140.23622 129.28884 145.52043 95.92316 109.71331 160.10656 147.8522 
124.87325 174.76193 117.32546 77.86384 100.51037 172.5777 118.94559 141.69299 120.3167 120.62242 136.81936 125.75648 126.91129 119.19437 132.32897 130.82993 141.81893 137.51021 134.4531 x 132.54251 136.31105 51.90517 123.98595 120.32289 121.75884 137.35076 122.01708 104.75481 149.2989 142.0251 126.85761 110.31028 116.8664 139.67121 98.44162 109.94891 134.95953 117.44895 102.14232 117.52232 75.78366 103.36272 153.88125 123.80647 86.78077 103.64271 110.16445 129.76877 129.54626 145.79278 154.77842 153.13421 151.11666 133.40011 131.68287 141.24478 112.31743 127.6629 159.41067 79.12636 126.09068 x 153.01718 182.78031 116.70755 140.45924 164.13895 113.48796 128.42704 119.7845 x 89.19198 121.12812 145.67158 135.72826 127.82332 168.43045 142.32502 131.25091 126.48777 128.29499 124.11566 152.71336 84.58199 128.0011 128.15781 122.56279 100.63522 108.2958 125.6575 145.0964 116.19707 120.31222 135.02806 127.68179 63.08504 108.50978 119.94147 99.77041 
140.52579 136.99825 157.65381 153.52941 168.82626 131.81346 123.39593 124.30855 114.88333 124.34565 143.20033 116.4763 132.37166 112.30038 117.24011 132.49177 131.97481 91.3761 144.54925 163.59966 110.25463 149.14684 124.41437 158.00757 134.82643 141.04402 128.84495 133.62196 117.86526 96.4011 116.10413 136.54587 143.30964 142.03498 60.78612 107.52078 125.58853 172.10548 113.88217 121.38486 114.11174 158.49044 109.05719 108.93157 150.6974 141.82678 98.44903 147.41638 132.29446 114.33183 173.16818 142.61293 141.37368 115.69868 105.38381 90.88708 122.13879 136.21991 146.34446 108.66714 137.43137 148.06059 153.01718 x 121.60735 94.11296 152.7632 122.03937 149.2584 100.76393 114.98819 152.10367 156.58636 138.82976 88.39237 89.52844 82.79835 124.91751 134.92966 106.00046 100.21373 148.29288 106.78952 134.452 127.04183 149.33137 87.10528 142.35228 186.20051 117.78521 145.53625 139.51102 123.26472 160.73359 79.55058 92.92265 150.2583 114.23308 117.99847 105.86299 
117.01044 128.75667 171.93694 171.20203 180.97361 68.41238 x 83.35911 122.24097 145.64999 105.37043 139.21164 100.96196 98.60403 109.25817 141.50343 160.1086 145.23358 167.8026 154.37434 87.41254 142.70685 158.73068 142.93089 173.00468 157.38815 152.36893 141.88994 138.55883 140.01195 116.10784 135.25268 163.08249 163.53825 126.17262 152.78838 154.01903 187.82949 142.013 156.35176 123.34693 165.93248 147.24927 111.42787 158.33723 152.79234 103.15987 157.51476 153.54399 134.09291 140.9794 110.62269 157.17313 106.66762 159.06855 125.24366 136.97414 143.71568 121.60401 107.52482 141.45871 161.38879 182.78031 121.60735 x 107.65782 165.94603 165.00211 152.47867 122.96111 132.13977 127.00962 177.90752 173.04367 85.67236 114.34816 151.69392 125.88588 92.06827 168.6784 87.84254 145.27319 121.66687 113.02674 179.44635 137.41683 156.65316 141.11582 158.36795 115.25174 143.62454 125.29628 135.17735 181.23735 108.1401 160.9827 175.48249 141.40215 150.7058 147.65441 
127.37617 137.24722 158.05172 125.71291 156.72921 121.26563 107.9785 99.67037 112.22594 117.56657 112.42143 121.60415 116.19522 65.85102 107.26371 128.62681 147.03923 108.62323 141.1232 171.00228 104.58908 123.24165 x 144.23118 159.96863 146.79587 113.15384 106.80389 107.1165 115.2686 111.50733 136.27028 143.83626 134.60031 65.65631 120.22454 126.14082 162.72875 87.65017 108.70552 89.61171 122.10534 128.68046 136.42831 152.42174 137.67447 72.68017 121.16363 124.79313 109.93607 149.45214 139.34018 145.32649 123.37251 99.16355 121.01844 x 129.85247 111.39601 122.52833 87.76588 157.12379 116.70755 94.11296 107.65782 x 170.24875 136.32561 143.54178 127.78083 109.40944 154.77749 126.44516 163.0699 88.98494 94.70157 95.75125 119.5911 117.49484 96.73661 94.15536 111.851 128.02192 128.33698 130.41793 123.10243 112.03648 103.09299 138.45566 85.89759 134.73041 107.94001 94.69205 158.5844 105.70593 115.2532 143.69681 105.05062 131.07434 93.64508 
118.48169 119.44696 108.45089 138.42275 118.32785 138.39911 141.39731 145.65908 145.74047 129.0753 142.16866 97.69341 129.99094 160.5523 168.16005 78.34311 74.56071 133.22981 112.07591 92.14559 132.66152 128.33607 147.05137 64.22909 93.69808 87.88632 145.59382 128.45221 102.62575 129.91157 148.89992 145.76687 82.06738 133.51526 181.13881 123.81899 138.11119 126.90154 x 123.84166 137.88116 130.02472 101.21475 86.81576 108.33521 115.5814 107.63808 174.75906 120.44287 130.52274 109.81079 x 163.32699 154.61771 152.93795 124.09385 84.32911 113.14388 146.41195 130.61662 136.09627 147.96134 140.45924 152.7632 165.94603 170.24875 x 160.93639 130.71022 102.4603 148.0735 113.45993 157.44541 98.59684 142.6731 139.16649 152.07801 156.88736 133.44168 163.81394 137.98241 131.41878 83.52455 134.94526 104.73578 115.11746 129.17769 145.68644 135.21461 145.18484 112.06794 136.98165 165.13292 147.38376 111.49215 166.47088 97.19929 144.57367 79.3311 148.02915 
140.16808 130.95778 155.85278 156.47046 158.98364 131.97845 165.17004 187.05092 150.08104 72.11857 149.35656 126.42902 144.62246 142.70972 181.12045 131.32684 150.13842 91.25411 157.74088 157.67657 138.18745 178.85357 158.62404 145.56532 152.65203 191.94331 127.1726 82.39749 134.35206 99.35417 152.75529 173.45887 170.23235 118.60874 128.77378 147.37665 165.24157 192.18949 154.30307 95.83165 135.20745 154.61168 159.34954 133.18907 195.97401 164.47401 105.27843 168.10559 135.61696 130.19089 180.58309 180.43218 154.03531 169.35637 110.19337 173.44845 114.78534 130.69365 142.15869 180.92535 160.8067 165.45043 164.13895 122.03937 165.00211 136.32561 160.93639 x 157.33255 125.91366 167.32228 167.62293 137.4666 156.60501 120.56516 141.0921 160.66229 94.78745 185.76297 137.69461 147.23799 163.49037 154.58138 168.94473 157.69346 182.29259 126.76149 192.36111 182.92565 169.37167 151.58441 146.33727 111.61123 190.67836 118.5861 139.74779 164.67013 113.95832 152.92892 144.18946 
79.31319 172.29006 79.44041 140.38991 107.30295 141.39966 167.9575 127.30408 109.51247 122.70092 110.22966 142.29171 76.7171 116.10638 112.57769 142.51372 157.76411 149.60199 112.19989 111.42516 116.68144 134.14574 117.06104 119.90523 112.09668 139.8561 151.8248 137.92391 113.79252 137.50146 121.51237 112.1102 109.58706 116.70006 164.51307 82.37119 140.86877 134.17257 135.9292 114.02739 121.20176 105.95549 93.27903 130.86511 125.30846 72.70875 104.23025 148.40636 131.79685 144.26963 140.39347 83.85741 88.40841 105.66634 166.50079 111.72299 104.66776 131.03254 128.61174 155.3881 112.95958 91.69097 113.48796 149.2584 152.47867 143.54178 130.71022 157.33255 x 114.20059 102.21581 123.60727 142.909 128.59402 124.68277 124.00609 163.52122 145.50491 113.03112 163.71479 91.34302 170.56035 104.223 108.64468 137.7328 132.27824 141.13165 163.07676 130.09797 115.60947 126.91095 138.73757 134.30056 x 133.55185 166.35801 98.19554 76.16872 144.54967 127.20145 
95.21283 129.47701 114.14509 115.55668 116.16708 102.28553 111.77242 115.38885 89.76618 91.42436 124.76194 88.27774 101.94661 124.1799 114.09617 101.31113 112.73804 94.26809 137.14521 133.93557 82.99055 143.29178 128.04226 110.56938 75.97132 95.8986 120.53805 112.40958 118.14441 93.55302 93.74281 93.12078 131.21884 111.06567 120.25526 83.64575 70.86289 161.43706 120.48235 115.24703 125.87865 130.6943 86.26215 53.80901 95.09561 96.60304 87.35385 121.42495 100.97493 82.90984 120.04987 116.2991 130.66698 94.01278 119.80279 101.25638 104.63511 80.18823 123.01557 111.1129 137.29477 94.26071 128.42704 100.76393 122.96111 127.78083 102.4603 125.91366 114.20059 x 120.20294 103.59649 106.85734 57.789 114.32209 118.9975 121.23777 125.20371 112.15553 142.71898 100.86792 139.53442 79.91848 128.18116 97.46306 124.08874 115.69897 155.2883 141.20007 109.20739 122.36976 151.03591 103.05012 118.03769 77.90219 109.09686 96.46424 100.86851 100.48407 112.04369 
93.05868 163.80783 142.57941 138.47395 132.6713 140.7197 138.11781 109.58671 136.56881 146.39455 115.72316 156.24247 98.98907 107.31443 69.65836 150.49493 164.86755 123.86245 138.79919 156.12953 112.43502 122.93586 106.32007 149.56591 108.69769 135.67768 143.67091 157.06437 96.07828 136.66983 133.48919 75.54405 107.78086 162.6422 127.28332 89.62874 122.96479 169.0557 142.73074 107.27223 119.42994 138.42064 68.8075 123.29105 123.1757 93.28715 98.80597 167.07427 148.2448 138.12646 135.45889 93.41817 x 98.91292 140.22142 74.41624 x 129.86419 122.88625 96.39419 88.79214 135.03574 119.7845 114.98819 132.13977 109.40944 148.0735 167.32228 102.21581 120.20294 x 108.3336 148.81935 145.09198 122.20133 94.80647 139.18238 126.566 80.45016 149.9483 95.09131 147.60741 112.4456 138.64804 137.25949 108.71886 124.34275 121.2983 120.9283 95.76946 96.8769 136.07125 142.64548 127.26812 126.4344 139.42283 124.14549 99.35317 128.71237 109.41954 
75.78455 137.61636 134.85474 159.99058 129.33025 100.44872 144.6046 116.29011 162.00833 142.94432 108.25899 145.08803 104.60889 141.10161 128.58777 125.73306 152.05552 121.70851 130.03325 141.61197 113.65837 124.41578 163.87757 119.01687 97.13352 120.81768 142.98816 147.05829 127.56423 119.83004 120.20996 96.21121 132.94313 160.15449 175.80569 119.29297 126.26543 190.59461 164.04852 122.17187 142.37087 163.42331 103.65707 71.81585 104.25648 127.11036 103.54172 197.02725 127.63518 119.17203 78.27288 109.2837 111.85595 117.79551 154.52517 125.99763 100.4349 131.02704 139.05907 110.29721 141.71438 143.88308 x 152.10367 127.00962 154.77749 113.45993 167.62293 123.60727 103.59649 108.3336 x 153.63503 129.37916 149.54213 142.99506 179.24719 x 83.21045 185.54785 127.61943 138.4762 114.86957 140.50622 146.76313 87.25163 144.57061 160.01022 x 117.84274 113.31245 137.67394 165.20973 146.40569 136.27419 187.22308 140.12202 125.91563 138.37189 157.06909 
129.24042 172.45163 137.17162 93.48414 105.61242 148.94309 114.5509 156.13473 126.50611 90.53886 146.96999 127.88802 142.16273 137.88497 152.10939 129.262 154.67709 110.78831 164.40219 186.37307 130.89546 167.86401 112.07884 139.60185 121.58048 140.00142 127.12059 102.29862 138.52591 127.25712 130.92461 127.06068 166.23528 119.55407 138.8554 112.73265 82.96993 186.98067 125.40188 111.42065 141.50691 119.9191 133.66113 137.18276 136.2045 124.98021 108.48713 115.05634 115.81645 105.89483 140.21659 169.86166 160.81008 152.32387 117.796 167.05246 157.35597 96.60012 125.12173 172.36529 130.6745 127.95191 89.19198 156.58636 177.90752 126.44516 157.44541 137.4666 142.909 106.85734 148.81935 153.63503 x 108.06318 162.11255 164.27747 149.99415 145.9687 159.38996 147.02026 149.75655 136.12506 148.39226 174.86099 104.09353 141.50159 144.76748 169.28401 119.40889 127.75707 142.71442 171.04608 89.8847 139.20072 142.10479 125.81333 101.99229 107.91668 140.86122 125.21561 
120.59497 161.75125 111.93083 112.13312 108.60939 150.07764 117.91631 146.33451 117.05981 118.24427 151.08876 102.42012 131.50399 154.95792 142.60464 119.66057 120.29511 122.7247 148.01742 144.1883 114.83939 163.6 137.30145 119.53501 63.31588 88.02528 148.4304 137.48063 138.21068 128.8365 121.13933 109.03805 133.95403 115.73213 153.73941 95.02804 74.62676 168.50803 139.17217 130.44541 147.60941 137.67081 91.08596 90.79916 89.08029 96.92016 121.83606 130.47951 122.50958 105.07183 x 152.32965 158.82057 135.22725 146.64705 122.6199 126.45883 99.52121 156.10833 143.81966 155.58425 92.63862 121.12812 138.82976 173.04367 163.0699 98.59684 156.60501 128.59402 57.789 145.09198 129.37916 108.06318 x 153.92456 154.61372 140.56349 164.83905 144.07373 166.56786 133.83362 151.05798 93.21222 155.35911 79.87267 142.55205 127.74724 171.80847 147.18062 129.30047 142.92064 176.19902 135.71469 120.31068 109.87431 x 74.40645 129.17286 110.77057 132.02346 
111.74973 119.04848 137.56064 143.56848 156.98677 101.14021 134.75482 107.64433 96.95544 112.07429 96.28407 107.23086 87.13052 71.24263 111.86179 123.29957 128.7013 124.85981 138.38906 111.11016 77.01699 136.95199 120.64174 118.87138 154.74923 152.98342 141.79032 108.79986 100.20313 126.92148 117.9686 140.15796 121.73102 116.25896 93.18269 129.12426 155.09456 148.19977 118.90153 114.44694 78.29246 128.71455 122.17522 117.72538 162.23802 123.43875 79.87475 128.12444 145.72091 x 162.94176 124.87758 148.78231 123.59569 138.5291 103.43626 99.30822 130.30375 116.6692 124.70533 114.04328 137.09236 145.67158 88.39237 85.67236 88.98494 142.6731 120.56516 124.68277 114.32209 122.20133 149.54213 162.11255 153.92456 x 82.98023 120.52732 121.48254 120.43292 133.41331 56.2572 132.91266 91.77853 93.89567 148.71909 150.40925 110.35032 124.12722 155.39494 112.17705 129.04265 93.82963 114.46069 171.52255 68.87397 123.07715 141.92151 114.46889 123.9163 116.72491 
113.69919 106.49338 162.08494 126.00687 173.27236 135.12212 155.61421 124.96401 119.34243 133.9427 132.25846 112.22931 101.2836 107.54709 103.12467 131.15548 139.51481 132.14002 129.87913 135.87827 116.25916 97.32228 99.52377 131.62942 137.7378 139.59572 101.96117 133.50978 98.71607 121.47418 140.71424 131.03153 106.41476 146.11479 106.80163 124.16959 142.69841 123.1416 130.54076 118.02323 126.63906 110.3209 111.55478 121.10256 140.10215 111.83782 84.28598 143.58844 127.8858 123.01514 142.05864 102.7982 119.85807 96.33789 107.73156 78.76752 102.81237 113.99513 123.80568 85.13623 95.03704 162.19029 135.72826 89.52844 114.34816 94.70157 139.16649 141.0921 124.00609 118.9975 94.80647 142.99506 164.27747 154.61372 82.98023 x 95.60572 130.00376 99.22824 100.13519 93.86314 155.14707 114.35053 138.56446 136.70602 130.06439 129.12081 97.25448 151.09759 115.22316 116.23974 123.20461 115.27269 124.40969 79.26603 127.77083 139.93756 120.08581 111.20167 68.19888 
163.16851 139.24459 168.41482 126.95702 179.82341 165.81446 122.08843 130.29689 115.02197 143.06315 167.3389 97.92468 152.69988 128.51175 136.65768 127.5207 121.56575 128.39648 139.20798 177.0065 138.55599 128.00305 90.17069 152.87102 149.21899 114.98063 111.86004 139.23834 127.90458 118.69355 131.28037 160.09346 138.91414 144.51012 87.07137 121.44415 117.39249 134.30624 97.18425 142.39192 134.48967 127.96245 125.95103 136.41478 133.77956 142.92024 108.95655 121.97988 116.16097 110.62756 166.03918 160.00574 169.13521 130.17726 96.66189 105.35191 151.56978 133.07079 157.41618 116.15022 124.44948 168.36027 127.82332 82.79835 151.69392 95.75125 152.07801 160.66229 163.52122 121.23777 139.18238 179.24719 149.99415 140.56349 120.52732 95.60572 x 169.81555 142.60557 67.6969 126.05267 144.52336 121.52949 152.19209 96.05915 140.33485 112.95474 111.46393 180.51893 115.71754 161.32016 151.41281 121.67017 137.90632 93.77289 102.64467 135.97076 139.61257 106.38451 78.76941 
98.16384 117.85043 158.18066 161.22453 156.26511 97.26207 150.35289 147.30762 167.3056 111.1675 104.1528 140.48525 113.89395 117.34289 146.25459 134.88624 165.59045 86.23812 136.93039 156.73179 115.6697 139.2155 158.45613 140.01321 139.06021 174.58104 118.11849 106.8195 128.55915 92.27879 125.23405 136.05749 159.27489 140.07027 135.36378 140.07741 153.83195 205.36969 147.78079 84.27109 122.94781 163.59826 140.41173 106.57944 166.50968 157.49729 85.67998 191.28273 129.98061 111.2177 134.39336 146.38119 113.60907 143.36193 114.04633 153.53173 98.14212 140.87 136.7494 142.54132 143.22987 165.86712 168.43045 124.91751 125.88588 119.5911 156.88736 94.78745 145.50491 125.20371 126.566 x 145.9687 164.83905 121.48254 130.00376 169.81555 x 133.04347 153.39164 129.36677 136.4095 145.79956 154.58508 162.83237 134.19115 123.55524 166.7841 149.35091 131.16505 132.66841 113.36905 135.97097 179.20118 125.45837 170.68953 171.15646 110.51148 159.4698 144.97766 
80.25726 134.96114 148.18164 138.38223 151.64703 110.55811 139.97283 73.02218 131.12002 155.49343 100.77262 135.61724 80.35861 106.50822 76.4828 136.33476 155.89238 146.15416 131.40944 141.9928 98.04676 91.03064 124.84822 124.48211 124.12617 110.63636 132.44169 154.28598 118.96021 137.52274 113.09035 88.44785 117.89435 159.89784 147.63423 117.55107 121.6817 157.68221 136.13252 135.91095 130.1113 133.31292 99.34814 100.73609 94.36018 104.56347 94.43347 160.36397 131.38519 119.15505 x 69.40271 113.31606 78.79833 149.62325 86.38833 117.81232 126.22508 125.13985 73.04367 105.54173 142.74526 142.32502 134.92966 92.06827 117.49484 133.44168 185.76297 113.03112 112.15553 80.45016 83.21045 159.38996 144.07373 120.43292 99.22824 142.60557 133.04347 x 159.90958 90.90003 138.69566 104.88577 122.92238 142.82863 82.4329 148.64805 108.82955 x 81.24811 115.15488 126.07416 144.82766 119.67728 116.53535 168.12946 133.60493 126.66614 130.68108 117.85142 
167.12277 131.71927 173.19495 137.52144 183.66551 169.25218 152.85319 157.37129 136.80533 128.83315 175.08594 112.24627 162.11643 139.79535 164.74957 124.69809 133.80982 123.10356 128.06683 185.05846 163.67477 122.35761 94.47707 155.03051 164.08835 147.48898 81.68796 119.33679 126.18214 100.5923 148.82033 182.98535 149.80587 147.32408 109.74735 132.46327 142.92127 128.77839 111.2296 129.54859 144.50502 118.27389 149.78923 152.88608 160.19921 161.24154 102.3295 146.7347 96.69385 119.45613 163.66869 167.13835 156.14941 143.83424 67.13568 141.26174 150.91781 136.73538 150.53686 143.55516 119.83433 x 131.25091 106.00046 168.6784 96.73661 163.81394 137.69461 163.71479 142.71898 149.9483 185.54785 147.02026 166.56786 133.41331 100.13519 67.6969 153.39164 159.90958 x 148.46071 155.26614 153.08578 165.90116 116.45105 141.27983 127.31398 129.92092 182.48706 138.49512 161.11175 148.22966 112.54051 145.05663 120.25186 131.04524 153.32349 127.11609 123.7245 84.29759 
85.87035 144.65301 113.00942 134.24117 135.10562 106.16355 123.29922 75.9651 84.81313 123.23884 73.71258 115.99072 57.57694 54.08843 71.84753 133.12085 140.50137 131.70995 127.14708 x 54.99399 128.20666 108.05196 118.80768 132.24399 130.67771 x 126.52744 105.09785 132.37737 90.02873 103.91874 112.49252 109.90458 104.88183 100.58737 132.02856 149.72647 102.63607 114.12598 73.41304 122.42332 92.72546 110.96789 129.66832 91.63578 83.01504 119.15592 142.37211 121.99043 148.94152 96.40242 126.01608 99.3538 152.22201 79.08309 102.43 131.42595 121.17735 118.37283 106.38213 97.72475 126.48777 100.21373 87.84254 94.15536 137.98241 147.23799 91.34302 100.86792 95.09131 127.61943 149.75655 133.83362 56.2572 93.86314 126.05267 129.36677 90.90003 148.46071 x 132.09871 70.35078 76.73451 135.03214 132.18441 108.5799 123.16335 136.09522 76.8012 128.3673 100.99953 121.33448 145.40203 83.63705 130.42218 117.83735 99.22763 129.77732 113.07239 
135.33348 136.555 143.79675 136.21523 131.22067 128.1006 68.54881 114.84703 159.53781 136.07017 106.48792 118.21669 140.01032 110.59559 158.51519 101.66999 115.6247 114.6236 134.64494 152.63934 115.35601 133.66974 126.78854 107.52409 150.60018 121.53911 151.53097 109.69141 109.80656 139.03346 128.63973 152.53941 128.77533 136.34111 139.09375 144.78024 138.92172 180.80701 129.26006 108.54701 86.42559 147.11033 131.63018 125.68621 142.19636 153.95488 94.12567 163.00253 140.74796 118.71054 129.04676 185.52402 189.99082 182.00245 139.32262 x 131.97495 x 141.1976 143.75517 115.16022 169.17564 128.29499 148.29288 145.27319 111.851 131.41878 163.49037 170.56035 139.53442 147.60741 138.4762 136.12506 151.05798 132.91266 155.14707 144.52336 136.4095 138.69566 155.26614 132.09871 x 116.97506 135.49444 116.33405 106.78687 104.67509 110.83901 113.35125 106.03047 133.03947 90.36163 158.17366 193.957 128.05628 159.32148 133.0352 149.54554 120.68239 153.66029 
100.14846 137.90327 89.1195 132.93515 112.26298 116.9223 104.54801 90.27554 97.59242 122.78938 101.75467 94.97899 92.38739 104.27974 110.74788 100.99053 93.04041 121.08397 112.889 90.76355 76.87248 130.50743 119.22604 91.43799 98.77979 85.10904 154.03845 127.48696 94.006 125.39327 100.26695 110.7488 84.74546 109.94709 129.55982 89.22899 117.20142 136.79081 120.2042 115.44021 86.39669 128.65437 65.97269 82.37925 101.43599 89.63067 90.3503 134.82222 130.64227 117.61195 134.85939 121.2342 146.56115 120.80486 153.21181 73.96655 87.89793 121.96017 134.45116 112.36848 118.8806 97.64532 124.11566 106.78952 121.66687 128.02192 83.52455 154.58138 104.223 79.91848 112.4456 114.86957 148.39226 93.21222 91.77853 114.35053 121.52949 145.79956 104.88577 153.08578 70.35078 116.97506 x 82.09364 100.40912 118.28525 91.18229 127.22318 136.67931 95.44386 118.90115 113.0929 143.76721 143.96917 78.9958 128.89326 88.16806 115.87752 90.63213 127.2886 
124.56456 163.84907 91.96631 179.60069 132.31019 x 140.8386 81.78088 102.7315 133.54784 101.18003 135.11326 106.96496 99.83823 136.30233 118.90817 123.91764 147.33124 117.81805 112.51984 106.97355 147.28223 140.65408 116.05188 160.54649 135.695 176.05955 131.37806 113.43381 137.14541 103.9441 155.40948 126.97912 129.46496 150.38244 113.59766 162.30165 144.7426 124.97859 142.24391 81.11226 146.38776 122.14162 126.6888 149.72872 136.2807 103.64727 156.36864 142.16635 153.09488 155.3748 123.7161 155.44906 134.21618 180.2812 122.76644 123.47373 162.56005 132.54649 153.89322 129.43125 127.05242 152.71336 134.452 113.02674 128.33698 134.94526 168.94473 108.64468 128.18116 138.64804 140.50622 174.86099 155.35911 93.89567 138.56446 152.19209 154.58508 122.92238 165.90116 76.73451 135.49444 82.09364 x 151.33334 130.76436 123.66445 155.23336 159.5211 113.75208 147.48273 105.03364 155.44569 181.11632 126.6243 168.66971 135.8557 112.21937 136.22771 162.42838 
134.96869 148.92384 118.12527 94.46902 119.19106 165.23488 94.0765 136.60742 126.85343 123.90799 148.59838 85.22713 141.16771 137.34792 146.72854 104.05774 102.404 113.26754 112.19298 151.97174 129.68942 126.94966 90.05088 114.66067 91.57347 69.73738 120.20345 122.50178 118.20146 115.47513 118.59793 133.84021 112.94622 109.77155 133.40397 92.57837 82.40607 138.14537 103.99844 110.0487 125.98592 110.50869 92.8743 114.73005 87.14125 110.27505 102.95587 126.50987 98.54996 90.8552 133.42745 166.02194 159.69787 147.8504 111.85343 118.63053 129.19144 114.72989 157.50822 137.8329 121.76211 129.92586 84.58199 127.04183 179.44635 130.41793 104.73578 157.69346 137.7328 97.46306 137.25949 146.76313 104.09353 79.87267 148.71909 136.70602 96.05915 162.83237 142.82863 116.45105 135.03214 116.33405 100.40912 151.33334 x 115.74246 96.8614 128.92651 138.45506 105.97252 143.79212 146.98216 133.70198 117.96334 109.50492 123.91275 73.00844 126.12298 95.07642 102.78666 
111.4795 135.02021 134.84521 143.69948 128.90818 123.43295 123.37935 95.10453 151.20875 144.32233 123.27391 131.92582 126.01115 131.58001 136.33814 99.23439 126.26436 124.05647 104.1033 156.79489 134.89171 85.50189 120.05573 110.6586 122.18195 90.03617 119.46987 134.19013 104.78601 114.44529 122.12351 127.66032 115.48083 161.42485 163.2809 110.92328 117.48095 148.93413 136.45604 123.31244 129.15486 131.76414 107.58317 105.40209 92.73542 132.977 87.29782 179.12447 96.81683 115.47112 61.35745 122.7426 132.098 124.46793 129.74817 124.25876 125.49098 130.01283 126.08194 104.5949 98.47902 166.71182 128.0011 149.33137 137.41683 123.10243 115.11746 182.29259 132.27824 124.08874 108.71886 87.25163 141.50159 142.55205 150.40925 130.06439 140.33485 134.19115 82.4329 141.27983 132.18441 106.78687 118.28525 130.76436 115.74246 x 135.77684 114.58056 105.60676 98.3433 111.96428 121.69161 154.02623 135.30582 140.48907 177.24483 125.50676 123.26184 111.58058 133.93216 
132.02604 148.2144 118.861 146.19137 133.27173 146.4144 93.53614 128.46233 140.92327 124.19805 118.1533 111.02025 131.77933 105.601 140.17333 120.15799 116.55639 85.07818 107.00432 139.60218 110.40977 142.60295 117.75143 132.76589 118.83779 125.91335 145.79483 120.12355 107.09838 104.95429 107.23166 141.59897 117.81012 109.76211 102.70155 100.61267 132.42812 171.75806 104.68541 84.05975 75.96316 151.3727 94.45569 114.95312 139.96881 136.47341 95.23392 160.30375 133.17476 111.48494 166.85454 171.04608 150.04331 159.46888 123.43254 112.12722 103.75497 154.01558 163.22082 142.73707 130.78446 134.59392 128.15781 87.10528 156.65316 112.03648 129.17769 126.76149 141.13165 115.69897 124.34275 144.57061 144.76748 127.74724 110.35032 129.12081 112.95474 123.55524 148.64805 127.31398 108.5799 104.67509 91.18229 123.66445 96.8614 135.77684 x 139.57413 163.83667 104.28661 146.72991 104.55381 152.76861 173.55217 101.86516 127.56098 124.90055 114.87081 120.57228 129.67382 
138.67615 127.34872 178.5266 115.7564 176.43477 161.99346 127.96403 119.34169 154.7545 170.01113 133.30808 123.61136 130.20053 113.7348 126.8135 136.62697 141.68313 159.51213 141.80688 154.66583 131.39608 89.32711 92.52702 127.79711 160.82927 124.48933 133.93973 150.57423 109.87703 164.73166 157.94322 148.39954 102.34131 163.21667 135.01571 155.12848 150.90229 136.81565 137.25241 134.70033 124.62834 115.81929 129.06447 149.59288 135.66128 130.94629 106.0595 151.45084 152.95733 135.52901 135.88605 154.31632 176.44011 153.44418 136.20792 112.33123 138.32373 139.97896 144.99468 101.82462 81.52312 187.81176 122.56279 142.35228 141.11582 103.09299 145.68644 192.36111 163.07676 155.2883 121.2983 160.01022 169.28401 171.80847 124.12722 97.25448 111.46393 166.7841 108.82955 129.92092 123.16335 110.83901 127.22318 155.23336 128.92651 114.58056 139.57413 x 120.95458 105.0012 128.74863 112.0603 154.31663 154.17384 115.51053 155.78863 138.63682 164.58309 x x 
95.395 157.77195 141.44136 105.59476 107.76962 140.85618 133.49233 134.21145 157.18866 139.8569 109.48785 148.08728 111.54867 127.6775 136.33328 132.33665 159.09946 152.2157 154.19244 148.27735 124.43431 128.92201 119.09444 105.33709 131.90649 136.10928 152.12018 132.11164 110.83369 168.66473 157.13334 113.50692 117.22326 151.37227 177.40741 x 135.29389 169.67761 163.54327 114.42529 131.4607 111.59636 123.53029 x 129.48403 105.1511 105.73773 158.04378 151.53399 141.84557 99.03769 144.24257 159.46141 158.49793 x 151.39797 132.61151 113.31881 110.64244 145.99941 88.38301 153.10167 100.63522 186.20051 158.36795 138.45566 135.21461 182.92565 130.09797 141.20007 120.9283 x 119.40889 147.18062 155.39494 151.09759 180.51893 149.35091 x 182.48706 136.09522 113.35125 136.67931 159.5211 138.45506 105.60676 163.83667 120.95458 x 118.84896 95.6965 132.89457 145.03546 149.82181 150.96872 175.905 106.888 138.26733 135.75678 142.69273 
92.86873 149.5156 128.0296 115.42078 138.24297 127.78556 94.07389 66.30447 118.60866 141.82516 80.63035 114.29273 85.16971 64.01206 76.77796 136.68198 150.91437 x 112.82596 147.49719 78.46563 100.99732 90.81446 127.59971 123.48778 102.97843 129.61559 133.71237 124.49869 126.19785 67.23655 96.42188 125.10347 115.42075 110.87338 99.56092 101.42483 163.7376 70.57584 111.02158 90.57517 121.81313 94.84744 114.22588 92.05634 104.71 85.49754 125.37959 122.58884 88.00885 123.75745 119.88434 126.04995 109.75316 133.97613 95.8325 126.15637 139.50696 144.46818 114.08057 104.4093 114.70949 108.2958 117.78521 115.25174 85.89759 145.18484 169.37167 115.60947 109.20739 95.76946 117.84274 127.75707 129.30047 112.17705 115.22316 115.71754 131.16505 81.24811 138.49512 76.8012 106.03047 95.44386 113.75208 105.97252 98.3433 104.28661 105.0012 118.84896 x 145.14155 105.19139 131.80137 126.84832 106.74901 147.08353 114.92361 112.60673 138.78321 102.98171 
108.30534 138.27265 140.92931 136.25631 108.96318 122.98883 144.0118 140.32506 142.90886 117.83999 134.02005 146.85511 122.61333 141.31542 137.65971 106.43342 125.62845 119.06785 155.71883 137.5488 130.1119 141.28443 128.93415 110.44704 117.87161 140.58648 146.99713 127.39284 57.69445 142.55698 171.11457 118.16765 94.56544 169.1655 157.95633 122.0616 141.26863 154.67546 181.87444 108.30066 129.73877 130.59605 100.41504 116.92521 148.0009 110.04526 93.78385 175.29229 147.14142 155.37177 116.69111 126.43169 146.45847 139.96699 142.16318 122.12842 102.70975 91.26387 75.65309 113.89453 84.86173 162.71052 125.6575 145.53625 143.62454 134.73041 112.06794 151.58441 126.91095 122.36976 96.8769 113.31245 142.71442 142.92064 129.04265 116.23974 161.32016 132.66841 115.15488 161.11175 128.3673 133.03947 118.90115 147.48273 143.79212 111.96428 146.72991 128.74863 95.6965 145.14155 x 139.04692 137.84892 158.64373 129.57591 140.6105 116.66655 119.16085 87.89631 137.90135 
111.93635 118.4136 133.84916 153.70111 153.50441 120.98001 132.24578 114.99621 156.42662 138.30093 72.23428 120.29258 103.23197 81.21544 146.83765 120.40944 134.92637 133.94246 98.87492 109.26455 108.53704 105.97613 128.29601 101.59821 163.04061 150.62665 144.77098 109.44842 105.43024 134.33713 123.44767 160.92651 111.92264 119.44198 142.05907 147.84326 175.58618 156.109 124.46148 96.55114 67.66932 133.19363 135.71986 133.15558 159.1258 146.60052 82.11857 172.9526 143.38203 130.55456 141.16125 156.19325 154.67771 166.23123 147.77187 138.37314 96.02731 162.99618 145.20119 147.09702 109.35835 166.61015 145.0964 139.51102 125.29628 107.94001 136.98165 146.33727 138.73757 151.03591 136.07125 137.67394 171.04608 176.19902 93.82963 123.20461 151.41281 113.36905 126.07416 148.22966 100.99953 90.36163 113.0929 105.03364 146.98216 121.69161 104.55381 112.0603 132.89457 105.19139 139.04692 x 159.61631 188.6056 116.9714 181.46221 150.84012 134.2427 143.01386 144.38058 
127.28448 140.77448 153.70264 104.44453 147.28311 124.33335 143.97239 145.08046 85.66158 75.33769 144.78363 112.25594 121.87281 117.2265 134.12492 126.34878 150.06283 119.68806 165.7601 171.56913 x 154.72109 104.76074 138.95256 149.06442 157.47839 102.04775 89.36844 128.22671 115.83463 131.64743 139.96895 163.78191 121.10687 105.51839 123.46642 113.16901 157.45099 117.79586 123.71289 137.18525 102.17565 144.9789 134.69491 157.21145 125.37542 90.53226 88.16632 111.2428 111.11253 150.63569 136.99809 148.77206 115.61043 100.62542 147.94944 146.76063 80.95587 95.68285 150.86771 119.5102 140.8758 116.19707 123.26472 135.17735 94.69205 165.13292 111.61123 134.30056 103.05012 142.64548 165.20973 89.8847 135.71469 114.46069 115.27269 121.67017 135.97097 144.82766 112.54051 121.33448 158.17366 143.76721 155.44569 133.70198 154.02623 152.76861 154.31663 145.03546 131.80137 137.84892 159.61631 x 134.6321 108.45479 103.93251 128.91127 98.44572 133.45422 93.14205 
121.52428 167.84531 155.91489 109.1335 163.66664 182.37876 178.12587 155.89135 136.9834 159.40426 168.77215 134.59989 126.69401 160.25187 125.41994 162.30556 175.85149 170.07461 140.86456 171.40708 152.41345 119.07877 114.53198 151.29107 109.09508 119.01869 115.48516 169.58309 157.28539 146.97073 144.38295 120.20856 141.4327 150.84966 172.00516 115.13195 x 139.25088 140.38261 151.50178 182.3663 105.94826 119.2667 140.75583 88.96453 94.30336 132.43537 142.91241 117.0237 121.37485 129.94006 111.97565 115.197 97.93701 141.43381 120.18488 149.90616 118.08823 165.92418 136.23606 137.48719 140.23622 120.31222 160.73359 181.23735 158.5844 147.38376 190.67836 x 118.03769 127.26812 146.40569 139.20072 120.31068 171.52255 124.40969 137.90632 179.20118 119.67728 145.05663 145.40203 193.957 143.96917 181.11632 117.96334 135.30582 173.55217 154.17384 149.82181 126.84832 158.64373 188.6056 134.6321 x 138.92356 167.45229 113.29073 134.08365 148.44225 88.84603 
107.12616 91.66724 141.04607 108.04034 155.37468 113.77631 117.13158 119.10737 101.22255 109.78173 115.50534 60.08812 94.96969 100.40534 113.90806 108.25222 107.96002 111.89637 131.61032 112.1945 74.94779 122.25628 114.92266 104.57948 117.47456 115.83051 113.07239 108.40163 109.97435 111.14091 111.16312 123.73477 113.31147 103.16616 93.22458 121.80674 118.88059 142.15763 111.99406 109.97502 107.486 118.47778 105.71319 84.57292 124.73259 107.52542 79.58539 114.43264 122.25606 88.47084 142.15417 132.17922 149.1153 116.11455 111.13534 89.1723 89.75434 100.149 134.24073 100.06943 125.05378 129.28884 135.02806 79.55058 108.1401 105.70593 111.49215 118.5861 133.55185 77.90219 126.4344 136.27419 142.10479 109.87431 68.87397 79.26603 93.77289 125.45837 116.53535 120.25186 83.63705 128.05628 78.9958 126.6243 109.50492 140.48907 101.86516 115.51053 150.96872 106.74901 129.57591 116.9714 108.45479 138.92356 x 106.37902 119.36963 127.32914 99.03694 89.15612 
164.2568 173.13019 168.05389 128.42055 152.62901 161.05505 118.51132 156.14063 103.08731 117.43705 173.74208 132.09583 158.66428 139.94649 136.73642 142.8099 138.92983 114.73216 191.93307 187.60023 128.72362 190.15791 117.60046 168.34985 142.39939 152.403 156.01465 138.72299 124.45942 143.7782 156.74969 140.65574 157.19826 153.07769 80.02016 120.60906 112.86646 181.48656 142.20435 139.95236 137.66839 151.50146 123.27786 142.7058 167.35906 134.07631 125.10573 111.88153 158.88045 142.06922 193.02953 172.85131 185.96519 146.74948 125.99479 124.71987 159.1992 110.47008 132.21684 142.9402 137.84724 145.52043 127.68179 92.92265 160.9827 115.2532 166.47088 139.74779 166.35801 109.09686 139.42283 187.22308 125.81333 x 123.07715 127.77083 102.64467 170.68953 168.12946 131.04524 130.42218 159.32148 128.89326 168.66971 123.91275 177.24483 127.56098 155.78863 175.905 147.08353 140.6105 181.46221 103.93251 167.45229 106.37902 x 128.23496 131.53509 111.55383 115.13517 
111.24525 x 86.23269 89.76061 77.15365 158.20116 117.25406 134.8007 106.79082 115.29579 133.95051 109.76377 116.37497 132.76136 132.49572 112.70367 115.12119 135.647 128.99152 124.85082 x 142.50177 92.2232 98.29582 85.35056 90.83475 149.08485 126.11631 102.64663 144.62362 133.08897 112.41851 92.50598 108.21762 154.42927 84.44872 98.22865 128.31041 131.46753 111.59963 121.22914 91.20542 78.10091 123.05452 97.18413 62.75611 106.39947 115.52596 126.16503 126.15544 133.39561 141.67823 153.19056 140.68033 150.06684 115.08002 120.37157 98.14059 130.40806 148.57059 105.57244 95.92316 63.08504 150.2583 175.48249 143.69681 97.19929 164.67013 98.19554 96.46424 124.14549 140.12202 101.99229 74.40645 141.92151 139.93756 135.97076 171.15646 133.60493 153.32349 117.83735 133.0352 88.16806 135.8557 73.00844 125.50676 124.90055 138.63682 106.888 114.92361 116.66655 150.84012 128.91127 113.29073 119.36963 128.23496 x 112.42695 98.02324 116.96377 
99.64581 162.64092 93.83754 141.43036 99.38931 119.02156 140.71212 123.2028 99.32213 79.47807 116.39904 135.74171 103.70109 104.98703 120.56194 120.48458 143.79755 95.54624 118.17928 147.69125 116.0461 144.10149 105.96045 132.51303 117.06413 145.295 126.48913 101.87375 98.42938 90.96924 106.68367 119.05365 133.7738 116.59828 124.06286 60.96724 119.26629 154.44847 114.89225 90.12263 103.81045 118.60435 99.92173 120.39404 140.84401 109.3165 78.1512 142.16751 104.61005 124.23948 141.78115 108.95442 90.90304 105.71849 122.85571 123.8482 113.84792 118.2881 102.34955 151.08131 105.81408 109.71331 108.50978 114.23308 141.40215 105.05062 144.57367 113.95832 76.16872 100.86851 99.35317 125.91563 107.91668 129.17286 114.46889 120.08581 139.61257 110.51148 126.66614 127.11609 99.22763 149.54554 115.87752 112.21937 126.12298 123.26184 114.87081 164.58309 138.26733 112.60673 119.16085 134.2427 98.44572 134.08365 127.32914 131.53509 112.42695 x 131.98784 118.55917 
139.07617 122.28014 133.02941 126.38007 123.25987 135.89599 116.91783 132.15108 118.82035 115.37902 155.56076 100.19109 142.9144 147.67517 151.8678 66.7377 57.11603 111.50922 137.21219 134.7018 132.68265 134.26598 114.18388 97.93565 112.8104 91.66273 132.22613 119.36771 69.97887 122.13759 154.45737 143.22231 88.88659 150.95555 138.68351 111.35019 118.42743 119.14044 153.89271 124.51399 127.26644 122.39642 96.34019 101.23324 124.15755 119.04536 x 149.21491 117.83989 x 125.55567 147.98539 171.69307 140.88565 121.55513 106.94364 112.52233 89.05876 110.96475 104.734 103.75931 160.10656 119.94147 117.99847 150.7058 131.07434 79.3311 152.92892 144.54967 100.48407 128.71237 138.37189 140.86122 110.77057 123.9163 111.20167 106.38451 159.4698 130.68108 123.7245 129.77732 120.68239 90.63213 136.22771 95.07642 111.58058 120.57228 x 135.75678 138.78321 87.89631 143.01386 133.45422 148.44225 99.03694 111.55383 98.02324 131.98784 x 120.78149 
119.51964 127.08909 160.49323 79.93524 165.30928 158.93648 141.30032 137.91595 115.50186 128.71753 143.32921 98.89913 112.70806 112.53232 106.68411 138.58079 148.98517 132.13606 132.38562 158.4217 122.01096 102.02145 66.56703 138.0478 124.78715 126.85508 81.06172 128.63039 120.86455 122.11224 131.59604 124.3685 123.07117 125.68684 101.72036 115.15026 109.75112 128.38987 103.30255 113.24655 137.53799 84.7977 113.54183 132.34266 120.17542 99.96419 92.06668 109.01001 111.89808 96.34425 142.41225 126.48457 125.99935 105.38404 87.07073 99.31104 127.40008 101.83467 138.55443 111.64818 99.16536 147.8522 99.77041 105.86299 147.65441 93.64508 148.02915 144.18946 127.20145 112.04369 109.41954 157.06909 125.21561 132.02346 116.72491 68.19888 78.76941 144.97766 117.85142 84.29759 113.07239 153.66029 127.2886 162.42838 102.78666 133.93216 129.67382 x 142.69273 102.98171 137.90135 144.38058 93.14205 88.84603 89.15612 115.13517 116.96377 118.55917 120.78149 x 
