50
25
L0 L1 L2 L3 L4 L5 L6 L7 L8 L9 L10 L11 L12 L13 L14 L15 L16 L17 L18 L19 L20 L21 L22 L23 L24 L25 L26 L27 L28 L29 L30 L31 L32 L33 L34 L35 L36 L37 L38 L39 L40 L41 L42 L43 L44 L45 L46 L47 L48 L49 
L12 L25 L30 L38 L7 L13 L26 L5 L20 L11 L45 L9 L10 L36 L2 L48 L37 L3 L28 L24 L15 L43 L42 L22 L23 
L23
x 40.87628 79.92397 69.83069 72.38085 x 52.70309 54.16145 51.72878 63.22648 54.63038 60.54267 73.12542 68.88499 68.75763 60.24814 45.45961 62.98458 56.58756 57.04005 68.74904 78.11752 78.98007 75.18159 30.43452 70.30655 56.63982 55.98599 64.00381 66.85475 65.86706 65.68263 70.06399 50.65405 61.15992 57.13994 74.49114 79.00564 58.73377 56.33049 62.74406 57.57261 66.86573 64.90697 58.29248 44.70874 57.21596 31.46497 69.15031 59.73331 
40.87628 x 63.56251 58.31903 59.54652 64.95429 51.13514 52.87051 50.1218 53.97888 49.53251 67.63183 66.83781 58.58362 49.24175 69.96694 45.74489 59.33852 32.19256 52.10852 71.37916 69.8238 76.47941 65.56266 43.71801 56.33464 43.20198 63.03734 62.50002 37.83189 52.74512 69.95307 42.4289 53.75761 53.5347 68.69213 60.54465 63.17495 56.17121 50.76408 66.30941 49.26992 52.4104 60.2623 63.50956 25.75415 68.00063 58.54159 65.89293 46.79126 
79.92397 63.56251 x 62.40774 55.20631 70.14527 67.10751 79.99744 73.99565 48.50923 61.50752 75.27358 56.03928 75.70217 71.86593 76.0283 72.44163 69.36551 58.23009 68.85495 77.26268 80.01686 80.65198 53.95077 77.42448 56.12723 67.75927 77.08896 45.41394 66.43607 63.48809 53.53277 70.24618 69.42878 53.60704 82.79887 48.57 62.40322 73.54707 50.54179 74.05618 70.90614 68.17625 64.11463 66.55677 48.9277 82.32588 91.02289 61.32591 80.61061 
69.83069 58.31903 62.40774 x 65.34318 63.77027 60.31086 69.0745 73.85647 46.67757 67.84924 78.82353 73.01818 60.07812 72.5542 59.49437 62.98029 61.22007 72.79871 58.61702 76.6759 90.80491 64.06516 66.39965 70.48081 80.30061 50.78797 82.31732 61.43521 62.67067 66.69078 74.80674 65.90805 58.43841 61.07803 51.91656 57.84521 56.95 53.54374 71.94818 59.2087 83.01566 71.4718 63.77352 69.37644 54.28104 80.47468 70.89068 62.7457 69.68028 
72.38085 59.54652 55.20631 65.34318 x 67.90139 61.4339 x 56.81543 62.09593 73.48257 60.64623 55.90112 81.68573 55.30876 60.5535 38.37832 62.63433 71.01452 60.14916 75.15037 83.73411 78.5246 76.20492 55.77135 66.74452 65.00415 76.34558 36.07359 51.53352 41.28379 56.87583 84.95754 54.13561 54.08546 63.86697 70.04984 64.13573 57.74892 50.18338 72.11343 62.38377 57.00662 59.71798 77.35455 51.294 93.43217 81.63285 39.83852 73.79949 
x 64.95429 70.14527 63.77027 67.90139 x 57.55988 73.55916 62.90826 58.65449 62.16298 79.35293 77.26932 65.22013 62.41381 70.07777 68.45835 61.36523 66.07635 36.30091 86.47293 81.12057 78.92308 62.92967 74.71961 83.67446 44.61033 69.8593 64.80312 51.61705 60.97534 69.02945 64.55622 57.16219 51.58123 64.75061 76.97287 72.3323 41.11745 67.44208 80.35001 67.91414 76.2965 35.47511 61.15081 64.64849 77.68015 70.26291 43.36892 67.85823 
52.70309 51.13514 67.10751 60.31086 61.4339 57.55988 x 64.14731 51.21161 37.60533 64.11843 53.69817 62.02521 57.92182 69.08485 67.1484 51.86074 54.13808 53.24263 45.79812 81.08071 81.0389 63.9043 69.62575 48.12029 68.18122 34.20025 53.31282 55.42187 61.31344 72.37857 59.0199 71.26244 36.95963 56.96397 62.95027 62.11646 87.46759 45.7516 64.09568 72.64757 63.94455 81.07228 58.94683 52.84808 57.15282 67.85759 53.03382 59.72992 69.06123 
54.16145 52.87051 79.99744 69.0745 x 73.55916 64.14731 x 35.11477 75.78454 49.31535 70.8338 72.14562 70.3122 58.03213 56.26671 57.62103 54.26193 67.54847 73.1749 58.04286 81.74844 84.5192 57.91185 48.67885 55.61006 50.11642 45.59657 61.57361 62.64325 67.22928 73.68223 68.02291 57.33586 43.61756 68.80828 64.18388 67.21179 64.33504 61.91874 55.76712 74.55529 72.06867 60.87665 50.20163 56.28343 43.63485 53.64342 70.03566 x 
51.72878 50.1218 73.99565 73.85647 56.81543 62.90826 51.21161 35.11477 x 65.95896 47.18288 50.90826 63.57412 60.9934 46.99483 52.66813 39.89647 55.31575 59.74425 56.45232 55.892 61.12805 69.49555 55.30951 35.97348 46.49459 41.45102 41.24946 48.52889 47.6734 63.07017 53.81803 70.18493 40.6262 34.15901 62.78024 59.90375 70.73803 46.30799 55.5978 56.88924 52.77394 68.08012 44.56447 51.84834 49.25204 59.44002 52.95748 55.42102 40.20107 
63.22648 53.97888 48.50923 46.67757 62.09593 58.65449 37.60533 75.78454 65.95896 x 55.92844 67.50852 52.00873 47.67516 66.42109 73.70756 61.11202 53.94306 55.9676 45.3988 85.55561 70.70303 49.51919 61.21453 61.52121 64.15937 44.59552 65.04099 50.69851 59.54674 72.76249 52.85414 61.99834 45.6231 52.88988 65.23993 50.09419 79.50061 47.5455 69.37831 73.24799 62.22458 70.11878 56.95079 56.41881 49.75665 75.54794 66.42025 61.75211 73.08431 
54.63038 49.53251 61.50752 67.84924 73.48257 62.16298 64.11843 49.31535 47.18288 55.92844 x 78.92559 54.56011 57.86938 52.99993 67.07803 60.50843 54.35193 54.20262 59.75598 67.55926 53.84568 65.72601 38.93546 52.55923 44.95396 50.70646 41.69952 56.12024 53.65692 65.29304 50.48707 45.3704 59.52842 31.45209 73.6775 56.39602 66.41396 54.92769 60.64355 60.8502 58.05239 53.22349 47.64846 49.43663 41.84871 53.58737 58.88746 63.25953 37.8542 
60.54267 67.63183 75.27358 78.82353 60.64623 79.35293 53.69817 70.8338 50.90826 67.50852 78.92559 x 84.9589 65.90972 75.42027 57.66991 54.49505 78.65637 71.13426 58.30479 60.75007 74.33705 77.05492 75.31041 58.20028 69.28364 59.99423 76.26249 x 71.54586 81.76726 60.62096 96.95816 39.65503 63.39246 57.45561 62.2706 82.40668 59.38146 61.11954 66.20382 56.74441 94.27355 58.68907 63.79394 61.03313 78.61171 64.95404 67.52171 84.7378 
73.12542 66.83781 56.03928 73.01818 55.90112 77.26932 62.02521 72.14562 63.57412 52.00873 54.56011 84.9589 x 81.37507 59.73928 80.8868 60.59341 43.43843 75.24128 73.68214 93.93535 82.25146 71.29375 71.50283 56.24197 56.5527 70.16074 51.01088 x 69.47405 63.18126 51.87933 77.51946 63.06746 48.41267 83.49152 70.96738 87.817 68.43261 71.16139 84.33858 73.11123 51.70996 70.89463 65.26537 61.66306 78.67226 78.11599 61.73914 66.45983 
68.88499 58.58362 75.70217 60.07812 81.68573 65.22013 57.92182 70.3122 60.9934 47.67516 57.86938 65.90972 81.37507 x x 78.47812 71.05374 68.44592 64.25171 48.40576 79.97889 50.31054 49.65264 x 70.66919 65.15022 40.85527 75.1727 69.54832 55.33204 90.44018 72.08281 62.24839 45.65958 55.24794 66.43846 48.20599 80.72072 46.99096 85.43437 72.68276 55.82964 84.57376 51.71848 58.94793 56.45416 74.47952 65.7255 80.36629 66.62105 
68.75763 49.24175 71.86593 72.5542 55.30876 62.41381 69.08485 58.03213 46.99483 66.42109 52.99993 75.42027 59.73928 x x 78.66742 54.635 46.39582 67.64759 55.88164 85.60213 63.00104 78.77058 71.70723 56.42644 57.41631 57.60828 64.24704 53.90589 36.44597 53.70866 72.86996 65.16332 50.85091 39.59654 71.96661 71.20755 72.4041 55.639 70.36436 83.39838 44.3312 46.86141 50.22153 62.58354 50.512 75.13609 70.27181 62.45096 46.1639 
60.24814 69.96694 76.0283 59.49437 60.5535 70.07777 67.1484 56.26671 52.66813 73.70756 67.07803 57.66991 80.8868 78.47812 78.66742 x 46.79522 73.74472 x 64.34423 39.56994 86.61683 74.23951 61.17762 55.84052 77.176 59.6434 71.01198 53.01598 70.48239 63.8915 56.6008 87.55415 56.65511 55.18608 39.75456 68.50343 53.34422 51.76654 53.56417 31.12819 80.38961 79.2987 53.27248 68.67159 58.66803 74.71247 60.57603 46.6661 68.00104 
45.45961 45.74489 72.44163 62.98029 38.37832 68.45835 51.86074 57.62103 39.89647 61.11202 60.50843 54.49505 60.59341 71.05374 54.635 46.79522 x 60.70313 63.73241 52.60421 62.72721 72.9888 65.31826 72.24377 25.73264 64.27119 52.15897 61.81099 47.31933 46.71412 48.2456 53.22518 74.6201 44.53215 51.73675 50.4287 70.05262 65.89216 42.7621 51.9041 55.48861 55.88979 54.02376 55.68711 72.02922 42.14354 81.40309 56.48512 45.39682 56.5036 
62.98458 59.33852 69.36551 61.22007 62.63433 61.36523 54.13808 54.26193 55.31575 53.94306 54.35193 78.65637 43.43843 68.44592 46.39582 73.74472 60.70313 x x 58.97013 92.99338 87.09853 77.98404 74.06565 53.3936 68.7904 56.75827 46.52118 46.41035 64.79496 58.539 69.73279 74.45762 45.43371 41.64275 64.55526 74.51824 84.51303 57.25866 73.28967 83.7599 68.41781 58.29748 58.14791 42.30469 62.98676 55.50255 54.58091 59.12796 54.61707 
56.58756 32.19256 58.23009 72.79871 71.01452 66.07635 53.24263 67.54847 59.74425 55.9676 54.20262 71.13426 75.24128 64.25171 67.64759 x 63.73241 x x 59.07633 74.0017 68.9615 82.26453 59.34949 61.71716 55.41121 47.46658 67.68225 71.46657 49.29475 68.64201 67.62923 42.04632 66.62612 61.73661 86.03565 57.8747 71.8966 66.47862 50.1132 73.19085 55.67593 71.73031 65.09211 68.37401 37.59667 74.36459 74.13566 73.36775 63.06444 
57.04005 52.10852 68.85495 58.61702 60.14916 36.30091 45.79812 73.1749 56.45232 45.3988 59.75598 58.30479 73.68214 48.40576 55.88164 64.34423 52.60421 58.97013 59.07633 x 80.57229 66.05284 64.86196 68.44108 58.27815 77.98869 41.50382 69.70658 56.37179 46.9116 61.59168 60.48431 66.82857 35.69516 x 46.4927 69.93455 74.03368 27.30256 63.92363 74.25127 44.16015 70.09936 32.7099 57.0039 50.42491 75.60954 53.0711 47.02195 69.81925 
68.74904 71.37916 77.26268 76.6759 75.15037 86.47293 81.08071 58.04286 55.892 85.55561 67.55926 60.75007 93.93535 79.97889 85.60213 39.56994 62.72721 92.99338 74.0017 80.57229 x 77.10641 83.0591 51.81282 68.31677 64.60407 66.95558 79.87209 67.79343 73.25054 80.25691 63.66363 84.49658 72.93447 62.35184 69.37676 58.05588 50.103 71.16467 54.1609 25.93703 81.41826 89.56816 64.64078 77.93987 56.94109 79.23998 78.51451 71.56477 69.85718 
78.11752 69.8238 80.01686 90.80491 83.73411 81.12057 81.0389 81.74844 61.12805 70.70303 53.84568 74.33705 82.25146 50.31054 63.00104 86.61683 72.9888 87.09853 68.9615 66.05284 77.10641 x 60.02477 60.10356 73.52812 54.18675 66.55065 78.28568 73.42489 57.63434 93.20114 61.26705 70.71322 66.90387 57.52766 86.88877 60.80297 84.33375 62.47466 84.1995 77.77476 46.80145 79.24967 56.86532 78.0455 57.90414 90.7529 84.0056 84.17027 70.88653 
78.98007 76.47941 80.65198 64.06516 78.5246 78.92308 63.9043 84.5192 69.49555 49.51919 65.72601 77.05492 71.29375 49.65264 78.77058 74.23951 65.31826 77.98404 82.26453 64.86196 83.0591 60.02477 x 66.64 69.32005 71.78647 56.89501 77.75838 68.97688 68.32121 95.62056 57.45799 78.07418 59.46281 64.33623 70.89677 58.51765 88.28247 47.47097 93.34421 67.16839 77.0062 84.4429 66.33727 81.20437 67.55682 96.68125 78.52762 76.73989 77.22979 
75.18159 65.56266 53.95077 66.39965 76.20492 62.92967 69.62575 57.91185 55.30951 61.21453 38.93546 75.31041 71.50283 x 71.70723 61.17762 72.24377 74.06565 59.34949 68.44108 51.81282 60.10356 66.64 x 73.03004 46.76526 50.77473 61.34612 59.44364 61.39029 77.83551 50.18341 57.01107 67.95975 39.60704 78.56478 38.80974 55.72142 60.9583 60.05418 48.88505 74.0096 78.15482 48.66745 58.25259 51.92774 66.21552 78.76906 65.36775 56.99021 
30.43452 43.71801 77.42448 70.48081 55.77135 74.71961 48.12029 48.67885 35.97348 61.52121 52.55923 58.20028 56.24197 70.66919 56.42644 55.84052 25.73264 53.3936 61.71716 58.27815 68.31677 73.52812 69.32005 73.03004 x 59.94616 53.0655 45.1351 51.70354 57.25409 57.90146 55.49476 72.99937 44.23568 50.981 58.36432 72.22152 78.56015 50.85743 56.7981 61.38536 56.2208 56.84344 61.25985 61.67805 45.98482 66.01123 42.25041 58.2699 50.21844 
70.30655 56.33464 56.12723 80.30061 66.74452 83.67446 68.18122 55.61006 46.49459 64.15937 44.95396 69.28364 56.5527 65.15022 57.41631 77.176 64.27119 68.7904 55.41121 77.98869 64.60407 54.18675 71.78647 46.76526 59.94616 x 60.19771 56.17495 54.11965 58.22887 77.42839 54.67573 64.80391 64.75648 42.8511 90.20114 40.77458 73.00322 72.52028 62.50805 66.46992 60.9527 68.60475 65.62112 63.35074 47.37889 70.92347 82.20139 77.47455 53.90679 
56.63982 43.20198 67.75927 50.78797 65.00415 44.61033 34.20025 50.11642 41.45102 44.59552 50.70646 59.99423 70.16074 40.85527 57.60828 59.6434 52.15897 56.75827 47.46658 41.50382 66.95558 66.55065 56.89501 50.77473 53.0655 60.19771 x 55.33779 60.01437 42.20071 69.40668 62.23002 51.04073 40.60769 44.9807 59.72934 50.20999 68.60923 34.12665 63.54917 58.35596 60.93568 75.51801 44.21974 52.46712 47.95355 64.2533 55.05831 58.25074 48.94144 
55.98599 63.03734 77.08896 82.31732 76.34558 69.8593 53.31282 45.59657 41.24946 65.04099 41.69952 76.26249 51.01088 75.1727 64.24704 71.01198 61.81099 46.52118 67.68225 69.70658 79.87209 78.28568 77.75838 61.34612 45.1351 56.17495 55.33779 x 57.37292 71.61308 73.34233 56.43554 72.41812 56.93757 43.05168 79.30362 73.2677 91.17558 62.56062 67.94481 74.47215 71.66948 71.85509 61.48127 44.21663 65.03819 46.17123 52.07172 66.24327 48.07307 
64.00381 62.50002 45.41394 61.43521 36.07359 64.80312 55.42187 61.57361 48.52889 50.69851 56.12024 x x 69.54832 53.90589 53.01598 47.31933 46.41035 71.46657 56.37179 67.79343 73.42489 68.97688 59.44364 51.70354 54.11965 60.01437 57.37292 x 61.35284 53.07766 39.41641 83.00943 41.00894 33.77199 56.11932 56.30949 66.44364 53.39761 50.59464 64.1973 58.52083 60.1324 47.03032 50.71903 49.917 69.39804 66.72179 41.19778 67.5583 
66.85475 37.83189 66.43607 62.67067 51.53352 51.61705 61.31344 62.64325 47.6734 59.54674 53.65692 71.54586 69.47405 55.33204 36.44597 70.48239 46.71412 64.79496 49.29475 46.9116 73.25054 57.63434 68.32121 61.39029 57.25409 58.22887 42.20071 71.61308 61.35284 x 52.69689 67.34665 47.78936 55.10453 47.08024 69.94385 61.96316 57.95031 44.36817 60.8873 69.44191 47.15374 52.84183 46.8186 73.54028 38.17755 85.53746 74.59888 56.01529 47.6846 
65.86706 52.74512 63.48809 66.69078 41.28379 60.97534 72.37857 67.22928 63.07017 72.76249 65.29304 81.76726 63.18126 90.44018 53.70866 63.8915 48.2456 58.539 68.64201 61.59168 80.25691 93.20114 95.62056 77.83551 57.90146 77.42839 69.40668 73.34233 53.07766 52.69689 x 70.44573 72.77774 67.18014 55.53059 66.48068 84.96344 56.53706 64.17109 43.99751 76.1848 67.60051 39.98571 60.25548 75.38425 49.76446 83.367 74.75151 39.50862 62.86342 
65.68263 69.95307 53.53277 74.80674 56.87583 69.02945 59.0199 73.68223 53.81803 52.85414 50.48707 60.62096 51.87933 72.08281 72.86996 56.6008 53.22518 69.73279 67.62923 60.48431 63.66363 61.26705 57.45799 50.18341 55.49476 54.67573 62.23002 56.43554 39.41641 67.34665 70.44573 x 79.87697 56.43016 45.07649 68.88439 58.1219 74.55369 53.27612 55.33367 58.76177 63.1203 70.16411 50.77291 64.02314 53.38639 79.18753 71.98516 48.8348 73.59792 
70.06399 42.4289 70.24618 65.90805 84.95754 64.55622 71.26244 68.02291 70.18493 61.99834 45.3704 96.95816 77.51946 62.24839 65.16332 87.55415 74.6201 74.45762 42.04632 66.82857 84.49658 70.71322 78.07418 57.01107 72.99937 64.80391 51.04073 72.41812 83.00943 47.78936 72.77774 79.87697 x 78.45621 61.81984 90.44315 65.13501 68.30231 67.11103 72.34728 75.86744 71.56649 63.51519 68.05108 75.8221 47.35277 78.51946 79.91151 80.09618 49.64268 
50.65405 53.75761 69.42878 58.43841 54.13561 57.16219 36.95963 57.33586 40.6262 45.6231 59.52842 39.65503 63.06746 45.65958 50.85091 56.65511 44.53215 45.43371 66.62612 35.69516 72.93447 66.90387 59.46281 67.95975 44.23568 64.75648 40.60769 56.93757 41.00894 55.10453 67.18014 56.43016 78.45621 x 42.90932 41.72364 59.62324 78.60878 34.43556 65.48145 67.54831 47.23306 73.17646 41.11959 43.52048 52.55976 63.15007 43.69298 53.69412 63.78821 
61.15992 53.5347 53.60704 61.07803 54.08546 51.58123 56.96397 43.61756 34.15901 52.88988 31.45209 63.39246 48.41267 55.24794 39.59654 55.18608 51.73675 41.64275 61.73661 x 62.35184 57.52766 64.33623 39.60704 50.981 42.8511 44.9807 43.05168 33.77199 47.08024 55.53059 45.07649 61.81984 42.90932 x 60.91947 50.33865 59.88197 44.96014 54.68354 58.77946 53.40515 55.54879 31.70627 40.10491 44.3372 54.79395 59.66554 46.56732 41.92213 
57.13994 68.69213 82.79887 51.91656 63.86697 64.75061 62.95027 68.80828 62.78024 65.23993 73.6775 57.45561 83.49152 66.43846 71.96661 39.75456 50.4287 64.55526 86.03565 46.4927 69.37676 86.88877 70.89677 78.56478 58.36432 90.20114 59.72934 79.30362 56.11932 69.94385 66.48068 68.88439 90.44315 41.72364 60.91947 x 77.41436 68.81758 41.60738 x 59.14358 70.78818 78.41692 50.14014 64.86478 62.25491 76.95087 48.22675 51.57976 76.31507 
74.49114 60.54465 48.57 57.84521 70.04984 76.97287 62.11646 64.18388 59.90375 50.09419 56.39602 62.2706 70.96738 48.20599 71.20755 68.50343 70.05262 74.51824 57.8747 69.93455 58.05588 60.80297 58.51765 38.80974 72.22152 40.77458 50.20999 73.2677 56.30949 61.96316 84.96344 58.1219 65.13501 59.62324 50.33865 77.41436 x 63.03709 64.84949 66.76854 54.261 70.06057 83.13377 61.53766 62.26394 48.4334 74.71106 82.38925 76.77069 68.07555 
79.00564 63.17495 62.40322 56.95 64.13573 72.3323 87.46759 67.21179 70.73803 79.50061 66.41396 82.40668 87.817 80.72072 72.4041 53.34422 65.89216 84.51303 71.8966 74.03368 50.103 84.33375 88.28247 55.72142 78.56015 73.00322 68.60923 91.17558 66.44364 57.95031 56.53706 74.55369 68.30231 78.60878 59.88197 68.81758 63.03709 x 69.96895 52.41598 47.84935 81.05673 67.40872 61.27743 83.34221 48.02372 88.6159 88.8702 61.26403 66.51155 
58.73377 56.17121 73.54707 53.54374 57.74892 41.11745 45.7516 64.33504 46.30799 47.5455 54.92769 59.38146 68.43261 46.99096 55.639 51.76654 42.7621 57.25866 66.47862 27.30256 71.16467 62.47466 47.47097 60.9583 50.85743 72.52028 34.12665 62.56062 53.39761 44.36817 64.17109 53.27612 67.11103 34.43556 44.96014 41.60738 64.84949 69.96895 x 68.08868 60.35389 55.56181 68.66192 32.10936 60.56387 52.30438 76.97193 52.20181 42.93951 59.35732 
56.33049 50.76408 50.54179 71.94818 50.18338 67.44208 64.09568 61.91874 55.5978 69.37831 60.64355 61.11954 71.16139 85.43437 70.36436 53.56417 51.9041 73.28967 50.1132 63.92363 54.1609 84.1995 93.34421 60.05418 56.7981 62.50805 63.54917 67.94481 50.59464 60.8873 43.99751 55.33367 72.34728 65.48145 54.68354 x 66.76854 52.41598 68.08868 x 58.75035 64.15222 65.28862 58.32041 66.52667 40.6434 72.21092 72.45228 48.50523 68.6248 
62.74406 66.30941 74.05618 59.2087 72.11343 80.35001 72.64757 55.76712 56.88924 73.24799 60.8502 66.20382 84.33858 72.68276 83.39838 31.12819 55.48861 83.7599 73.19085 74.25127 25.93703 77.77476 67.16839 48.88505 61.38536 66.46992 58.35596 74.47215 64.1973 69.44191 76.1848 58.76177 75.86744 67.54831 58.77946 59.14358 54.261 47.84935 60.35389 58.75035 x 83.77664 81.39304 x 75.30291 52.69341 77.51704 70.51552 65.5429 63.46911 
57.57261 49.26992 70.90614 83.01566 62.38377 67.91414 63.94455 74.55529 52.77394 62.22458 58.05239 56.74441 73.11123 55.82964 44.3312 80.38961 55.88979 68.41781 55.67593 44.16015 81.41826 46.80145 77.0062 74.0096 56.2208 60.9527 60.93568 71.66948 58.52083 47.15374 67.60051 63.1203 71.56649 47.23306 53.40515 70.78818 70.06057 81.05673 55.56181 64.15222 83.77664 x 64.31582 48.72011 64.34353 44.93468 79.26582 65.93812 67.61848 69.3689 
66.86573 52.4104 68.17625 71.4718 57.00662 76.2965 81.07228 72.06867 68.08012 70.11878 53.22349 94.27355 51.70996 84.57376 46.86141 79.2987 54.02376 58.29748 71.73031 70.09936 89.56816 79.24967 84.4429 78.15482 56.84344 68.60475 75.51801 71.85509 60.1324 52.84183 39.98571 70.16411 63.51519 73.17646 55.54879 78.41692 83.13377 67.40872 68.66192 65.28862 81.39304 64.31582 x 68.82642 80.85641 47.11047 87.52891 78.45121 61.42686 55.93276 
64.90697 60.2623 64.11463 63.77352 59.71798 35.47511 58.94683 60.87665 44.56447 56.95079 47.64846 58.68907 70.89463 51.71848 50.22153 53.27248 55.68711 58.14791 65.09211 32.7099 64.64078 56.86532 66.33727 48.66745 61.25985 65.62112 44.21974 61.48127 47.03032 46.8186 60.25548 50.77291 68.05108 41.11959 31.70627 50.14014 61.53766 61.27743 32.10936 58.32041 x 48.72011 68.82642 x 48.91558 50.81326 66.7851 58.87886 40.45665 59.1707 
58.29248 63.50956 66.55677 69.37644 77.35455 61.15081 52.84808 50.20163 51.84834 56.41881 49.43663 63.79394 65.26537 58.94793 62.58354 68.67159 72.02922 42.30469 68.37401 57.0039 77.93987 78.0455 81.20437 58.25259 61.67805 63.35074 52.46712 44.21663 50.71903 73.54028 75.38425 64.02314 75.8221 43.52048 40.10491 64.86478 62.26394 83.34221 60.56387 66.52667 75.30291 64.34353 80.85641 48.91558 x 62.49275 28.27318 47.52353 66.8733 62.29134 
44.70874 25.75415 48.9277 54.28104 51.294 64.64849 57.15282 56.28343 49.25204 49.75665 41.84871 61.03313 61.66306 56.45416 50.512 58.66803 42.14354 62.98676 37.59667 50.42491 56.94109 57.90414 67.55682 51.92774 45.98482 47.37889 47.95355 65.03819 49.917 38.17755 49.76446 53.38639 47.35277 52.55976 44.3372 62.25491 48.4334 48.02372 52.30438 40.6434 52.69341 44.93468 47.11047 50.81326 62.49275 x 70.48702 63.11331 56.9321 51.5131 
57.21596 68.00063 82.32588 80.47468 93.43217 77.68015 67.85759 43.63485 59.44002 75.54794 53.58737 78.61171 78.67226 74.47952 75.13609 74.71247 81.40309 55.50255 74.36459 75.60954 79.23998 90.7529 96.68125 66.21552 66.01123 70.92347 64.2533 46.17123 69.39804 85.53746 83.367 79.18753 78.51946 63.15007 54.79395 76.95087 74.71106 88.6159 76.97193 72.21092 77.51704 79.26582 87.52891 66.7851 28.27318 70.48702 x 48.28133 82.20589 60.20749 
31.46497 58.54159 91.02289 70.89068 81.63285 70.26291 53.03382 53.64342 52.95748 66.42025 58.88746 64.95404 78.11599 65.7255 70.27181 60.57603 56.48512 54.58091 74.13566 53.0711 78.51451 84.0056 78.52762 78.76906 42.25041 82.20139 55.05831 52.07172 66.72179 74.59888 74.75151 71.98516 79.91151 43.69298 59.66554 48.22675 82.38925 88.8702 52.20181 72.45228 70.51552 65.93812 78.45121 58.87886 47.52353 63.11331 48.28133 x 68.72238 61.88622 
69.15031 65.89293 61.32591 62.7457 39.83852 43.36892 59.72992 70.03566 55.42102 61.75211 63.25953 67.52171 61.73914 80.36629 62.45096 46.6661 45.39682 59.12796 73.36775 47.02195 71.56477 84.17027 76.73989 65.36775 58.2699 77.47455 58.25074 66.24327 41.19778 56.01529 39.50862 48.8348 80.09618 53.69412 46.56732 51.57976 76.77069 61.26403 42.93951 48.50523 65.5429 67.61848 61.42686 40.45665 66.8733 56.9321 82.20589 68.72238 x 69.44567 
59.73331 46.79126 80.61061 69.68028 73.79949 67.85823 69.06123 x 40.20107 73.08431 37.8542 84.7378 66.45983 66.62105 46.1639 68.00104 56.5036 54.61707 63.06444 69.81925 69.85718 70.88653 77.22979 56.99021 50.21844 53.90679 48.94144 48.07307 67.5583 47.6846 62.86342 73.59792 49.64268 63.78821 41.92213 76.31507 68.07555 66.51155 59.35732 68.6248 63.46911 69.3689 55.93276 59.1707 62.29134 51.5131 60.20749 61.88622 69.44567 x 
