20
6
1 2 3 4 5 6 7 8 9 10 11 12 13 14 15 16 17 18 19 20
1 5 6 7 8 19
1
x 5 3 4 1 3 6 4 5 2 4 4 2 6 4 4 5 4 3 5 
5 x 3 5 5 5 6 1 4 4 3 4 6 4 2 2 4 4 5 3 
3 3 x 5 2 4 3 2 4 4 3 3 3 5 1 3 4 4 5 4 
4 5 5 x 4 5 5 4 4 3 3 3 5 5 5 3 4 3 1 2 
1 5 2 4 x 2 5 4 4 3 4 3 1 6 3 5 5 4 3 5 
3 5 4 5 2 x 6 5 4 2 5 3 3 5 5 4 4 2 5 3 
6 6 3 5 5 6 x 5 2 5 5 3 6 4 4 4 5 4 4 5 
4 1 2 4 4 5 5 x 4 3 2 3 5 3 1 1 3 3 4 2 
5 4 4 4 4 4 2 4 x 4 5 1 5 5 3 4 4 2 5 3 
2 4 4 3 3 2 5 3 4 x 3 3 4 5 3 2 4 2 4 3 
4 3 3 3 4 5 5 2 5 3 x 4 5 2 3 1 1 3 4 2 
4 4 3 3 3 3 3 3 1 3 4 x 4 4 2 3 3 1 4 2 
2 6 3 5 1 3 6 5 5 4 5 4 x 7 4 6 6 5 4 6 
6 4 5 5 6 5 4 3 5 5 2 4 7 x 4 3 1 3 5 4 
4 2 1 5 3 5 4 1 3 3 3 2 4 4 x 2 4 3 5 3 
4 2 3 3 5 4 4 1 4 2 1 3 6 3 2 x 2 2 3 1 
5 4 4 4 5 4 5 3 4 4 1 3 6 1 4 2 x 2 4 3 
4 4 4 3 4 2 4 3 2 2 3 1 5 3 3 2 2 x 4 1 
3 5 5 1 3 5 4 4 5 4 4 4 4 5 5 3 4 4 x 3 
5 3 4 2 5 3 5 2 3 3 2 2 6 4 3 1 3 1 3 x
