120
70
1 2 3 4 5 6 7 8 9 10 11 12 13 14 15 16 17 18 19 20 21 22 23 24 25 26 27 28 29 30 31 32 33 34 35 36 37 38 39 40 41 42 43 44 45 46 47 48 49 50 51 52 53 54 55 56 57 58 59 60 61 62 63 64 65 66 67 68 69 70 71 72 73 74 75 76 77 78 79 80 81 82 83 84 85 86 87 88 89 90 91 92 93 94 95 96 97 98 99 100 101 102 103 104 105 106 107 108 109 110 111 112 113 114 115 116 117 118 119 120 
10 11 12 13 14 15 16 17 18 19 20 21 22 23 24 25 26 27 28 29 30 31 32 33 34 35 36 37 38 39 40 41 42 43 44 45 46 47 48 49 50 51 52 53 54 55 56 57 58 59 60 61 62 63 64 65 66 67 68 69 70 71 72 73 74 75 76 77 78 79
1
x	4	3	8	8	8	6	5	8	5	8	6	8	6	8	5	5	2	9	8	6	8	3	7	6	6	6	8	7	1	8	6	8	6	8	5	6	7	6	6	6	7	4	6	7	8	6	7	1	3	8	6	4	6	7	6	8	4	7	5	7	5	7	3	7	4	3	8	7	6	7	4	3	7	5	4	6	8	5	8	7	4	7	7	8	6	4	9	7	6	6	5	5	12	7	6	7	5	7	9	8	6	7	6	7	9	9	2	7	5	5	12	7	6	7	5	6	7	6	5	 
4	x	5	9	4	6	8	7	9	7	7	9	6	7	7	8	8	4	9	10	9	9	7	7	6	8	6	7	8	3	8	5	8	10	10	7	7	7	7	5	6	6	6	8	5	6	8	5	5	5	8	2	6	8	8	7	8	8	7	7	6	4	6	7	5	6	7	8	3	7	7	6	5	7	7	8	8	4	7	9	7	6	3	7	10	7	6	9	7	8	8	9	7	8	7	2	8	8	8	10	7	8	9	9	6	7	8	6	10	6	7	8	9	9	8	8	8	7	8	8	 
3	5	x	7	7	6	7	6	7	2	5	5	9	6	5	5	6	3	8	9	4	9	5	4	7	6	5	5	6	2	8	4	6	7	9	2	6	7	5	5	7	5	5	5	5	7	3	6	2	4	8	7	4	7	6	6	7	4	5	3	4	6	4	4	6	5	6	6	8	4	8	5	4	6	6	6	7	7	6	6	8	1	6	5	5	5	1	8	6	7	7	6	4	10	7	7	6	4	7	7	9	7	4	7	7	10	8	3	6	5	6	13	8	7	7	3	6	8	3	6	 
8	9	7	x	5	3	9	10	9	8	3	8	8	6	7	5	8	7	8	9	6	7	7	7	3	4	5	3	7	7	8	6	6	6	7	8	6	3	7	5	5	4	4	8	5	4	5	5	8	8	5	7	8	7	4	6	7	6	5	7	6	6	4	8	5	7	9	1	7	5	4	7	8	2	7	7	5	5	4	6	9	7	6	5	5	6	7	6	8	7	6	7	6	9	5	8	6	8	5	7	6	3	10	4	7	7	8	7	8	7	7	11	6	6	7	6	6	8	8	5	 
8	4	7	5	x	4	8	10	8	9	5	10	6	5	8	6	7	8	5	8	7	11	9	7	4	7	4	6	8	7	7	3	5	9	6	5	7	6	6	6	6	7	4	9	7	8	6	8	8	8	6	2	7	6	7	5	8	8	8	8	7	8	7	8	7	8	9	4	7	8	5	6	7	5	7	10	8	2	6	8	6	8	1	7	9	9	6	5	3	8	7	9	5	4	6	6	7	5	6	10	3	6	5	5	6	3	8	7	8	4	8	12	8	7	6	8	7	7	9	6	 
8	6	6	3	4	x	6	10	9	7	1	8	8	5	9	4	8	7	7	10	5	10	7	9	3	6	5	6	8	7	8	5	6	8	8	6	6	5	7	2	6	5	6	5	8	7	3	6	8	6	2	6	5	7	7	7	4	6	4	4	8	8	7	9	6	7	10	3	5	6	4	7	7	2	6	8	8	4	6	8	8	6	3	7	8	7	5	3	5	5	4	9	6	8	5	8	3	7	6	9	6	3	7	4	6	7	5	8	6	6	6	10	8	6	7	6	6	7	7	5	 
6	8	7	9	8	6	x	9	8	9	7	8	7	6	6	9	7	6	10	9	9	10	8	9	7	7	6	8	6	5	9	7	9	9	9	7	7	8	6	5	7	5	8	6	6	8	9	6	7	7	8	10	8	8	9	7	2	7	4	7	5	11	7	9	7	4	9	8	8	6	8	4	3	8	5	8	9	9	6	8	8	8	9	7	10	7	8	9	9	5	4	10	5	10	9	9	3	7	6	10	5	8	9	7	8	11	7	8	8	6	5	13	8	9	8	6	6	9	10	8	 
5	7	6	10	10	10	9	x	8	8	9	8	9	9	9	7	8	3	5	10	8	9	8	8	7	9	8	8	8	4	10	9	9	11	4	8	9	8	9	8	8	9	7	9	10	8	9	10	6	4	11	9	5	9	8	9	11	9	10	6	10	6	9	4	9	7	8	9	10	8	8	7	6	8	8	9	6	9	7	10	8	7	10	10	9	7	7	9	7	8	9	10	8	13	9	9	10	9	10	11	11	9	9	9	9	12	11	5	9	8	8	15	5	9	10	9	9	10	9	8	 
8	9	7	9	8	9	8	8	x	7	9	6	4	5	4	8	5	8	7	8	7	8	9	8	7	8	6	6	4	7	2	7	7	6	8	7	4	9	2	8	5	7	7	7	4	5	8	8	8	8	8	10	7	6	7	5	7	8	7	8	3	9	5	8	4	4	7	9	7	6	8	5	5	8	3	8	7	8	6	8	5	6	7	6	8	5	6	7	5	4	5	7	5	12	7	7	6	3	8	9	7	8	7	6	10	11	8	7	6	4	6	12	8	6	3	7	7	11	7	5	 
5	7	2	8	9	7	9	8	7	x	7	5	8	6	7	3	8	5	8	9	2	8	5	2	5	6	5	5	6	4	6	6	6	8	8	4	4	7	5	7	7	5	7	7	5	7	5	6	4	4	8	7	5	7	6	6	7	4	5	5	6	8	4	6	7	7	8	7	8	4	6	7	6	6	6	6	7	7	8	6	9	1	8	4	7	5	3	8	6	7	7	7	6	12	7	8	6	4	7	6	8	7	6	6	5	11	8	5	8	5	6	13	8	6	5	3	5	6	1	5	 
8	7	5	3	5	1	7	9	9	7	x	9	7	6	8	4	7	6	7	10	5	9	7	8	2	5	4	6	8	7	8	5	5	7	8	5	6	4	7	3	6	5	7	6	8	6	2	6	7	7	3	7	6	6	7	7	5	6	5	5	7	7	7	9	5	6	9	2	4	6	3	6	7	1	7	8	7	4	5	8	8	6	4	6	8	7	4	4	6	6	5	8	5	9	4	9	4	8	6	8	6	2	7	4	6	8	6	8	5	6	7	9	7	6	7	7	5	7	7	5	 
6	9	5	8	10	8	8	8	6	5	9	x	10	7	2	5	5	8	9	9	6	9	4	7	7	5	8	6	5	7	8	7	5	7	10	7	8	6	7	9	6	4	7	9	4	6	8	5	5	7	6	11	6	6	7	6	6	3	4	7	3	7	5	4	5	8	9	7	7	3	7	6	7	8	8	5	8	9	7	5	9	4	9	6	8	4	6	9	7	7	6	6	7	12	6	7	5	7	6	8	8	9	9	8	7	10	7	4	9	7	8	12	9	8	9	2	7	8	6	7	 
8	6	9	8	6	8	7	9	4	8	7	10	x	5	8	6	8	10	4	8	7	10	9	9	8	9	6	5	8	9	2	6	6	8	5	7	4	8	6	8	5	6	10	9	7	7	9	5	7	9	7	8	8	8	6	5	5	8	7	9	7	9	6	7	6	8	10	9	3	7	8	6	7	8	7	9	7	8	6	8	1	9	7	7	9	8	8	6	4	8	7	7	5	10	7	8	6	6	8	11	3	8	6	5	6	9	8	6	8	4	8	8	8	6	3	8	8	7	7	5	 
6	7	6	6	5	5	6	9	5	6	6	7	5	x	5	5	5	7	4	5	4	6	7	6	5	6	3	6	6	6	7	4	4	8	5	4	7	6	4	3	1	4	7	7	5	3	7	5	5	7	7	7	6	5	7	2	6	7	5	5	4	5	5	5	2	5	9	5	7	5	6	3	4	6	5	7	5	5	2	7	5	7	4	4	9	6	5	6	6	6	6	8	2	9	5	8	5	5	5	8	8	5	6	7	7	8	5	4	5	1	6	12	4	7	8	6	5	8	7	6	 
8	7	5	7	8	9	6	9	4	7	8	2	8	5	x	7	3	6	7	10	8	7	6	6	6	7	6	4	7	7	6	5	7	6	8	5	8	8	5	7	4	6	5	7	2	4	6	7	7	5	8	9	4	4	5	7	8	5	6	5	1	8	3	6	3	7	8	8	9	5	5	7	8	7	6	7	6	8	5	7	8	6	7	4	6	6	4	9	7	7	8	7	6	12	6	5	7	6	6	7	6	8	7	8	9	10	9	6	9	6	6	12	7	8	7	4	5	9	8	7	 
5	8	5	5	6	4	9	7	8	3	4	5	6	5	7	x	8	6	6	8	1	8	3	5	2	4	6	8	6	6	8	6	5	6	7	7	6	5	7	6	6	5	8	8	8	6	6	6	6	7	6	8	7	8	8	5	7	2	5	8	7	9	7	8	5	6	8	4	8	4	3	6	7	3	7	6	7	4	7	6	7	4	5	6	9	5	6	6	4	6	5	5	5	10	4	10	6	6	5	7	5	4	6	7	2	9	8	7	8	4	7	10	8	8	7	3	5	3	3	7	 
5	8	6	8	7	8	7	8	5	8	7	5	8	5	3	8	x	7	8	8	7	5	6	7	7	4	3	5	7	6	7	4	8	3	9	6	7	5	5	8	5	7	6	8	3	5	7	8	4	8	9	9	7	1	6	5	9	6	8	8	2	6	4	4	4	7	8	7	10	8	6	5	6	6	6	9	7	7	6	8	8	7	6	5	7	8	5	6	6	7	8	4	4	11	7	6	9	6	3	7	9	5	8	7	7	9	7	3	8	4	7	13	8	7	8	7	5	6	9	6	 
2	4	3	7	8	7	6	3	8	5	6	8	10	7	6	6	7	x	8	7	7	7	5	5	4	6	5	6	5	1	10	6	7	8	7	5	8	5	6	5	8	6	4	6	7	8	6	7	3	1	9	6	2	7	7	7	8	6	7	3	7	7	7	5	7	4	5	6	7	5	5	4	3	5	5	6	4	6	7	7	9	4	7	7	8	4	4	8	6	5	6	7	5	12	6	6	7	7	7	9	10	6	7	8	8	9	8	4	8	6	5	12	5	8	9	6	6	9	6	7	 
9	9	8	8	5	7	10	5	7	8	7	9	4	4	7	6	8	8	x	9	7	8	9	9	7	8	5	9	7	9	6	4	4	10	1	6	6	9	5	7	3	8	9	7	7	5	7	9	8	7	9	7	6	7	10	6	8	8	8	7	6	7	8	8	4	7	8	7	7	7	6	7	8	8	6	9	7	7	4	9	3	7	6	8	10	8	7	4	2	7	8	9	6	9	5	10	7	4	7	10	7	7	4	8	8	8	9	7	4	5	7	12	6	8	5	7	7	9	9	7	 
8	10	9	9	8	10	9	10	8	9	10	9	8	5	10	8	8	7	9	x	7	9	9	9	8	8	6	8	8	8	10	7	8	10	10	7	11	9	9	8	6	5	10	10	9	8	9	6	8	6	12	10	7	8	9	3	8	8	6	8	9	10	8	8	7	7	11	8	8	6	9	6	6	9	8	8	6	8	7	8	9	8	7	7	13	7	8	7	9	9	8	10	5	12	9	12	7	10	8	11	11	8	9	11	10	11	8	7	6	4	9	13	5	11	11	7	8	11	9	10	 
6	9	4	6	7	5	9	8	7	2	5	6	7	4	8	1	7	7	7	7	x	9	4	4	3	5	5	7	7	6	8	6	6	7	8	6	6	6	7	7	5	6	9	9	7	7	7	7	6	6	7	9	7	7	8	4	8	3	6	7	8	9	6	7	6	7	9	5	9	5	4	5	6	4	7	7	8	5	6	7	8	3	6	6	9	6	5	7	5	7	6	6	4	11	5	10	7	6	6	8	6	5	7	8	3	10	7	6	7	3	8	11	8	8	7	4	6	4	3	7	 
8	9	9	7	11	10	10	9	8	8	9	9	10	6	7	8	5	7	8	9	9	x	5	8	7	4	7	5	8	8	8	8	6	2	9	7	6	5	6	9	5	8	10	9	7	3	10	9	7	8	9	10	9	6	6	8	9	6	9	9	6	9	6	9	4	6	11	7	10	8	6	7	7	8	5	10	3	9	6	8	9	9	10	6	4	8	8	8	8	6	7	3	8	15	5	10	8	7	5	2	9	9	9	7	10	9	6	8	8	7	8	13	4	7	7	7	5	10	9	6	 
3	7	5	7	9	7	8	8	9	5	7	4	9	7	6	3	6	5	9	9	4	5	x	4	5	3	6	8	5	4	7	7	5	3	10	6	5	4	7	9	8	4	7	9	8	7	8	5	4	6	9	9	6	7	7	6	6	1	4	7	7	8	7	6	8	7	6	6	7	3	6	6	6	6	8	5	8	7	8	5	10	4	8	6	8	4	6	7	7	7	6	2	5	10	6	9	5	7	4	6	8	7	8	7	5	6	7	5	9	6	8	11	8	7	6	2	5	5	6	6	 
7	7	4	7	7	9	9	8	8	2	8	7	9	6	6	5	7	5	9	9	4	8	4	x	6	7	5	4	8	6	8	6	5	7	10	6	6	8	7	8	7	6	7	5	4	5	7	5	6	4	8	5	5	7	5	6	7	5	7	6	5	10	3	8	6	7	8	8	7	6	5	5	6	7	7	8	6	8	8	7	10	3	8	2	9	7	5	7	7	8	9	6	4	11	5	7	8	6	7	8	10	7	8	8	7	10	9	7	9	5	4	12	7	8	7	5	3	8	3	7	 
6	6	7	3	4	3	7	7	7	5	2	7	8	5	6	2	7	4	7	8	3	7	5	6	x	5	4	6	7	5	8	5	3	7	8	7	6	4	5	5	4	5	6	7	6	4	4	6	7	5	5	6	6	6	7	7	5	4	5	7	5	7	5	9	3	4	9	2	6	6	1	6	5	1	5	8	5	2	5	8	8	6	3	4	7	7	6	6	5	4	3	7	5	8	2	8	4	6	6	8	7	2	7	6	4	7	8	8	7	6	6	8	6	8	7	5	3	5	5	7	 
6	8	6	4	7	6	7	9	8	6	5	5	9	6	7	4	4	6	8	8	5	4	3	7	5	x	3	7	6	7	8	4	6	2	9	6	6	1	8	8	7	5	8	9	7	7	7	6	7	7	8	6	7	5	8	5	7	2	5	8	6	8	7	8	7	7	9	3	8	4	6	5	6	4	7	6	6	7	6	6	8	5	6	6	5	5	7	4	6	8	7	3	4	11	7	6	6	8	1	3	9	5	8	8	6	5	6	7	8	5	8	13	5	8	7	3	6	7	7	7	 
6	6	5	5	4	5	6	8	6	5	4	8	6	3	6	6	3	5	5	6	5	7	6	5	4	3	x	5	7	5	7	1	5	5	6	3	7	4	5	6	4	5	6	6	5	6	6	6	6	6	7	6	7	2	6	3	8	5	6	8	5	8	4	6	5	4	9	4	8	6	5	2	3	3	4	8	7	4	5	8	6	4	3	3	8	7	4	5	3	5	6	6	1	8	6	8	7	5	2	6	7	2	5	7	8	7	6	5	6	2	5	12	7	9	6	6	4	7	6	8	 
8	7	5	3	6	6	8	8	6	5	6	6	5	6	4	8	5	6	9	8	7	5	8	4	6	7	5	x	7	7	7	6	6	7	8	6	7	6	6	8	6	6	5	5	2	5	8	7	7	7	8	8	8	6	1	6	7	7	7	8	3	7	1	5	5	6	6	4	8	5	5	5	6	5	5	7	2	8	5	3	6	4	7	2	8	6	6	9	8	4	5	8	4	10	5	5	6	7	7	6	8	6	8	7	9	6	9	6	8	5	4	12	3	9	8	6	3	10	6	8	 
7	8	6	7	8	8	6	8	4	6	8	5	8	6	7	6	7	5	7	8	7	8	5	8	7	6	7	7	x	6	6	7	6	8	8	8	8	7	2	6	5	3	9	7	7	5	9	4	8	4	8	10	3	6	6	5	6	4	4	4	6	9	8	9	4	4	7	6	6	2	8	5	5	7	3	4	5	8	6	4	8	5	9	8	10	1	7	7	5	4	5	7	6	11	7	10	5	3	7	9	8	8	7	6	8	11	7	9	6	6	6	11	6	8	7	3	7	9	7	7	 
1	3	2	7	7	7	5	4	7	4	7	7	9	6	7	6	6	1	9	8	6	8	4	6	5	7	5	7	6	x	9	5	8	7	8	4	7	6	5	5	7	7	3	5	6	7	5	8	2	2	8	5	3	6	8	6	7	5	7	4	6	6	6	4	7	3	4	7	6	6	6	3	2	6	4	5	5	7	6	8	8	3	6	6	7	5	3	9	7	5	5	6	4	11	7	5	6	6	7	9	9	7	6	7	8	10	8	3	7	5	4	11	6	7	8	5	5	8	5	6	 
8	8	8	8	7	8	9	10	2	6	8	8	2	7	6	8	7	10	6	10	8	8	7	8	8	8	7	7	6	9	x	6	6	6	7	8	2	9	4	10	7	7	9	9	6	6	10	7	7	9	6	9	8	8	8	7	7	7	6	9	5	9	7	7	6	6	9	9	5	7	8	7	7	9	5	9	9	6	8	6	3	7	7	8	8	7	8	6	4	6	5	5	7	11	7	9	6	5	9	10	5	9	6	4	8	10	9	6	8	6	8	10	9	4	1	6	8	9	5	3	 
6	5	4	6	3	5	7	9	7	6	5	7	6	4	5	6	4	6	4	7	6	8	7	6	5	4	1	6	7	5	6	x	4	6	5	2	6	5	5	7	5	6	5	7	5	7	5	7	6	7	7	5	6	3	7	4	9	6	7	7	4	9	5	7	6	5	8	5	8	7	6	3	4	4	5	9	8	3	5	9	5	5	2	4	9	8	3	4	2	6	7	6	2	7	5	7	8	4	3	7	6	3	4	8	8	6	7	6	7	3	6	13	7	8	5	7	5	8	7	7	 
8	8	6	6	5	6	9	9	7	6	5	5	6	4	7	5	8	7	4	8	6	6	5	5	3	6	5	6	6	8	6	4	x	8	5	6	6	7	5	7	3	5	8	5	6	3	7	6	8	7	8	6	6	7	7	5	7	4	5	7	6	7	5	8	4	5	8	5	8	4	2	6	6	4	4	6	7	5	4	6	5	5	6	4	6	5	7	4	2	5	6	7	5	9	1	9	6	4	7	8	8	5	4	7	7	8	8	7	7	4	4	9	6	7	5	3	4	8	7	6	 
6	10	7	6	9	8	9	11	6	8	7	7	8	8	6	6	3	8	10	10	7	2	3	7	7	2	5	7	8	7	6	6	8	x	11	5	4	3	8	7	7	6	9	10	6	5	8	7	7	9	8	8	9	4	8	7	9	4	7	9	5	9	7	7	6	8	9	5	8	6	8	7	8	6	7	8	5	9	8	8	9	7	8	8	6	7	6	6	8	8	7	1	6	13	7	8	8	9	3	4	8	7	7	6	8	7	4	6	10	7	10	13	6	6	5	5	7	8	7	5	 
8	10	9	7	6	8	9	4	8	8	8	10	5	5	8	7	9	7	1	10	8	9	10	10	8	9	6	8	8	8	7	5	5	11	x	7	7	8	6	8	4	8	10	8	8	6	8	9	7	8	10	8	7	8	9	7	7	9	7	6	7	8	9	7	5	8	9	6	8	8	7	8	9	7	7	10	6	8	3	10	4	8	7	9	11	9	8	5	3	8	7	10	7	10	6	11	6	5	8	11	8	8	5	9	9	9	10	6	5	6	8	13	5	9	6	8	8	10	9	8	 
5	7	2	8	5	6	7	8	7	4	5	7	7	4	5	7	6	5	6	7	6	7	6	6	7	6	3	6	8	4	8	2	6	5	7	x	7	6	6	7	5	6	7	5	5	7	3	7	4	6	8	7	6	5	7	4	9	6	7	5	4	8	5	6	6	5	8	7	9	6	7	3	4	6	5	8	8	5	6	8	7	3	4	4	7	7	1	6	4	6	7	4	2	9	7	8	8	6	5	9	8	5	2	8	9	8	7	5	6	3	6	14	8	9	7	5	5	10	5	8	 
6	7	6	6	7	6	7	9	4	4	6	8	4	7	8	6	7	8	6	11	6	6	5	6	6	6	7	7	8	7	2	6	6	4	7	7	x	7	6	8	6	6	10	7	8	4	8	6	5	8	4	9	8	8	6	8	5	6	5	9	7	7	8	5	5	6	9	7	4	6	7	7	6	7	5	7	8	6	7	4	5	5	7	7	6	7	7	6	4	4	3	3	8	11	6	9	4	6	7	8	4	8	6	2	7	10	8	4	8	7	8	9	7	2	1	7	6	8	3	1	 
7	7	7	3	6	5	8	8	9	7	4	6	8	6	8	5	5	5	9	9	6	5	4	8	4	1	4	6	7	6	9	5	7	3	8	6	7	x	8	7	6	5	7	9	8	7	6	6	8	6	7	5	7	6	7	6	8	3	6	8	7	7	7	9	7	7	10	2	8	5	5	5	6	3	7	7	5	6	5	7	7	6	7	6	6	6	7	5	7	8	7	4	4	10	6	5	7	9	2	4	9	4	8	7	7	4	7	8	9	5	8	12	4	9	8	4	7	8	8	8	 
6	7	5	7	6	7	6	9	2	5	7	7	6	4	5	7	5	6	5	9	7	6	7	7	5	8	5	6	2	5	4	5	5	8	6	6	6	8	x	7	3	5	8	5	5	3	7	6	7	6	6	8	5	4	7	6	5	6	5	6	4	7	6	7	2	2	5	7	8	4	6	3	3	6	1	6	5	7	4	6	6	4	7	6	8	3	6	5	3	2	3	9	4	10	5	8	4	1	7	8	6	7	5	4	8	9	8	7	4	5	4	11	6	6	5	5	5	9	6	5	 
6	5	5	5	6	2	5	8	8	7	3	9	8	3	7	6	8	5	7	8	7	9	9	8	5	8	6	8	6	5	10	7	7	7	8	7	8	7	7	x	4	6	8	7	8	6	5	7	7	4	4	7	3	8	9	5	3	8	5	2	7	8	8	8	5	8	9	5	7	6	6	6	7	4	7	8	8	6	5	8	8	6	5	7	9	5	6	5	7	6	5	8	5	10	7	7	4	8	8	11	8	5	9	6	8	9	3	7	8	4	6	12	7	8	9	7	8	9	8	7	 
6	6	7	5	6	6	7	8	5	7	6	6	5	1	4	6	5	8	3	6	5	5	8	7	4	7	4	6	5	7	7	5	3	7	4	5	6	6	3	4	x	5	7	8	4	2	8	6	5	7	8	8	6	5	7	3	5	7	5	5	3	4	5	5	1	5	8	4	8	6	5	4	5	5	4	8	4	6	1	8	4	7	5	5	8	6	6	7	5	5	5	8	3	10	4	7	4	4	6	7	8	6	7	6	8	9	6	4	6	2	7	12	3	6	7	6	4	9	8	5	 
7	6	5	4	7	5	5	9	7	5	5	4	6	4	6	5	7	6	8	5	6	8	4	6	5	5	5	6	3	7	7	6	5	6	8	6	6	5	5	6	5	x	8	7	6	7	7	1	7	5	7	8	4	7	5	2	3	3	1	5	7	8	7	7	6	6	10	3	3	1	6	5	6	4	5	3	7	5	5	3	7	4	6	6	9	2	6	6	7	4	3	5	4	8	6	8	2	6	6	8	8	5	8	8	7	9	4	6	5	3	6	8	7	8	7	2	7	8	6	7	 
4	6	5	4	4	6	8	7	7	7	7	7	10	7	5	8	6	4	9	10	9	10	7	7	6	8	6	5	9	3	9	5	8	9	10	7	10	7	8	8	7	8	x	8	3	7	8	9	5	5	8	6	6	7	6	7	10	8	9	7	4	9	4	7	6	6	7	5	9	9	6	6	5	6	7	8	7	4	8	8	10	6	3	5	9	8	6	9	7	8	8	9	7	8	7	6	9	9	8	8	7	7	9	8	10	7	9	6	10	6	7	13	8	10	9	8	6	11	8	9	 
6	8	5	8	9	5	6	9	7	7	6	9	9	7	7	8	8	6	7	10	9	9	9	5	7	9	6	5	7	5	9	7	5	10	8	5	7	9	5	7	8	7	8	x	5	6	6	8	6	7	3	7	8	8	6	7	4	8	6	8	6	10	4	8	7	7	8	8	10	8	6	6	7	7	6	10	7	7	8	8	9	6	8	3	9	8	4	8	6	7	6	9	5	13	6	8	5	4	8	10	7	6	7	5	6	11	9	7	9	6	1	11	8	7	8	8	4	7	8	6	 
7	5	5	5	7	8	6	10	4	5	8	4	7	5	2	8	3	7	7	9	7	7	8	4	6	7	5	2	7	6	6	5	6	6	8	5	8	8	5	8	4	6	3	5	x	4	6	7	7	7	8	7	6	4	3	6	7	7	7	7	1	8	1	7	3	7	6	6	8	7	5	5	6	7	6	9	4	7	5	5	8	4	6	2	6	8	4	9	7	6	7	7	4	11	5	3	8	6	6	5	8	7	7	6	9	8	9	6	9	5	4	12	5	8	7	6	3	9	6	7	 
8	6	7	4	8	7	8	8	5	7	6	6	7	3	4	6	5	8	5	8	7	3	7	5	4	7	6	5	5	7	6	7	3	5	6	7	4	7	3	6	2	7	7	6	4	x	8	8	7	8	6	7	8	6	6	5	7	6	7	7	3	6	4	7	1	5	8	5	8	7	3	6	5	5	4	9	4	6	3	8	6	7	7	3	7	6	6	7	5	5	6	6	5	12	2	7	6	4	7	5	6	6	7	4	8	11	8	6	7	4	5	10	3	4	5	6	2	9	7	3	 
6	8	3	5	6	3	9	9	8	5	2	8	9	7	6	6	7	6	7	9	7	10	8	7	4	7	6	8	9	5	10	5	7	8	8	3	8	6	7	5	8	7	8	6	6	8	x	8	5	7	5	7	7	8	9	6	7	7	7	6	5	9	7	7	7	7	7	4	6	7	5	5	6	3	6	9	9	4	7	9	10	4	5	7	8	8	2	6	7	7	7	7	5	7	6	9	6	7	8	10	8	4	5	6	8	9	8	6	3	6	7	11	9	8	9	6	7	9	6	7	 
7	5	6	5	8	6	6	10	8	6	6	5	5	5	7	6	8	7	9	6	7	9	5	5	6	6	6	7	4	8	7	7	6	7	9	7	6	6	6	7	6	1	9	8	7	8	8	x	6	6	8	7	5	8	6	3	4	4	2	6	8	8	8	6	7	7	10	4	2	2	7	6	6	5	6	4	8	6	6	4	6	5	7	7	10	3	7	7	8	5	4	6	5	9	7	7	3	7	7	9	8	6	9	8	8	10	5	5	6	4	7	7	8	8	7	3	8	9	7	7	 
1	5	2	8	8	8	7	6	8	4	7	5	7	5	7	6	4	3	8	8	6	7	4	6	7	7	6	7	8	2	7	6	8	7	7	4	5	8	7	7	5	7	5	6	7	7	5	6	x	4	7	7	5	5	6	5	8	5	7	5	6	4	6	2	6	5	4	7	8	6	8	5	4	8	6	5	7	8	4	8	6	3	7	7	7	7	3	9	8	7	7	6	5	11	8	7	7	6	7	9	7	7	6	5	8	10	8	1	8	4	5	13	6	5	6	5	7	8	5	4	 
3	5	4	8	8	6	7	4	8	4	7	7	9	7	5	7	8	1	7	6	6	8	6	4	5	7	6	7	4	2	9	7	7	9	8	6	8	6	6	4	7	5	5	7	7	8	7	6	4	x	8	7	1	8	8	7	7	6	6	2	6	7	7	6	7	5	6	7	6	4	6	5	4	6	6	6	5	7	8	6	8	5	8	6	9	3	5	7	5	6	7	8	6	12	6	7	6	7	8	10	10	7	7	9	9	9	7	5	9	7	6	11	6	9	8	5	7	10	5	8	 
8	8	8	5	6	2	8	11	8	8	3	6	7	7	8	6	9	9	9	12	7	9	9	8	5	8	7	8	8	8	6	7	8	8	10	8	4	7	6	4	8	7	8	3	8	6	5	8	7	8	x	8	7	9	9	9	6	8	6	6	9	9	7	7	7	6	11	5	7	8	6	7	7	4	5	10	10	6	8	8	8	8	5	6	6	9	7	5	7	6	6	7	8	10	7	10	5	7	8	8	4	5	9	2	7	9	7	6	8	8	4	8	9	4	5	8	7	8	7	3	 
6	2	7	7	2	6	10	9	10	7	7	11	8	7	9	8	9	6	7	10	9	10	9	5	6	6	6	8	10	5	9	5	6	8	8	7	9	5	8	7	8	8	6	7	7	7	7	7	7	7	8	x	8	8	9	7	9	8	9	9	8	6	8	9	7	8	9	6	5	9	6	8	7	7	9	10	10	4	8	10	7	8	3	7	10	9	8	7	5	10	9	9	7	6	5	4	9	7	7	9	5	8	7	7	8	5	10	8	10	6	6	10	9	9	8	9	8	9	8	8	 
4	6	4	8	7	5	8	5	7	5	6	6	8	6	4	7	7	2	6	7	7	9	6	5	6	7	7	8	3	3	8	6	6	9	7	6	8	7	5	3	6	4	6	8	6	8	7	5	5	1	7	8	x	8	7	6	6	5	5	1	5	8	7	7	7	6	7	7	7	3	7	6	5	7	6	5	6	8	7	5	7	5	8	7	8	2	5	6	4	7	6	8	7	11	7	8	5	6	8	10	10	8	6	9	9	8	6	6	9	7	7	12	7	10	7	4	8	10	6	9	 
6	8	7	7	6	7	8	9	6	7	6	6	8	5	4	8	1	7	7	8	7	6	7	7	6	5	2	6	6	6	8	3	7	4	8	5	8	6	4	8	5	7	7	8	4	6	8	8	5	8	9	8	8	x	7	5	9	7	8	9	3	7	5	5	5	6	9	6	10	8	5	4	5	5	5	10	8	6	6	9	8	6	5	5	8	7	6	7	5	6	7	5	3	10	6	7	8	5	4	8	9	4	7	8	6	9	8	4	8	4	7	12	8	8	8	8	6	5	8	7	 
7	8	6	4	7	7	9	8	7	6	7	7	6	7	5	8	6	7	10	9	8	6	7	5	7	8	6	1	6	8	8	7	7	8	9	7	6	7	7	9	7	5	6	6	3	6	9	6	6	8	9	9	7	7	x	7	8	6	6	8	4	6	2	4	6	7	7	5	8	4	6	6	7	6	6	6	3	9	6	2	7	5	8	3	7	5	7	10	9	5	6	8	5	11	6	6	7	8	7	5	7	7	9	8	10	5	9	5	9	6	5	13	4	8	7	5	4	11	7	7	 
6	7	6	6	5	7	7	9	5	6	7	6	5	2	7	5	5	7	6	3	4	8	6	6	7	5	3	6	5	6	7	4	5	7	7	4	8	6	6	5	3	2	7	7	6	5	6	3	5	7	9	7	6	5	7	x	5	5	3	7	6	7	5	5	4	5	9	5	5	3	7	3	4	6	5	5	5	5	4	5	6	6	4	4	10	4	5	4	6	6	5	7	2	9	6	9	4	7	5	8	8	5	6	8	7	8	5	4	3	1	6	10	6	8	8	4	5	8	6	7	 
8	8	7	7	8	4	2	11	7	7	5	6	5	6	8	7	9	8	8	8	8	9	6	7	5	7	8	7	6	7	7	9	7	9	7	9	5	8	5	3	5	3	10	4	7	7	7	4	8	7	6	9	6	9	8	5	x	5	2	5	7	9	6	8	6	5	10	6	6	4	6	6	5	6	4	6	7	7	4	6	6	6	7	5	11	5	8	7	8	3	2	8	7	11	7	10	1	6	8	10	5	7	7	7	8	11	5	7	7	6	3	11	6	7	6	4	6	9	8	6	 
4	8	4	6	8	6	7	9	8	4	6	3	8	7	5	2	6	6	8	8	3	6	1	5	4	2	5	7	4	5	7	6	4	4	9	6	6	3	6	8	7	3	8	8	7	6	7	4	5	6	8	8	5	7	6	5	5	x	3	6	6	9	6	7	7	7	7	5	6	2	5	5	6	5	7	4	8	6	7	4	9	3	7	5	7	3	5	6	6	6	5	3	6	9	5	8	4	6	3	5	7	6	8	8	4	7	6	6	8	6	7	11	7	8	7	1	4	5	5	7	 
7	7	5	5	8	4	4	10	7	5	5	4	7	5	6	5	8	7	8	6	6	9	4	7	5	5	6	7	4	7	6	7	5	7	7	7	5	6	5	5	5	1	9	6	7	7	7	2	7	6	6	9	5	8	6	3	2	3	x	6	7	9	7	8	6	5	10	4	4	2	6	6	5	5	4	4	7	6	4	4	6	4	7	7	10	3	6	7	7	3	2	6	5	9	6	9	1	6	6	8	7	6	7	7	7	10	3	7	6	4	5	9	6	7	6	2	7	8	6	6	 
5	7	3	7	8	4	7	6	8	5	5	7	9	5	5	8	8	3	7	8	7	9	7	6	7	8	8	8	4	4	9	7	7	9	6	5	9	8	6	2	5	5	7	8	7	7	6	6	5	2	6	9	1	9	8	7	5	6	6	x	6	9	7	7	6	7	8	7	8	4	8	7	6	6	7	6	7	8	6	6	8	4	7	8	7	3	4	7	5	8	7	9	7	12	8	9	6	7	9	9	10	7	7	8	10	9	5	6	9	6	8	13	8	10	8	5	9	11	6	9	 
7	6	4	6	7	8	5	10	3	6	7	3	7	4	1	7	2	7	6	9	8	6	7	5	5	6	5	3	6	6	5	4	6	5	7	4	7	7	4	7	3	7	4	6	1	3	5	8	6	6	9	8	5	3	4	6	7	6	7	6	x	7	2	6	2	6	7	7	9	6	6	6	7	6	5	8	5	7	4	6	7	5	6	3	5	7	3	8	6	6	7	6	5	11	5	4	7	5	5	6	7	7	6	7	9	9	9	5	8	5	5	13	6	7	6	5	4	8	7	6	 
5	4	6	6	8	8	11	6	9	8	7	7	9	5	8	9	6	7	7	10	9	9	8	10	7	8	8	7	9	6	9	9	7	9	8	8	7	7	7	8	4	8	9	10	8	6	9	8	4	7	9	6	8	7	6	7	9	9	9	9	7	x	8	4	5	9	8	5	7	9	8	8	8	6	8	9	8	8	5	8	8	7	7	9	9	10	7	11	9	9	9	10	7	12	8	6	8	8	9	11	9	7	10	7	10	11	10	3	10	6	9	12	7	7	8	9	8	11	9	6	 
7	6	4	4	7	7	7	9	5	4	7	5	6	5	3	7	4	7	8	8	6	6	7	3	5	7	4	1	8	6	7	5	5	7	9	5	8	7	6	8	5	7	4	4	1	4	7	8	6	7	7	8	7	5	2	5	6	6	7	7	2	8	x	6	4	6	5	5	9	6	4	4	5	6	6	8	3	7	6	4	7	3	7	1	7	7	5	9	7	5	6	8	3	11	4	4	7	6	6	6	9	6	7	7	8	7	8	7	8	4	3	11	4	8	8	5	2	9	5	7	 
3	7	4	8	8	9	9	4	8	6	9	4	7	5	6	8	4	5	8	8	7	9	6	8	9	8	6	5	9	4	7	7	8	7	7	6	5	9	7	8	5	7	7	8	7	7	7	6	2	6	7	9	7	5	4	5	8	7	8	7	6	4	6	x	6	7	6	7	8	7	8	6	6	8	8	7	7	8	4	6	6	5	7	7	5	8	5	9	8	8	7	8	5	9	7	9	7	6	7	7	7	8	8	5	10	9	8	1	8	4	7	13	6	5	6	6	8	10	7	4	 
7	5	6	5	7	6	7	9	4	7	5	5	6	2	3	5	4	7	4	7	6	4	8	6	3	7	5	5	4	7	6	6	4	6	5	6	5	7	2	5	1	6	6	7	3	1	7	7	6	7	7	7	7	5	6	4	6	7	6	6	2	5	4	6	x	4	7	5	8	6	4	5	5	4	3	8	3	5	2	8	5	6	6	4	7	5	5	7	5	4	5	7	4	11	3	6	5	3	6	6	7	5	7	5	7	10	7	5	6	3	6	11	4	5	6	7	3	8	8	4	 
4	6	5	7	8	7	4	7	4	7	6	8	8	5	7	6	7	4	7	7	7	6	7	7	4	7	4	6	4	3	6	5	5	8	8	5	6	7	2	8	5	6	6	7	7	5	7	7	5	5	6	8	6	6	7	5	5	7	5	7	6	9	6	7	4	x	7	6	8	6	5	2	1	5	1	8	7	6	6	8	8	6	7	5	8	5	6	7	5	2	3	9	3	12	6	8	4	3	6	8	6	6	6	4	8	11	8	6	4	4	6	11	8	6	7	6	4	9	8	5	 
3	7	6	9	9	10	9	8	7	8	9	9	10	9	8	8	8	5	8	11	9	11	6	8	9	9	9	6	7	4	9	8	8	9	9	8	9	10	5	9	8	10	7	8	6	8	7	10	4	6	11	9	7	9	7	9	10	7	10	8	7	8	5	6	7	7	x	10	10	9	9	7	6	10	6	7	8	11	8	9	9	7	10	6	11	8	7	8	6	7	8	8	8	13	9	9	9	4	10	11	11	9	8	9	8	12	12	5	9	8	7	15	9	9	9	8	7	7	9	8	 
8	8	6	1	4	3	8	9	9	7	2	7	9	5	8	4	7	6	7	8	5	7	6	8	2	3	4	4	6	7	9	5	5	5	6	7	7	2	7	5	4	3	5	8	6	5	4	4	7	7	5	6	7	6	5	5	6	5	4	7	7	5	5	7	5	6	10	x	6	4	3	6	7	1	7	6	6	4	3	6	8	7	5	6	6	5	6	6	7	6	5	6	5	8	4	7	5	8	4	6	7	2	9	5	6	6	7	6	7	6	8	10	5	7	8	5	5	7	7	6	 
7	3	8	7	7	5	8	10	7	8	4	7	3	7	9	8	10	7	7	8	9	10	7	7	6	8	8	8	6	6	5	8	8	8	8	9	4	8	8	7	8	3	9	10	8	8	6	2	8	6	7	5	7	10	8	5	6	6	4	8	9	7	9	8	8	8	10	6	x	4	7	6	7	5	8	6	7	7	8	6	4	7	6	9	10	5	8	8	7	7	6	7	7	11	8	5	5	9	9	11	6	6	9	6	9	10	7	7	8	6	9	5	8	6	5	5	9	10	7	5	 
6	7	4	5	8	6	6	8	6	4	6	3	7	5	5	4	8	5	7	6	5	8	3	6	6	4	6	5	2	6	7	7	4	6	8	6	6	5	4	6	6	1	9	8	7	7	7	2	6	4	8	9	3	8	4	3	4	2	2	4	6	9	6	7	6	6	9	4	4	x	6	5	6	5	5	2	7	6	6	2	8	3	7	7	9	1	5	7	6	5	4	5	5	9	5	9	3	5	5	7	7	6	8	8	6	9	5	7	6	4	7	9	8	8	7	1	6	7	5	7	 
7	7	8	4	5	4	8	8	8	6	3	7	8	6	5	3	6	5	6	9	4	6	6	5	1	6	5	5	8	6	8	6	2	8	7	7	7	5	6	6	5	6	6	6	5	3	5	7	8	6	6	6	7	5	6	7	6	5	6	8	6	8	4	8	4	5	9	3	7	6	x	6	5	2	6	8	6	3	6	8	7	7	4	3	6	7	7	6	4	5	4	8	5	9	1	8	5	6	7	8	8	3	6	7	5	8	9	9	8	6	5	7	6	7	7	5	2	6	6	6	 
4	6	5	7	6	7	4	7	5	7	6	6	6	3	7	6	5	4	7	6	5	7	6	5	6	5	2	5	5	3	7	3	6	7	8	3	7	5	3	6	4	5	6	6	5	6	5	6	5	5	7	8	6	4	6	3	6	5	6	7	6	8	4	6	5	2	7	6	6	5	6	x	1	5	2	7	7	6	5	7	7	6	5	3	9	6	4	7	5	3	4	7	1	10	6	8	5	4	4	8	7	4	5	5	8	9	6	5	5	2	5	11	7	7	8	4	4	9	8	6	 
3	5	4	8	7	7	3	6	5	6	7	7	7	4	8	7	6	3	8	6	6	7	6	6	5	6	3	6	5	2	7	4	6	8	9	4	6	6	3	7	5	6	5	7	6	5	6	6	4	4	7	7	5	5	7	4	5	6	5	6	7	8	5	6	5	1	6	7	7	6	5	1	x	6	2	7	7	7	6	8	8	5	6	4	9	5	5	8	6	3	3	8	2	11	6	7	4	4	5	9	7	5	6	5	9	10	7	5	5	3	6	12	8	7	7	5	3	10	7	6	 
7	7	6	2	5	2	8	8	8	6	1	8	8	6	7	3	6	5	8	9	4	8	6	7	1	4	3	5	7	6	9	4	4	6	7	6	7	3	6	4	5	4	6	7	7	5	3	5	8	6	4	7	7	5	6	6	6	5	5	6	6	6	6	8	4	5	10	1	5	5	2	5	6	x	6	7	6	3	4	7	9	7	4	5	7	6	5	5	6	5	4	7	4	9	3	8	5	7	5	7	7	1	8	5	5	7	7	7	6	5	7	9	6	7	8	6	4	6	6	6	 
5	7	6	7	7	6	5	8	3	6	7	8	7	5	6	7	6	5	6	8	7	5	8	7	5	7	4	5	3	4	5	5	4	7	7	5	5	7	1	7	4	5	7	6	6	4	6	6	6	6	5	9	6	5	6	5	4	7	4	7	5	8	6	8	3	1	6	7	8	5	6	2	2	6	x	7	6	7	5	7	7	5	7	5	7	4	6	6	4	1	2	8	3	11	5	9	3	2	6	7	5	6	5	3	8	10	7	7	3	4	5	10	7	5	6	6	5	9	7	4	 
4	8	6	7	10	8	8	9	8	6	8	5	9	7	7	6	9	6	9	8	7	10	5	8	8	6	8	7	4	5	9	9	6	8	10	8	7	7	6	8	8	3	8	10	9	9	9	4	5	6	10	10	5	10	6	5	6	4	4	6	8	9	8	7	8	8	7	6	6	2	8	7	7	7	7	x	9	8	8	4	10	5	9	9	11	3	7	9	8	7	6	7	7	11	7	10	5	7	7	9	9	8	10	9	8	11	7	6	8	6	9	11	10	9	8	3	8	9	7	8	 
6	8	7	5	8	8	9	6	7	7	7	8	7	5	6	7	7	4	7	6	8	3	8	6	5	6	7	2	5	5	9	8	7	5	6	8	8	5	5	8	4	7	7	7	4	4	9	8	7	5	10	10	6	8	3	5	7	8	7	7	5	8	3	7	3	7	8	6	7	7	6	7	7	6	6	9	x	6	3	5	8	6	7	4	7	6	8	9	8	6	7	6	6	12	6	7	6	6	7	5	10	7	10	8	9	8	9	6	8	6	6	12	1	8	9	8	5	10	8	7	 
8	4	7	5	2	4	9	9	8	7	4	9	8	5	8	4	7	6	7	8	5	9	7	8	2	7	4	8	8	7	6	3	5	9	8	5	6	6	7	6	6	5	4	7	7	6	4	6	8	7	6	4	8	6	9	5	7	6	6	8	7	8	7	8	5	6	11	4	7	6	3	6	7	3	7	8	6	x	7	8	8	8	1	6	9	7	6	7	5	6	5	9	5	6	4	6	6	7	6	10	5	4	7	7	6	5	8	7	7	4	8	10	7	8	5	7	5	7	7	7	 
5	7	6	4	6	6	6	7	6	8	5	7	6	2	5	7	6	7	4	7	6	6	8	8	5	6	5	5	6	6	8	5	4	8	3	6	7	5	4	5	1	5	8	8	5	3	7	6	4	8	8	8	7	6	6	4	4	7	4	6	4	5	6	4	2	6	8	3	8	6	6	5	6	4	5	8	3	7	x	8	5	7	6	6	9	7	7	8	6	5	4	9	4	10	5	8	3	5	7	8	9	5	8	7	9	9	7	3	7	3	7	13	2	7	8	6	5	10	9	6	 
8	9	6	6	8	8	8	10	8	6	8	5	8	7	7	6	8	7	9	8	7	8	5	7	8	6	8	3	4	8	6	9	6	8	10	8	4	7	6	8	8	3	8	8	5	8	9	4	8	6	8	10	5	9	2	5	6	4	4	6	6	8	4	6	8	8	9	6	6	2	8	7	8	7	7	4	5	8	8	x	9	5	9	5	9	3	7	9	8	6	6	7	7	11	7	8	5	7	7	7	5	8	10	6	8	7	7	7	8	6	7	11	6	6	5	3	6	9	7	5	 
7	7	8	9	6	8	8	8	5	9	8	9	1	5	8	7	8	9	3	9	8	9	10	10	8	8	6	6	8	8	3	5	5	9	4	7	5	7	6	8	4	7	10	9	8	6	10	6	6	8	8	7	7	8	7	6	6	9	6	8	7	8	7	6	5	8	9	8	4	8	7	7	8	9	7	10	8	8	5	9	x	8	7	8	10	9	8	5	3	8	8	8	6	10	6	9	7	5	8	11	4	8	5	6	7	9	9	5	7	5	8	9	7	7	4	8	7	8	8	6	 
4	6	1	7	8	6	8	7	6	1	6	4	9	7	6	4	7	4	7	8	3	9	4	3	6	5	4	4	5	3	7	5	5	7	8	3	5	6	4	6	7	4	6	6	4	7	4	5	3	5	8	8	5	6	5	6	6	3	4	4	5	7	3	5	6	6	7	7	7	3	7	6	5	7	5	5	6	8	7	5	8	x	7	4	6	4	2	7	5	6	6	6	5	11	6	7	5	3	6	7	9	6	5	7	6	10	7	4	7	6	6	12	7	7	6	2	5	7	2	6	 
7	3	6	6	1	3	9	10	7	8	4	9	7	4	7	5	6	7	6	7	6	10	8	8	3	6	3	7	9	6	7	2	6	8	7	4	7	7	7	5	5	6	3	8	6	7	5	7	7	8	5	3	8	5	8	4	7	7	7	7	6	7	7	7	6	7	10	5	6	7	4	5	6	4	7	9	7	1	6	9	7	7	x	6	10	8	5	6	4	7	6	8	4	5	5	5	6	6	5	9	4	5	6	6	7	4	7	6	7	3	8	11	8	8	6	8	6	8	8	7	 
7	7	5	5	7	7	7	10	6	4	6	6	7	4	4	6	5	7	8	7	6	6	6	2	4	6	3	2	8	6	8	4	4	8	9	4	7	6	6	7	5	6	5	3	2	3	7	7	7	6	6	7	7	5	3	4	5	5	7	8	3	9	1	7	4	5	6	6	9	7	3	3	4	5	5	9	4	6	6	5	8	4	6	x	8	8	5	8	6	6	7	8	2	11	3	5	6	5	5	7	9	5	6	7	7	8	7	6	7	3	2	10	5	7	8	6	1	8	5	6	 
8	10	5	5	9	8	10	9	8	7	8	8	9	9	6	9	7	8	10	13	9	4	8	9	7	5	8	8	10	7	8	9	6	6	11	7	6	6	8	9	8	9	9	9	6	7	8	10	7	9	6	10	8	8	7	10	11	7	10	7	5	9	7	5	7	8	11	6	10	9	6	9	9	7	7	11	7	9	9	9	10	6	10	8	x	10	6	9	8	8	9	7	9	13	5	9	10	9	6	2	6	8	9	4	9	10	10	6	10	9	10	13	8	6	7	8	8	10	8	5	 
6	7	5	6	9	7	7	7	5	5	7	4	8	6	6	5	8	4	8	7	6	8	4	7	7	5	7	6	1	5	7	8	5	7	9	7	7	6	3	5	6	2	8	8	8	6	8	3	7	3	9	9	2	7	5	4	5	3	3	3	7	10	7	8	5	5	8	5	5	1	7	6	5	6	4	3	6	7	7	3	9	4	8	8	10	x	6	8	6	5	5	6	6	10	6	9	4	4	6	8	8	7	8	7	7	10	6	8	7	5	7	10	7	9	8	2	7	8	6	8	 
4	6	1	7	6	5	8	7	6	3	4	6	8	5	4	6	5	4	7	8	5	8	6	5	6	7	4	6	7	3	8	3	7	6	8	1	7	7	6	6	6	6	6	4	4	6	2	7	3	5	7	8	5	6	7	5	8	5	6	4	3	7	5	5	5	6	7	6	8	5	7	4	5	5	6	7	8	6	7	7	8	2	5	5	6	6	x	7	5	7	8	5	3	9	8	7	7	5	6	8	9	6	3	8	8	9	8	4	5	4	5	13	9	8	8	4	6	9	4	7	 
9	9	8	6	5	3	9	9	7	8	4	9	6	6	9	6	6	8	4	7	7	8	7	7	6	4	5	9	7	9	6	4	4	6	5	6	6	5	5	5	7	6	9	8	9	7	6	7	9	7	5	7	6	7	10	4	7	6	7	7	8	11	9	9	7	7	8	6	8	7	6	7	8	5	6	9	9	7	8	9	5	7	6	8	9	8	7	x	2	7	7	7	6	9	5	10	6	4	3	7	8	6	4	7	7	8	8	8	7	5	7	13	9	8	5	7	8	6	9	7	 
7	7	6	8	3	5	9	7	5	6	6	7	4	6	7	4	6	6	2	9	5	8	7	7	5	6	3	8	5	7	4	2	2	8	3	4	4	7	3	7	5	7	7	6	7	5	7	8	8	5	7	5	4	5	9	6	8	6	7	5	6	9	7	8	5	5	6	7	7	6	4	5	6	6	4	8	8	5	6	8	3	5	4	6	8	6	5	2	x	5	6	7	4	7	3	9	7	2	5	9	6	5	2	6	6	6	9	8	6	5	5	11	8	6	3	5	6	7	7	5	 
6	8	7	7	8	5	5	8	4	7	6	7	8	6	7	6	7	5	7	9	7	6	7	8	4	8	5	4	4	5	6	6	5	8	8	6	4	8	2	6	5	4	8	7	6	5	7	5	7	6	6	10	7	6	5	6	3	6	3	8	6	9	5	8	4	2	7	6	7	5	5	3	3	5	1	7	6	6	5	6	8	6	7	6	8	5	7	7	5	x	1	7	4	12	6	9	2	3	7	8	6	6	4	4	8	10	6	7	4	5	6	9	7	6	5	5	6	9	7	5	 
6	8	7	6	7	4	4	9	5	7	5	6	7	6	8	5	8	6	8	8	6	7	6	9	3	7	6	5	5	5	5	7	6	7	7	7	3	7	3	5	5	3	8	6	7	6	7	4	7	7	6	9	6	7	6	5	2	5	2	7	7	9	6	7	5	3	8	5	6	4	4	4	3	4	2	6	7	5	4	6	8	6	6	7	9	5	8	7	6	1	x	6	5	11	5	10	1	4	8	9	7	5	5	5	7	10	5	6	5	6	5	10	6	5	4	4	6	8	6	4	 
5	9	6	7	9	9	10	10	7	7	8	6	7	8	7	5	4	7	9	10	6	3	2	6	7	3	6	8	7	6	5	6	7	1	10	4	3	4	9	8	8	5	9	9	7	6	7	6	6	8	7	9	8	5	8	7	8	3	6	9	6	10	8	8	7	9	8	6	7	5	8	7	8	7	8	7	6	9	9	7	8	6	8	8	7	6	5	7	7	7	6	x	6	12	8	9	7	9	4	5	7	8	6	5	7	8	5	7	10	7	10	12	7	5	4	4	7	7	6	4	 
5	7	4	6	5	6	5	8	5	6	5	7	5	2	6	5	4	5	6	5	4	8	5	4	5	4	1	4	6	4	7	2	5	6	7	2	8	4	4	5	3	4	7	5	4	5	5	5	5	6	8	7	7	3	5	2	7	6	5	7	5	7	3	5	4	3	8	5	7	5	5	1	2	4	3	7	6	5	4	7	6	5	4	2	9	6	3	6	4	4	5	6	x	9	5	7	6	5	3	7	8	3	4	6	7	8	5	4	5	1	4	12	6	8	7	5	3	8	7	7	 
12	8	10	9	4	8	10	13	12	12	9	12	10	9	12	10	11	12	9	12	11	15	10	11	8	11	8	10	11	11	11	7	9	13	10	9	11	10	10	10	10	8	8	13	11	12	7	9	11	12	10	6	11	10	11	9	11	9	9	12	11	12	11	9	11	12	13	8	11	9	9	10	11	9	11	11	12	6	10	11	10	11	5	11	13	10	9	9	7	12	11	12	9	x	10	9	10	9	10	14	7	10	9	9	10	7	12	10	10	8	12	16	12	11	10	10	11	11	13	10	 
7	7	7	5	6	5	9	9	7	7	4	6	7	5	6	4	7	6	5	9	5	5	6	5	2	7	6	5	7	7	7	5	1	7	6	7	6	6	5	7	4	6	7	6	5	2	6	7	8	6	7	5	7	6	6	6	7	5	6	8	5	8	4	7	3	6	9	4	8	5	1	6	6	3	5	7	6	4	5	7	6	6	5	3	5	6	8	5	3	6	5	8	5	10	x	8	6	5	8	7	8	4	5	6	6	9	9	8	8	5	5	8	5	6	6	4	3	7	7	5	 
6	2	7	8	6	8	9	9	7	8	9	7	8	8	5	10	6	6	10	12	10	10	9	7	8	6	8	5	10	5	9	7	9	8	11	8	9	5	8	7	7	8	6	8	3	7	9	7	7	7	10	4	8	7	6	9	10	8	9	9	4	6	4	9	6	8	9	7	5	9	8	8	7	8	9	10	7	6	8	8	9	7	5	5	9	9	7	10	9	9	10	9	7	9	8	x	10	9	7	8	9	9	10	9	8	9	10	8	12	8	7	10	8	11	10	9	6	9	9	10	 
7	8	6	6	7	3	3	10	6	6	4	5	6	5	7	6	9	7	7	7	7	8	5	8	4	6	7	6	5	6	6	8	6	8	6	8	4	7	4	4	4	2	9	5	8	6	6	3	7	6	5	9	5	8	7	4	1	4	1	6	7	8	7	7	5	4	9	5	5	3	5	5	4	5	3	5	6	6	3	5	7	5	6	6	10	4	7	6	7	2	1	7	6	10	6	10	x	5	7	9	6	6	6	6	8	10	4	6	6	5	4	10	5	6	5	3	7	9	7	5	 
5	8	4	8	5	7	7	9	3	4	8	7	6	5	6	6	6	7	4	10	6	7	7	6	6	8	5	7	3	6	5	4	4	9	5	6	6	9	1	8	4	6	9	4	6	4	7	7	6	7	7	7	6	5	8	7	6	6	6	7	5	8	6	6	3	3	4	8	9	5	6	4	4	7	2	7	6	7	5	7	5	3	6	5	9	4	5	4	2	3	4	9	5	9	5	9	5	x	7	9	7	7	4	5	7	8	9	7	5	6	3	12	7	7	5	5	6	8	5	6	 
7	8	7	5	6	6	6	10	8	7	6	6	8	5	6	5	3	7	7	8	6	5	4	7	6	1	2	7	7	7	9	3	7	3	8	5	7	2	7	8	6	6	8	8	6	7	8	7	7	8	8	7	8	4	7	5	8	3	6	9	5	9	6	7	6	6	10	4	9	5	7	4	5	5	6	7	7	6	7	7	8	6	5	5	6	6	6	3	5	7	8	4	3	10	8	7	7	7	x	4	9	4	7	9	7	6	7	6	8	4	7	14	6	9	8	4	6	8	8	8	 
9	10	7	7	10	9	10	11	9	6	8	8	11	8	7	7	7	9	10	11	8	2	6	8	8	3	6	6	9	9	10	7	8	4	11	9	8	4	8	11	7	8	8	10	5	5	10	9	9	10	8	9	10	8	5	8	10	5	8	9	6	11	6	7	6	8	11	6	11	7	8	8	9	7	7	9	5	10	8	7	11	7	9	7	2	8	8	7	9	8	9	5	7	14	7	8	9	9	4	x	8	8	11	6	9	8	8	8	10	8	9	15	6	8	9	6	7	10	7	7	 
8	7	9	6	3	6	5	11	7	8	6	8	3	8	6	5	9	10	7	11	6	9	8	10	7	9	7	8	8	9	5	6	8	8	8	8	4	9	6	8	8	8	7	7	8	6	8	8	7	10	4	5	10	9	7	8	5	7	7	10	7	9	9	7	7	6	11	7	6	7	8	7	7	7	5	9	10	5	9	5	4	9	4	9	6	8	9	8	6	6	7	7	8	7	8	9	6	7	9	8	x	8	8	2	3	6	10	6	8	7	8	11	9	4	5	8	8	4	7	3	 
6	8	7	3	6	3	8	9	8	7	2	9	8	5	8	4	5	6	7	8	5	9	7	7	2	5	2	6	8	7	9	3	5	7	8	5	8	4	7	5	6	5	7	6	7	6	4	6	7	7	5	8	8	4	7	5	7	6	6	7	7	7	6	8	5	6	9	2	6	6	3	4	5	1	6	8	7	4	5	8	8	6	5	5	8	7	6	6	5	6	5	8	3	10	4	9	6	7	4	8	8	x	7	6	6	8	8	7	7	4	7	10	7	8	8	7	5	7	7	7	 
7	9	4	10	5	7	9	9	7	6	7	9	6	6	7	6	8	7	4	9	7	9	8	8	7	8	5	8	7	6	6	4	4	7	5	2	6	8	5	9	7	8	9	7	7	7	5	9	6	7	9	7	6	7	9	6	7	8	7	7	6	10	7	8	7	6	8	9	9	8	6	5	6	8	5	10	10	7	8	10	5	5	6	6	9	8	3	4	2	4	5	6	4	9	5	10	6	4	7	11	8	7	x	8	8	8	9	7	8	5	7	13	10	8	5	7	7	9	7	7	 
6	9	7	4	5	4	7	9	6	6	4	8	5	7	8	7	7	8	8	11	8	7	7	8	6	8	7	7	6	7	4	8	7	6	9	8	2	7	4	6	6	8	8	5	6	4	6	8	5	9	2	7	9	8	8	8	7	8	7	8	7	7	7	5	5	4	9	5	6	8	7	5	5	5	3	9	8	7	7	6	6	7	6	7	4	7	8	7	6	4	5	5	6	9	6	9	6	5	9	6	2	6	8	x	5	8	9	4	6	7	6	10	7	2	3	9	6	6	5	1	 
7	6	7	7	6	6	8	9	10	5	6	7	6	7	9	2	7	8	8	10	3	10	5	7	4	6	8	9	8	8	8	8	7	8	9	9	7	7	8	8	8	7	10	6	9	8	8	8	8	9	7	8	9	6	10	7	8	4	7	10	9	10	8	10	7	8	8	6	9	6	5	8	9	5	8	8	9	6	9	8	7	6	7	7	9	7	8	7	6	8	7	7	7	10	6	8	8	7	7	9	3	6	8	5	x	9	10	9	10	6	5	12	10	7	8	5	7	1	5	6	 
9	7	10	7	3	7	11	12	11	11	8	10	9	8	10	9	9	9	8	11	10	9	6	10	7	5	7	6	11	10	10	6	8	7	9	8	10	4	9	9	9	9	7	11	8	11	9	10	10	9	9	5	8	9	5	8	11	7	10	9	9	11	7	9	10	11	12	6	10	9	8	9	10	7	10	11	8	5	9	7	9	10	4	8	10	10	9	8	6	10	10	8	8	7	9	9	10	8	6	8	6	8	8	8	9	x	11	10	11	7	10	15	8	10	9	8	9	10	12	9	 
9	8	8	8	8	5	7	11	8	8	6	7	8	5	9	8	7	8	9	8	7	6	7	9	8	6	6	9	7	8	9	7	8	4	10	7	8	7	8	3	6	4	9	9	9	8	8	5	8	7	7	10	6	8	9	5	5	6	3	5	9	10	8	8	7	8	12	7	7	5	9	6	7	7	7	7	9	8	7	7	9	7	7	7	10	6	8	8	9	6	5	5	5	12	9	10	4	9	7	8	10	8	9	9	10	11	x	7	8	4	8	12	9	10	9	5	8	11	9	9	 
2	6	3	7	7	8	8	5	7	5	8	4	6	4	6	7	3	4	7	7	6	8	5	7	8	7	5	6	9	3	6	6	7	6	6	5	4	8	7	7	4	6	6	7	6	6	6	5	1	5	6	8	6	4	5	4	7	6	7	6	5	3	7	1	5	6	5	6	7	7	9	5	5	7	7	6	6	7	3	7	5	4	6	6	6	8	4	8	8	7	6	7	4	10	8	8	6	7	6	8	6	7	7	4	9	10	7	x	7	3	6	12	5	4	5	6	7	9	6	3	 
7	10	6	8	8	6	8	9	6	8	5	9	8	5	9	8	8	8	4	6	7	8	9	9	7	8	6	8	6	7	8	7	7	10	5	6	8	9	4	8	6	5	10	9	9	7	3	6	8	9	8	10	9	8	9	3	7	8	6	9	8	10	8	8	6	4	9	7	8	6	8	5	5	6	3	8	8	7	7	8	7	7	7	7	10	7	5	7	6	4	5	10	5	10	8	12	6	5	8	10	8	7	8	6	10	11	8	7	x	4	8	13	9	8	9	7	8	11	9	7	 
5	6	5	7	4	6	6	8	4	5	6	7	4	1	6	4	4	6	5	4	3	7	6	5	6	5	2	5	6	5	6	3	4	7	6	3	7	5	5	4	2	3	6	6	5	4	6	4	4	7	8	6	7	4	6	1	6	6	4	6	5	6	4	4	3	4	8	6	6	4	6	2	3	5	4	6	6	4	3	6	5	6	3	3	9	5	4	5	5	5	6	7	1	8	5	8	5	6	4	8	7	4	5	7	6	7	4	3	4	x	5	11	5	7	7	5	4	7	6	6	 
5	7	6	7	8	6	5	8	6	6	7	8	8	6	6	7	7	5	7	9	8	8	8	4	6	8	5	4	6	4	8	6	4	10	8	6	8	8	4	6	7	6	7	1	4	5	7	7	5	6	4	6	7	7	5	6	3	7	5	8	5	9	3	7	6	6	7	8	9	7	5	5	6	7	5	9	6	8	7	7	8	6	8	2	10	7	5	7	5	6	5	10	4	12	5	7	4	3	7	9	8	7	7	6	5	10	8	6	8	5	x	12	7	8	8	7	3	6	7	7	 
12	8	13	11	12	10	13	15	12	13	9	12	8	12	12	10	13	12	12	13	11	13	11	12	8	13	12	12	11	11	10	13	9	13	13	14	9	12	11	12	12	8	13	11	12	10	11	7	13	11	8	10	12	12	13	10	11	11	9	13	13	12	11	13	11	11	15	10	5	9	7	11	12	9	10	11	12	10	13	11	9	12	11	10	13	10	13	13	11	9	10	12	12	16	8	10	10	12	14	15	11	10	13	10	12	15	12	12	13	11	12	x	13	8	10	10	9	13	12	9	 
7	9	8	6	8	8	8	5	8	8	7	9	8	4	7	8	8	5	6	5	8	4	8	7	6	5	7	3	6	6	9	7	6	6	5	8	7	4	6	7	3	7	8	8	5	3	9	8	6	6	9	9	7	8	4	6	6	7	6	8	6	7	4	6	4	8	9	5	8	8	6	7	8	6	7	10	1	7	2	6	7	7	8	5	8	7	9	9	8	7	6	7	6	12	5	8	5	7	6	6	9	7	10	7	10	8	9	5	9	5	7	13	x	7	8	8	5	11	9	6	 
6	9	7	6	7	6	9	9	6	6	6	8	6	7	8	8	7	8	8	11	8	7	7	8	8	8	9	9	8	7	4	8	7	6	9	9	2	9	6	8	6	8	10	7	8	4	8	8	5	9	4	9	10	8	8	8	7	8	7	10	7	7	8	5	5	6	9	7	6	8	7	7	7	7	5	9	8	8	7	6	7	7	8	7	6	9	8	8	6	6	5	5	8	11	6	11	6	7	9	8	4	8	8	2	7	10	10	4	8	7	8	8	7	x	3	9	6	8	5	1	 
7	8	7	7	6	7	8	10	3	5	7	9	3	8	7	7	8	9	5	11	7	7	6	7	7	7	6	8	7	8	1	5	5	5	6	7	1	8	5	9	7	7	9	8	7	5	9	7	6	8	5	8	7	8	7	8	6	7	6	8	6	8	8	6	6	7	9	8	5	7	7	8	7	8	6	8	9	5	8	5	4	6	6	8	7	8	8	5	3	5	4	4	7	10	6	10	5	5	8	9	5	8	5	3	8	9	9	5	9	7	8	10	8	3	x	7	7	9	4	2	 
5	8	3	6	8	6	6	9	7	3	7	2	8	6	4	3	7	6	7	7	4	7	2	5	5	3	6	6	3	5	6	7	3	5	8	5	7	4	5	7	6	2	8	8	6	6	6	3	5	5	8	9	4	8	5	4	4	1	2	5	5	9	5	6	7	6	8	5	5	1	5	4	5	6	6	3	8	7	6	3	8	2	8	6	8	2	4	7	5	5	4	4	5	10	4	9	3	5	4	6	8	7	7	9	5	8	5	6	7	5	7	10	8	9	7	x	5	6	4	8	 
6	8	6	6	7	6	6	9	7	5	5	7	8	5	5	5	5	6	7	8	6	5	5	3	3	6	4	3	7	5	8	5	4	7	8	5	6	7	5	8	4	7	6	4	3	2	7	8	7	7	7	8	8	6	4	5	6	4	7	9	4	8	2	8	3	4	7	5	9	6	2	4	3	4	5	8	5	5	5	6	7	5	6	1	8	7	6	8	6	6	6	7	3	11	3	6	7	6	6	7	8	5	7	6	7	9	8	7	8	4	3	9	5	6	7	5	x	8	6	5	 
7	7	8	8	7	7	9	10	11	6	7	8	7	8	9	3	6	9	9	11	4	10	5	8	5	7	7	10	9	8	9	8	8	8	10	10	8	8	9	9	9	8	11	7	9	9	9	9	8	10	8	9	10	5	11	8	9	5	8	11	8	11	9	10	8	9	7	7	10	7	6	9	10	6	9	9	10	7	10	9	8	7	8	8	10	8	9	6	7	9	8	7	8	11	7	9	9	8	8	10	4	7	9	6	1	10	11	9	11	7	6	13	11	8	9	6	8	x	6	7	 
6	8	3	8	9	7	10	9	7	1	7	6	7	7	8	3	9	6	9	9	3	9	6	3	5	7	6	6	7	5	5	7	7	7	9	5	3	8	6	8	8	6	8	8	6	7	6	7	5	5	7	8	6	8	7	6	8	5	6	6	7	9	5	7	8	8	9	7	7	5	6	8	7	6	7	7	8	7	9	7	8	2	8	5	8	6	4	9	7	7	6	6	7	13	7	9	7	5	8	7	7	7	7	5	5	12	9	6	9	6	7	12	9	5	4	4	6	6	x	4	 
5	8	6	5	6	5	8	8	5	5	5	7	5	6	7	7	6	7	7	10	7	6	6	7	7	7	8	8	7	6	3	7	6	5	8	8	1	8	5	7	5	7	9	6	7	3	7	7	4	8	3	8	9	7	7	7	6	7	6	9	6	6	7	4	4	5	8	6	5	7	6	6	6	6	4	8	7	7	6	5	6	6	7	6	5	8	7	7	5	5	4	4	7	10	5	10	5	6	8	7	3	7	7	1	6	9	9	3	7	6	7	9	6	1	2	8	5	7	4	x	 
