50
25
0 1 2 3 4 5 6 7 8 9 10 11 12 13 14 15 16 17 18 19 20 21 22 23 24 25 26 27 28 29 30 31 32 33 34 35 36 37 38 39 40 41 42 43 44 45 46 47 48 49 
4 40 34 28 8 21 39 18 47 14 5 17 24 20 31 11 13 46 36 32 49 9 23 15 22 
29
x x 875105315.99404 811483152.0672 463725062.05369 287997094.90224 852861838.66556 457471034.99963 x 661477884.60122 x 349089321.98703 862562706.25862 x x x 836889735.97359 548012904.40826 929024762.00298 718731821.26371 342755020.39071 x 684297071.97265 x 904857201.67296 657945701.8645 761259287.90273 x 360515174.22442 341695740.79107 x 647039260.80397 603958165.623 x x x 651664038.94274 900893327.22748 814157095.18339 82953765.91494 893584403.35223 123796465.72615 x 720907300.23447 x x 8699060.73355 707337382.6542 311846786.90306 379830168.85863 
x x 800943852.20724 835459424.9961 516764436.13312 200240546.28159 779278544.64959 469987695.37172 x 589475920.72638 507494484.87395 331731594.32784 851126937.00384 302368062.12454 x 726960516.04993 840904318.08986 x 953465539.89286 663708139.0934 327693876.39107 978667021.53644 x 877951080.56712 850248706.48142 x 807939105.76287 686691923.4868 364245520.2264 265940233.92214 826518482.57071 696532581.01708 544636368.84344 864906496.42486 x 643890559.29638 x 846725690.36981 x x 921382342.77492 89384774.2988 721809062.14329 767229474.23897 258282986.752 422073836.79169 81789722.98598 740279217.99578 377692354.43383 431089135.91541 
875105315.99404 800943852.20724 x x x x 23945303.08798 761402595.20331 659755434.68037 214855210.90587 400273040.57245 644334131.26579 700513723.10594 x x 84694588.72892 822590340.29369 511898830.2244 x 281083605.89204 654499638.29488 728412276.72903 191094746.42992 x x 965761140.12841 1124959795.56515 560204875.91743 719366994.34794 x 686599906.1821 1072811827.65655 316884434.48786 1253684029.11082 31575717.82532 x 1129447441.40687 281999930.04445 371726476.91681 933722369.76056 1055898028.74886 755598006.83841 1067486858.86097 x 827858141.47179 463679540.46183 x x 979245102.16129 x 
811483152.0672 835459424.9961 x x x x 953264199.22243 369636421.72571 361917196.95249 840240731.14641 626133352.40722 543262560.59537 335798077.211 660838688.40303 535125507.6641 966827535.00704 188872909.03762 502149686.04306 x 693551948.45948 541274042.47074 431075627.25936 860535081.31271 x 764540167.41915 172808147.59415 226371007.19407 414673340.1176 x 793961217.84049 333334490.42194 x 704398762.15742 362589083.91028 x 887624311.26099 340488583.14309 757944307.43498 x x 92579358.76583 x 242452832.37791 227845599.02108 587903455.96901 624533747.91197 809000945.77221 129062877.45441 562222993.77673 x 
463725062.05369 516764436.13312 x x x x 966555789.05659 235272890.41829 364689952.59667 796272388.0399 x 362804848.05137 607294021.34901 269037660.14696 x x 511498608.96804 x 512695402.79961 733064637.6951 353951423.59108 x 821383806.25021 x 881103773.6302 232838577.94845 299650188.38606 x 278190994.30302 x x 184026930.74639 673950784.96249 349410157.65865 1005738155.07648 856183529.59508 x 875016101.42869 x 407091972.41874 468729785.14527 x 215242680.31458 260117200.81551 x 533656353.68333 464215983.13424 279817424.39201 x 85767762.15402 
287997094.90224 200240546.28159 x x x x x 513644166.53166 537094708.19863 418992590.89556 x 335754797.30393 815327015.55863 475908859.69629 841072160.78217 542848363.84274 840321836.19796 456898807.99828 994081547.85711 532888486.25404 x x x 1005080585.44032 714104885.58233 x 901229855.8842 633393496.45831 x x 790772991.42651 799651292.96415 409324398.23255 981743141.17118 x x x x 659566190.7804 365558357.65408 970326216.24809 204075415.83758 x 861110879.08205 376508693.30669 x 279876516.23789 806950918.8899 528566049.39944 552714207.58888 
852861838.66556 779278544.64959 23945303.08798 953264199.22243 966555789.05659 x x x x 191965846.84535 376522489.2285 620395739.41698 683447000.98833 959110317.62395 x 72628724.09176 803734252.11126 488727442.98389 1030640515.15909 259915915.36345 630562613.2331 714800130.71617 168583103.85382 1279108565.26968 268910782.48021 943306874.13303 1102646325.15729 540171677.96531 x 513348556.87227 669042543.8344 1049772443.86623 292997590.37646 1230974154.20763 49343914.85374 135403313.95751 1106196497.23607 272605130.58913 355765001.35665 x 1035831868.16474 733021711.17278 1044700002.80414 1073111953.13319 804080633.62869 439736721.98516 844177276.62911 x 955337328.99752 915115449.23953 
457471034.99963 469987695.37172 761402595.20331 369636421.72571 235272890.41829 513644166.53166 x x 136363535.40155 576421761.63444 362259597.05869 181920240.2792 428861384.00541 364172970.58167 564505189.92182 726212301.56649 380825326.9632 253676297.11264 x 498648853.49381 177671038.63828 565174777.64444 x x 646639924.00567 253358287.95689 404489727.56526 324498167.89299 109706454.04852 439472416.67879 406739364.8075 323586719.38899 447690173.2243 511964725.55924 775180071.96365 x 372695638.95233 x 514132317.26954 x 459129967.78832 382710067.73092 328800282.20591 367096340.59931 240593617.06212 318261779.22888 x 294653885.32333 294988448.56303 210527834.26782 
x x 659755434.68037 361917196.95249 364689952.59667 537094708.19863 x 136363535.40155 x 495078913.73852 275458255.07678 x 313586200.30847 x 430845547.39222 x 304573029.44512 151262519.336 469086919.21998 x 215742419.67771 x 517686465.66817 642464446.38976 518196642.81352 308250678.23934 468412276.95089 x x 440757658.88788 289684856.19408 413879205.36951 x 594099893.55978 x x x x 382233074.09927 x 454229280.4509 453346993.27441 x 437084425.90959 351394634.14472 262882672.28564 544025672.41319 x 429582634.98827 x 
661477884.60122 589475920.72638 214855210.90587 840240731.14641 796272388.0399 418992590.89556 191965846.84535 576421761.63444 495078913.73852 x x 439992475.72957 x x x x 716448825.21512 x x 191257956.59322 449903592.88285 687936308.24987 25414598.03987 1127035913.06625 326160641.49547 x x 448288844.6185 519810778.2914 323837046.57464 602021520.23164 897261179.34689 136357786.86584 x x x x x x 718976458.79448 928648635.11036 541167487.42145 896972363.37093 929672000.18239 616908565.16817 262650618.96242 652805169.19349 x 771354259.74454 738457769.95044 
x 507494484.87395 400273040.57245 626133352.40722 x x 376522489.2285 362259597.05869 275458255.07678 x x 255253692.70452 449062692.83498 608937403.14968 x 364730208.86301 518785726.91951 x x 165125709.62715 x 544748246.25944 242804038.69866 909516557.37289 x 582711085.0286 742815727.31095 x x x x x 85786514.57709 864576092.46532 415925979.57227 274725112.97488 733265248.84938 344407050.44633 x 594604323.1012 716221476.25358 434345291.28522 x x 449335302.78387 86825089.96857 549249882.11131 609479785.43257 x x 
349089321.98703 331731594.32784 644334131.26579 543262560.59537 362804848.05137 335754797.30393 620395739.41698 181920240.2792 x 439992475.72957 255253692.70452 x 519431575.17954 355448863.03452 601208579.82713 594819559.36177 516399682.04402 204665429.88503 658425334.87197 417760818.64089 10268505.68035 647982173.28005 465386618.657 x x 435139441.24427 583452460.1421 360160203.1779 86122636.25364 257611212.84592 x 493867818.60407 x 682277005.56903 663478986.92582 500906979.93183 534012813.23518 588932759.28736 483512175.36744 364017720.12222 634727462.08797 243014556.55995 504356075.7972 544937199.8029 x 180729943.46107 342678982.38084 476434024.98552 335857972.77605 x 
862562706.25862 851126937.00384 700513723.10594 335798077.211 607294021.34901 815327015.55863 683447000.98833 428861384.00541 313586200.30847 x 449062692.83498 519431575.17954 x x 199327430.61429 714792834.57419 147986728.64274 359283932.82829 x 439792656.87462 x 136428698.41607 x 752193347.18768 454523196.7522 430305927.11161 550717087.40932 186911817.08934 x x 24761313.9108 563205284.09399 501040430.63803 691106920.47537 696280503.16083 653470449.57511 631085265.86996 448200043.2171 329838440.36161 860080431.52079 392624707.84905 762414683.93949 536470682.16988 540059019.6162 x 493559378.59962 857025734.8465 416505674.96434 717158674.01766 x 
x 302368062.12454 x 660838688.40303 269037660.14696 475908859.69629 959110317.62395 364172970.58167 x x 608937403.14968 355448863.03452 x x x 922899701.36439 730774279.00279 552087306.78516 773598736.80413 772810663.87295 x x 794878220.15105 595675127.39854 949003541.31199 492491112.44664 566641247.86874 x 311819991.33673 486437766.883 x 450459902.27575 677803982.52731 593105602.04802 x 830525203.51021 442794116.925 x x 150703504.38057 732130953.73693 x x x 159797592.75303 528357284.53818 x x x 198742208.59098 
x x x 535125507.6641 x 841072160.78217 x 564505189.92182 430845547.39222 x x 601208579.82713 199327430.61429 x x 604999504.23973 x 403366178.6643 564435618.41252 x 608358106.46188 161304162.15939 557142782.28596 949201515.24722 298201675.34401 x 748043315.55187 245503599.26728 613800239.69977 724942571.19938 204175187.85747 752328997.83579 x 888691751.94009 x x 820080007.61339 x 217004066.16937 962950007.79958 589266461.82607 836079236.0792 x x x 513175698.50525 942692090.12324 610926792.19211 859450975.19311 771822015.66656 
x 726960516.04993 84694588.72892 966827535.00704 x 542848363.84274 72628724.09176 726212301.56649 x x 364730208.86301 594819559.36177 714792834.57419 922899701.36439 604999504.23973 x 826924791.997 484711802.61293 1050309461.90122 277903547.46059 604764292.71552 757564049.75213 129573345.2982 1274090487.10283 326498234.53431 943805641.9032 1103909098.55173 x x 462168596.51754 698534572.0111 x x 1228390987.10107 116245166.96327 93921377.83292 x 329327816.82393 x 865470095.36298 1052158164.03793 686380655.95988 x 1072568328.02917 771169967.66531 x 795007893.31734 967069593.58223 926229673.88648 892972327.77519 
836889735.97359 840904318.08986 822590340.29369 188872909.03762 511498608.96804 840321836.19796 803734252.11126 380825326.9632 304573029.44512 716448825.21512 518785726.91951 516399682.04402 147986728.64274 730774279.00279 x 826924791.997 x 406239582.32259 230102100.80293 549053623.80925 x 247999373.8173 733672727.59667 x x 306052517.51681 409233577.98286 x 478087475.26124 739598280.36735 148899854.60351 x 585886303.47083 x 821725391.57012 756383335.17608 502800324.43291 585836972.26136 459638899.72077 820330683.65863 246118724.36017 x 405200467.13044 x 621251937.70259 541578794.08404 x x 643616876.20058 x 
548012904.40826 x 511898830.2244 502149686.04306 x 456898807.99828 488727442.98389 253676297.11264 151262519.336 x x 204665429.88503 359283932.82829 552087306.78516 403366178.6643 484711802.61293 406239582.32259 x x 245020748.88535 213242881.65135 473264139.87248 x 790791749.48111 402381635.5003 459429363.94657 619609471.26393 x 243496394.57343 346157790.61214 334948009.35193 561193095.7996 208267340.84751 743938276.30702 523842816.98069 397223345.78078 617596428.23334 396795361.47117 281770036.39993 568368935.51466 592871435.32898 432845651.87997 557348857.21942 587878018.27338 394811675.53895 x 540975765.45376 484863138.9075 514261657.40506 450555370.34571 
929024762.00298 953465539.89286 x x 512695402.79961 994081547.85711 1030640515.15909 x 469086919.21998 x x 658425334.87197 x 773598736.80413 564435618.41252 1050309461.90122 230102100.80293 x x 773375438.71175 656856667.64542 434037982.25908 950586326.53714 x 822204785.73179 281370617.13476 x x 596503605.61654 906310395.28817 377011940.43066 364963859.33335 797436763.758 x 1050247906.57939 x 417810934.89848 x 689616263.36774 x 49635996.07412 868000518.80749 326239335.1166 298427301.29252 705460104.88249 x 926638313.60499 233013658.1539 673466090.41836 574879774.28001 
718731821.26371 663708139.0934 281083605.89204 693551948.45948 733064637.6951 532888486.25404 259915915.36345 498648853.49381 x 191257956.59322 165125709.62715 417760818.64089 439792656.87462 772810663.87295 x 277903547.46059 549053623.80925 245020748.88535 773375438.71175 x x 497594576.86357 200146529.34777 1026626259.5341 186580433.27621 687323868.51717 845698120.74203 282024211.69122 x x 422365984.82938 798786436.12588 123573788.01211 976476717.80164 287269078.01519 214393913.81277 857933366.90974 183020848.00302 144709505.83106 758933606.13568 776914540.55963 595127660.51856 791098516.6056 817463634.06509 613029826.15441 x x 705048676.30887 748726086.47662 692616659.39099 
342755020.39071 327693876.39107 654499638.29488 541274042.47074 353951423.59108 x 630562613.2331 177671038.63828 215742419.67771 449903592.88285 x 10268505.68035 x x 608358106.46188 604764292.71552 x 213242881.65135 656856667.64542 x x 653110598.81708 x x 603750598.8558 430472703.63663 577695340.5908 366577302.60461 x 262562446.7042 499336983.38124 486999770.98389 340260113.47978 675233306.23335 x 510846740.69968 526361892.45149 x 492703029.35242 x 632480020.12301 238663240.8737 498081882.84553 x 185820685.38218 x 336486090.91841 472324682.14013 325602834.39629 289436614.67288 
x 978667021.53644 728412276.72903 431075627.25936 x x 714800130.71617 565174777.64444 x 687936308.24987 544748246.25944 647982173.28005 136428698.41607 x 161304162.15939 757564049.75213 247999373.8173 473264139.87248 434037982.25908 497594576.86357 653110598.81708 x 697738020.56008 x 458897587.59003 551164943.97923 655664361.94179 x 638920554.72348 816153434.39641 158603904.46993 x 582044786.98339 793564595.96382 x x 749937061.4617 453437790.93048 363593316.14481 994370599.9792 466787816.58174 890686204.22332 x 650605749.53492 797584455.87888 x x 530632928.74487 853341514.71248 757339040.90782 
684297071.97265 x 191094746.42992 860535081.31271 821383806.25021 x 168583103.85382 x 517686465.66817 25414598.03987 242804038.69866 465386618.657 x 794878220.15105 557142782.28596 129573345.2982 733672727.59667 x 950586326.53714 200146529.34777 x 697738020.56008 x 1151100905.14451 x 825424006.39012 x 464969532.86617 545081796.64797 x 616450489.29087 921265569.54499 158285946.40367 x 217298873.02832 35791451.30377 973398769.26889 321684433.86225 340170329.43054 x 948449134.51417 564512923.95979 920598040.3236 952961059.09217 x 287826045.00659 675614239.93434 851365549.94562 796734587.71093 x 
x 877951080.56712 x x x 1005080585.44032 1279108565.26968 x 642464446.38976 1127035913.06625 909516557.37289 x 752193347.18768 595675127.39854 949201515.24722 1274090487.10283 x 790791749.48111 x 1026626259.5341 x x 1151100905.14451 x x 343505271.10087 x x 630467700.99496 962452431.41747 745057008.06547 x 995276930.0727 63026090.31052 1312341139.12119 1183976254.50581 182579132.85782 x x 746003447.87816 412287714.55029 817065271.00564 235854713.02954 x x 870347144.65889 x 340171913.22102 x 453287669.76089 
904857201.67296 850248706.48142 x 764540167.41915 881103773.6302 714104885.58233 268910782.48021 646639924.00567 518196642.81352 326160641.49547 x x 454523196.7522 949003541.31199 298201675.34401 326498234.53431 x 402381635.5003 822204785.73179 186580433.27621 603750598.8558 458897587.59003 x x x 796581136.12539 947611546.16094 361139823.22584 645198318.04246 x 445888804.45968 919469559.89436 x 1085011194.06545 x 314907391.44513 x 6615623.30826 141213423.60952 x 836610155.91202 781381205.82127 905435622.11824 924930376.89725 789537948.49139 x 896717689.38336 804358852.85642 916491312.43872 x 
657945701.8645 x 965761140.12841 172808147.59415 232838577.94845 x 943306874.13303 253358287.95689 308250678.23934 x 582711085.0286 435139441.24427 430305927.11161 492491112.44664 x 943805641.9032 306052517.51681 459429363.94657 281370617.13476 687323868.51717 430472703.63663 551164943.97923 825424006.39012 343505271.10087 796581136.12539 x x 435846069.373 357417108.98537 x x x 667402429.92425 289915582.0931 974298375.79538 856588605.92343 200886135.58097 x 655432747.63939 615961097.04689 x 610971411.20999 110130212.09323 130171596.29078 x x x 49686715.63265 392095624.65417 293929052.41638 
761259287.90273 807939105.76287 1124959795.56515 226371007.19407 299650188.38606 901229855.8842 1102646325.15729 404489727.56526 468412276.95089 x 742815727.31095 583452460.1421 550717087.40932 566641247.86874 748043315.55187 1103909098.55173 409233577.98286 619609471.26393 x 845698120.74203 577695340.5908 655664361.94179 x x 947611546.16094 x x x 501261367.74739 839846747.51022 543868300.85228 116182274.49083 827573653.77544 140706295.09432 1132913187.07477 1016769821.20226 x 941017023.07543 x 706727804.13901 231970501.02764 733675104.92746 86148331.04252 40739385.78267 549864030.10885 715736026.19354 761198196.95278 x 463880757.09504 381543339.60105 
x 686691923.4868 560204875.91743 414673340.1176 x 633393496.45831 540171677.96531 324498167.89299 x 448288844.6185 x 360160203.1779 186911817.08934 x 245503599.26728 x x x x 282024211.69122 366577302.60461 x 464969532.86617 x 361139823.22584 435846069.373 x x 368306005.03639 521465308.79516 163691477.76302 x 320602428.96783 x 562372398.00466 487408797.6013 x x 219932894.58525 x 495698809.57264 600064457.76929 545193444.81521 563818580.36131 529767601.91098 307935965.3101 702837344.04806 x 617934684.0983 534575377.13169 
360515174.22442 364245520.2264 719366994.34794 x 278190994.30302 x x 109706454.04852 x 519810778.2914 x 86122636.25364 x 311819991.33673 613800239.69977 x 478087475.26124 243496394.57343 596503605.61654 x x 638920554.72348 545081796.64797 630467700.99496 645198318.04246 357417108.98537 501261367.74739 368306005.03639 x x 481290437.46146 408801321.29379 402715280.22876 596880821.78156 736885186.24306 580251757.25898 x 639736357.91694 x 355485810.96421 568815570.37059 275788336.0847 420673197.01721 x 161546783.96554 257482495.95837 355706895.53389 401149374.96183 271541277.40005 x 
341695740.79107 265940233.92214 x 793961217.84049 x x 513348556.87227 439472416.67879 440757658.88788 323837046.57464 x 257611212.84592 x 486437766.883 724942571.19938 462168596.51754 739598280.36735 346157790.61214 906310395.28817 x 262562446.7042 816153434.39641 x 962452431.41747 x x 839846747.51022 521465308.79516 x x 681088251.54504 x 296033025.6483 932802292.42473 x 377972981.44285 780321357.46978 600084393.73668 543566573.29865 406737159.634 886290378.53126 x 759217653.0347 800828504.56994 356502391.15803 214783081.88482 333000743.09595 x 517240029.22451 519670720.64154 
x 826518482.57071 686599906.1821 333334490.42194 x 790772991.42651 669042543.8344 406739364.8075 289684856.19408 602021520.23164 x x 24761313.9108 x 204175187.85747 698534572.0111 148899854.60351 334948009.35193 377011940.43066 422365984.82938 499336983.38124 158603904.46993 616450489.29087 745057008.06547 445888804.45968 x 543868300.85228 163691477.76302 481290437.46146 681088251.54504 x 551547571.42944 x x 683309169.81753 635356721.40455 619445309.5222 439473271.79928 x 836527347.07852 x 737847112.97116 x 531511881.58145 639264804.50206 469533612.86668 x 407349466.71651 696378355.46747 601641691.01727 
647039260.80397 696532581.01708 1072811827.65655 x 184026930.74639 799651292.96415 1049772443.86623 323586719.38899 413879205.36951 897261179.34689 x 493867818.60407 563205284.09399 450459902.27575 752328997.83579 x x 561193095.7996 364963859.33335 798786436.12588 486999770.98389 x 921265569.54499 x 919469559.89436 x 116182274.49083 x 408801321.29379 x 551547571.42944 x 765348799.32618 188802733.48975 x 954073319.96008 67902183.90817 912987343.9137 778885816.2291 591038673.93004 x 624949000.11883 x 78263219.84132 439465846.50264 641648644.86766 647250459.78412 154966236.37341 347708488.00372 267286041.62556 
603958165.623 544636368.84344 316884434.48786 704398762.15742 673950784.96249 409324398.23255 292997590.37646 447690173.2243 x 136357786.86584 85786514.57709 x 501040430.63803 677803982.52731 x x 585886303.47083 208267340.84751 797436763.758 123573788.01211 340260113.47978 582044786.98339 158285946.40367 995276930.0727 x 667402429.92425 827573653.77544 320602428.96783 402715280.22876 296033025.6483 x 765348799.32618 x 950139296.39082 334251107.95665 x 819011126.06654 304510818.28353 257239081.66374 649557977.81302 x 480189231.72731 x x 519561597.40804 150059200.33362 595586470.21298 693079797.97946 665862541.38693 622308734.3935 
x 864906496.42486 1253684029.11082 362589083.91028 349410157.65865 981743141.17118 1230974154.20763 511964725.55924 594099893.55978 x 864576092.46532 682277005.56903 691106920.47537 593105602.04802 888691751.94009 1228390987.10107 x 743938276.30702 x 976476717.80164 675233306.23335 793564595.96382 x 63026090.31052 1085011194.06545 289915582.0931 140706295.09432 x 596880821.78156 932802292.42473 x 188802733.48975 950139296.39082 x x 1139301194.48526 157023848.53181 x 943799069.11039 741755882.58194 x 799418704.58726 x x 613020774.55853 829582612.37897 807969532.81127 282028455.88448 495827389.92682 435019180.59621 
x x 31575717.82532 x 1005738155.07648 x 49343914.85374 775180071.96365 x x 415925979.57227 663478986.92582 696280503.16083 x x 116245166.96327 821725391.57012 523842816.98069 1050247906.57939 287269078.01519 x x 217298873.02832 1312341139.12119 x 974298375.79538 1132913187.07477 562372398.00466 736885186.24306 x 683309169.81753 x 334251107.95665 x x 184591976.83618 x 267724581.57138 366497635.04094 x 1057553542.27538 781372400.19828 1077229726.559 x x 482773073.05652 x x 999009146.96314 956361043.11557 
x 643890559.29638 x 887624311.26099 856183529.59508 x 135403313.95751 x x x 274725112.97488 500906979.93183 653470449.57511 830525203.51021 x 93921377.83292 756383335.17608 397223345.78078 x 214393913.81277 510846740.69968 x 35791451.30377 1183976254.50581 314907391.44513 856588605.92343 1016769821.20226 487408797.6013 580251757.25898 377972981.44285 635356721.40455 954073319.96008 x 1139301194.48526 184591976.83618 x 1006814088.95985 315905795.02335 348657993.33903 777157254.04294 x 598712852.59663 x 984598292.18273 677928748.22609 x 709227881.67482 881611911.09946 832501729.24726 799155077.46841 
651664038.94274 x 1129447441.40687 340488583.14309 x x 1106196497.23607 372695638.95233 x x 733265248.84938 534012813.23518 631085265.86996 442794116.925 820080007.61339 x 502800324.43291 617596428.23334 417810934.89848 857933366.90974 526361892.45149 749937061.4617 973398769.26889 182579132.85782 x 200886135.58097 x x x 780321357.46978 619445309.5222 67902183.90817 819011126.06654 157023848.53181 x 1006814088.95985 x 976688291.67955 842950293.46096 x 368434686.1497 642398444.07972 x 119512303.28532 456010543.2849 690334096.40366 652779243.77123 220642900.30082 342899645.62633 278021773.73106 
900893327.22748 846725690.36981 281999930.04445 757944307.43498 875016101.42869 x 272605130.58913 x x x 344407050.44633 588932759.28736 448200043.2171 x x 329327816.82393 585836972.26136 396795361.47117 x 183020848.00302 x 453437790.93048 321684433.86225 x 6615623.30826 x 941017023.07543 x 639736357.91694 600084393.73668 439473271.79928 912987343.9137 304510818.28353 x 267724581.57138 315905795.02335 976688291.67955 x x 938805478.76007 x 777476250.36586 898905891.56329 918359347.9931 x x 892772068.54211 x 910970312.68813 x 
814157095.18339 x 371726476.91681 x x 659566190.7804 355765001.35665 514132317.26954 382233074.09927 x x 483512175.36744 329838440.36161 x 217004066.16937 x 459638899.72077 281770036.39993 689616263.36774 144709505.83106 492703029.35242 363593316.14481 340170329.43054 x 141213423.60952 655432747.63939 x 219932894.58525 x 543566573.29865 x 778885816.2291 257239081.66374 943799069.11039 366497635.04094 348657993.33903 842950293.46096 x x 843460923.02207 x 693067555.29118 x x 676296990.19717 347522955.94646 806471896.90293 x 793024177.11805 x 
82953765.91494 x 933722369.76056 x 407091972.41874 365558357.65408 x x x 718976458.79448 594604323.1012 364017720.12222 860080431.52079 150703504.38057 962950007.79958 865470095.36298 820330683.65863 568368935.51466 x 758933606.13568 x 994370599.9792 x 746003447.87816 x 615961097.04689 706727804.13901 x 355485810.96421 406737159.634 836527347.07852 591038673.93004 649557977.81302 741755882.58194 x 777157254.04294 x 938805478.76007 843460923.02207 x x 179379201.50488 621875586.04389 667025222.93952 x 508329634.73335 89393578.29379 665647803.80736 246406881.26978 327093436.22547 
893584403.35223 921382342.77492 1055898028.74886 92579358.76583 468729785.14527 970326216.24809 1035831868.16474 459129967.78832 454229280.4509 928648635.11036 716221476.25358 634727462.08797 392624707.84905 732130953.73693 589266461.82607 1052158164.03793 246118724.36017 592871435.32898 49635996.07412 776914540.55963 632480020.12301 466787816.58174 948449134.51417 412287714.55029 836610155.91202 x 231970501.02764 495698809.57264 568815570.37059 886290378.53126 x x x x 1057553542.27538 x 368434686.1497 x x x x 837119661.03797 277721916.33851 248983501.67594 670353618.30931 716625279.79064 891520611.84986 x x 533721895.16118 
123796465.72615 89384774.2988 755598006.83841 x x 204075415.83758 733021711.17278 382710067.73092 453346993.27441 541167487.42145 434345291.28522 243014556.55995 762414683.93949 x 836079236.0792 686380655.95988 x 432845651.87997 868000518.80749 595127660.51856 238663240.8737 890686204.22332 564512923.95979 817065271.00564 781381205.82127 610971411.20999 733675104.92746 600064457.76929 275788336.0847 x 737847112.97116 624949000.11883 480189231.72731 799418704.58726 781372400.19828 598712852.59663 642398444.07972 777476250.36586 693067555.29118 179379201.50488 837119661.03797 x 647871644.19595 692951881.29079 186434832.5606 347681929.15768 115492929.71305 658684059.90952 327572293.5164 364604533.01001 
x 721809062.14329 1067486858.86097 242452832.37791 215242680.31458 x 1044700002.80414 328800282.20591 x 896972363.37093 x 504356075.7972 536470682.16988 x x x 405200467.13044 557348857.21942 326239335.1166 791098516.6056 498081882.84553 x 920598040.3236 235854713.02954 905435622.11824 110130212.09323 86148331.04252 545193444.81521 420673197.01721 759217653.0347 x x x x 1077229726.559 x x 898905891.56329 x 621875586.04389 277721916.33851 647871644.19595 x 45533074.81642 463778332.59169 644780239.11653 675262205.51036 122441928.31551 x 295894706.93969 
720907300.23447 767229474.23897 x 227845599.02108 260117200.81551 861110879.08205 1073111953.13319 367096340.59931 437084425.90959 929672000.18239 x 544937199.8029 540059019.6162 x x 1072568328.02917 x 587878018.27338 298427301.29252 817463634.06509 x 650605749.53492 952961059.09217 x 924930376.89725 130171596.29078 40739385.78267 563818580.36131 x 800828504.56994 531511881.58145 78263219.84132 x x x 984598292.18273 119512303.28532 918359347.9931 x 667025222.93952 248983501.67594 692951881.29079 45533074.81642 x 509135003.55276 x x 124511699.19149 425033319.83462 341326439.67322 
x 258282986.752 827858141.47179 587903455.96901 x 376508693.30669 804080633.62869 240593617.06212 351394634.14472 616908565.16817 449335302.78387 x x 159797592.75303 x 771169967.66531 621251937.70259 394811675.53895 705460104.88249 613029826.15441 185820685.38218 797584455.87888 x x 789537948.49139 x 549864030.10885 529767601.91098 161546783.96554 356502391.15803 639264804.50206 439465846.50264 519561597.40804 613020774.55853 x 677928748.22609 456010543.2849 x 676296990.19717 x 670353618.30931 186434832.5606 463778332.59169 509135003.55276 x x 221227209.03812 485349952.1606 161170106.91639 178508372.83724 
x 422073836.79169 463679540.46183 624533747.91197 533656353.68333 x 439736721.98516 318261779.22888 262882672.28564 262650618.96242 86825089.96857 180729943.46107 493559378.59962 528357284.53818 513175698.50525 x 541578794.08404 x x x x x 287826045.00659 870347144.65889 x x 715736026.19354 307935965.3101 257482495.95837 214783081.88482 469533612.86668 641648644.86766 150059200.33362 829582612.37897 482773073.05652 x 690334096.40366 x 347522955.94646 508329634.73335 716625279.79064 347681929.15768 644780239.11653 x x x 462473609.67668 590078983.61954 x 476786168.58742 
8699060.73355 81789722.98598 x 809000945.77221 464215983.13424 279876516.23789 844177276.62911 x 544025672.41319 652805169.19349 549249882.11131 342678982.38084 857025734.8465 x 942692090.12324 795007893.31734 x 540975765.45376 926638313.60499 x 336486090.91841 x 675614239.93434 x 896717689.38336 x 761198196.95278 702837344.04806 355706895.53389 333000743.09595 x 647250459.78412 595586470.21298 807969532.81127 x 709227881.67482 652779243.77123 892772068.54211 806471896.90293 89393578.29379 891520611.84986 115492929.71305 675262205.51036 x 221227209.03812 462473609.67668 x 705713277.18777 313891548.71728 379969986.75509 
707337382.6542 740279217.99578 x 129062877.45441 279817424.39201 806950918.8899 x 294653885.32333 x x 609479785.43257 476434024.98552 416505674.96434 x 610926792.19211 967069593.58223 x 484863138.9075 233013658.1539 705048676.30887 472324682.14013 530632928.74487 851365549.94562 340171913.22102 804358852.85642 49686715.63265 x x 401149374.96183 x 407349466.71651 154966236.37341 693079797.97946 282028455.88448 x 881611911.09946 220642900.30082 x x 665647803.80736 x 658684059.90952 122441928.31551 124511699.19149 485349952.1606 590078983.61954 705713277.18777 x 440819204.37245 343233455.62347 
311846786.90306 377692354.43383 979245102.16129 562222993.77673 x 528566049.39944 955337328.99752 294988448.56303 429582634.98827 771354259.74454 x 335857972.77605 717158674.01766 x 859450975.19311 926229673.88648 643616876.20058 514261657.40506 673466090.41836 748726086.47662 325602834.39629 853341514.71248 796734587.71093 x 916491312.43872 392095624.65417 463880757.09504 617934684.0983 271541277.40005 517240029.22451 696378355.46747 347708488.00372 665862541.38693 495827389.92682 999009146.96314 832501729.24726 342899645.62633 910970312.68813 793024177.11805 246406881.26978 x 327572293.5164 x 425033319.83462 161170106.91639 x 313891548.71728 440819204.37245 x 101419762.0115 
379830168.85863 431089135.91541 x x 85767762.15402 552714207.58888 915115449.23953 210527834.26782 x 738457769.95044 x x x 198742208.59098 771822015.66656 892972327.77519 x 450555370.34571 574879774.28001 692616659.39099 289436614.67288 757339040.90782 x 453287669.76089 x 293929052.41638 381543339.60105 534575377.13169 x 519670720.64154 601641691.01727 267286041.62556 622308734.3935 435019180.59621 956361043.11557 799155077.46841 278021773.73106 x x 327093436.22547 533721895.16118 364604533.01001 295894706.93969 341326439.67322 178508372.83724 476786168.58742 379969986.75509 343233455.62347 101419762.0115 x 
