80
50
1FoundersRock 2UniversityHouse 3FacultyClub 4HearstGreekTheatre 5HearstMemorial 6DoeLibrary 7SatherTower 8Esplanade 9SatherGate 10Bridge 11HearstGymnasium 12California 13Durant 14Wellman 15Hilgard 16Giannini 17Wheeler 18NorthGate 19SouthHall 20Ehrman 21Unit1 22Unit2 23Unit3 24Blackwell 25Foothill 26ClarkKerr 27InternationalHouse 28SodaHall 29VarsityBerkeley 30Stonefire 31Hillegass 32DeltaPhiEpsilon 33Wada 34Martinez 35ChanningBowdwitch 36CasaZimbabwe 37OtherCoop 38RajProperties 39SanFransisco 40Oaktown 41FoundersRock 42UniversityHouse 43FacultyClub 44HearstGreekTheatre 45HearstMemorial 46DoeLibrary 47SatherTower 48Esplanade 49SatherGate 50Bridge 51HearstGymnasium 52California 53Durant 54Wellman 55Hilgard 56Giannini 57Wheeler 58NorthGate 59SouthHall 60Ehrman 61Unit1 62Unit2 63Unit3 64Blackwell 65Foothill 66ClarkKerr 67InternationalHouse 68SodaHall 69VarsityBerkeley 70Stonefire 71Hillegass 72DeltaPhiEpsilon 73Wada 74Martinez 75ChanningBowdwitch 76CasaZimbabwe 77OtherCoop 78RajProperties 79SanFransisco 80Oaktown
31Hillegass 32DeltaPhiEpsilon 33Wada 34Martinez 35ChanningBowdwitch 36CasaZimbabwe 37OtherCoop 38RajProperties 39SanFransisco 40Oaktown 41FoundersRock 42UniversityHouse 43FacultyClub 44HearstGreekTheatre 45HearstMemorial 46DoeLibrary 47SatherTower 48Esplanade 49SatherGate 50Bridge 51HearstGymnasium 52California 53Durant 54Wellman 55Hilgard 56Giannini 57Wheeler 58NorthGate 59SouthHall 60Ehrman 61Unit1 62Unit2 63Unit3 64Blackwell 65Foothill 66ClarkKerr 67InternationalHouse 68SodaHall 69VarsityBerkeley 70Stonefire 71Hillegass 72DeltaPhiEpsilon 73Wada 74Martinez 75ChanningBowdwitch 76CasaZimbabwe 77OtherCoop 78RajProperties 79SanFransisco 80Oaktown
1FoundersRock
x 500 501 502 503 504 505 357 507 508 509 510 511 512 364 514 515 516 517 518 519 371 521 522 523 524 525 526 378 528 529 530 531 532 533 385 535 536 537 538 539 540 392 542 543 544 545 546 547 399 549 550 551 552 553 554 406 556 557 558 559 560 561 413 563 564 565 566 567 568 420 570 571 572 573 574 575 427 577 578
500 x 502 503 355 505 506 507 508 509 510 362 512 513 514 515 516 517 369 519 520 521 522 523 524 376 526 527 528 529 530 531 383 533 534 535 536 537 538 390 540 541 542 543 544 545 397 547 548 549 550 551 552 404 554 555 556 557 558 559 411 561 562 563 564 565 566 418 568 569 570 571 572 573 425 575 576 577 578 579
501 502 x 504 505 506 507 508 360 510 511 512 513 514 515 367 517 518 519 520 521 522 374 524 525 526 527 528 529 381 531 532 533 534 535 536 388 538 539 540 541 542 543 395 545 546 547 548 549 550 402 552 553 554 555 556 557 409 559 560 561 562 563 564 416 566 567 568 569 570 571 423 573 574 575 576 577 578 430 580
502 503 504 x 506 358 508 509 510 511 512 513 365 515 516 517 518 519 520 372 522 523 524 525 526 527 379 529 530 531 532 533 534 386 536 537 538 539 540 541 393 543 544 545 546 547 548 400 550 551 552 553 554 555 407 557 558 559 560 561 562 414 564 565 566 567 568 569 421 571 572 573 574 575 576 428 578 579 580 581
503 355 505 506 x 508 509 510 511 363 513 514 515 516 517 518 370 520 521 522 523 524 525 377 527 528 529 530 531 532 384 534 535 536 537 538 539 391 541 542 543 544 545 546 398 548 549 550 551 552 553 405 555 556 557 558 559 560 412 562 563 564 565 566 567 419 569 570 571 572 573 574 426 576 577 578 579 580 581 433
504 505 506 358 508 x 361 511 512 513 514 515 516 368 518 519 520 521 522 523 375 525 526 527 528 529 530 382 532 533 534 535 536 537 389 539 540 541 542 543 544 396 546 547 548 549 550 551 403 553 554 555 556 557 558 410 560 561 562 563 564 565 417 567 568 569 570 571 572 424 574 575 576 577 578 579 431 581 582 583
505 506 507 508 509 361 x 512 513 514 366 516 517 518 519 520 521 373 523 524 525 526 527 528 380 530 531 532 533 534 535 387 537 538 539 540 541 542 394 544 545 546 547 548 549 401 551 552 553 554 555 556 408 558 559 560 561 562 563 415 565 566 567 568 569 570 422 572 573 574 575 576 577 429 579 580 581 582 583 584
357 507 508 509 510 511 512 x 514 515 516 517 518 519 371 521 522 523 524 525 526 378 528 529 530 531 532 533 385 535 536 537 538 539 540 392 542 543 544 545 546 547 399 549 550 551 552 553 554 406 556 557 558 559 560 561 413 563 564 565 566 567 568 420 570 571 572 573 574 575 427 577 578 579 580 581 582 434 584 585
507 508 360 510 511 512 513 514 x 516 517 369 519 520 521 522 523 524 376 526 527 528 529 530 531 383 533 534 535 536 537 538 390 540 541 542 543 544 545 397 547 548 549 550 551 552 404 554 555 556 557 558 559 411 561 562 563 564 565 566 418 568 569 570 571 572 573 425 575 576 577 578 579 580 432 582 583 584 585 586
508 509 510 511 363 513 514 515 516 x 518 519 520 521 522 374 524 525 526 527 528 529 381 531 532 533 534 535 536 388 538 539 540 541 542 543 395 545 546 547 548 549 550 402 552 553 554 555 556 557 409 559 560 561 562 563 564 416 566 567 568 569 570 571 423 573 574 575 576 577 578 430 580 581 582 583 584 585 437 587
509 510 511 512 513 514 366 516 517 518 x 520 372 522 523 524 525 526 527 379 529 530 531 532 533 534 386 536 537 538 539 540 541 393 543 544 545 546 547 548 400 550 551 552 553 554 555 407 557 558 559 560 561 562 414 564 565 566 567 568 569 421 571 572 573 574 575 576 428 578 579 580 581 582 583 435 585 586 587 588
510 362 512 513 514 515 516 517 369 519 520 x 522 523 524 525 377 527 528 529 530 531 532 384 534 535 536 537 538 539 391 541 542 543 544 545 546 398 548 549 550 551 552 553 405 555 556 557 558 559 560 412 562 563 564 565 566 567 419 569 570 571 572 573 574 426 576 577 578 579 580 581 433 583 584 585 586 587 588 440
511 512 513 365 515 516 517 518 519 520 372 522 x 375 525 526 527 528 529 530 382 532 533 534 535 536 537 389 539 540 541 542 543 544 396 546 547 548 549 550 551 403 553 554 555 556 557 558 410 560 561 562 563 564 565 417 567 568 569 570 571 572 424 574 575 576 577 578 579 431 581 582 583 584 585 586 438 588 589 590
512 513 514 515 516 368 518 519 520 521 522 523 375 x 526 527 528 380 530 531 532 533 534 535 387 537 538 539 540 541 542 394 544 545 546 547 548 549 401 551 552 553 554 555 556 408 558 559 560 561 562 563 415 565 566 567 568 569 570 422 572 573 574 575 576 577 429 579 580 581 582 583 584 436 586 587 588 589 590 591
364 514 515 516 517 518 519 371 521 522 523 524 525 526 x 528 529 530 531 532 533 385 535 536 537 538 539 540 392 542 543 544 545 546 547 399 549 550 551 552 553 554 406 556 557 558 559 560 561 413 563 564 565 566 567 568 420 570 571 572 573 574 575 427 577 578 579 580 581 582 434 584 585 586 587 588 589 441 591 592
514 515 367 517 518 519 520 521 522 374 524 525 526 527 528 x 530 531 383 533 534 535 536 537 538 390 540 541 542 543 544 545 397 547 548 549 550 551 552 404 554 555 556 557 558 559 411 561 562 563 564 565 566 418 568 569 570 571 572 573 425 575 576 577 578 579 580 432 582 583 584 585 586 587 439 589 590 591 592 593
515 516 517 518 370 520 521 522 523 524 525 377 527 528 529 530 x 532 533 534 535 536 388 538 539 540 541 542 543 395 545 546 547 548 549 550 402 552 553 554 555 556 557 409 559 560 561 562 563 564 416 566 567 568 569 570 571 423 573 574 575 576 577 578 430 580 581 582 583 584 585 437 587 588 589 590 591 592 444 594
516 517 518 519 520 521 373 523 524 525 526 527 528 380 530 531 532 x 534 386 536 537 538 539 540 541 393 543 544 545 546 547 548 400 550 551 552 553 554 555 407 557 558 559 560 561 562 414 564 565 566 567 568 569 421 571 572 573 574 575 576 428 578 579 580 581 582 583 435 585 586 587 588 589 590 442 592 593 594 595
517 369 519 520 521 522 523 524 376 526 527 528 529 530 531 383 533 534 x 536 537 538 539 391 541 542 543 544 545 546 398 548 549 550 551 552 553 405 555 556 557 558 559 560 412 562 563 564 565 566 567 419 569 570 571 572 573 574 426 576 577 578 579 580 581 433 583 584 585 586 587 588 440 590 591 592 593 594 595 447
518 519 520 372 522 523 524 525 526 527 379 529 530 531 532 533 534 386 536 x 389 539 540 541 542 543 544 396 546 547 548 549 550 551 403 553 554 555 556 557 558 410 560 561 562 563 564 565 417 567 568 569 570 571 572 424 574 575 576 577 578 579 431 581 582 583 584 585 586 438 588 589 590 591 592 593 445 595 596 597
519 520 521 522 523 375 525 526 527 528 529 530 382 532 533 534 535 536 537 389 x 540 541 542 394 544 545 546 547 548 549 401 551 552 553 554 555 556 408 558 559 560 561 562 563 415 565 566 567 568 569 570 422 572 573 574 575 576 577 429 579 580 581 582 583 584 436 586 587 588 589 590 591 443 593 594 595 596 597 598
371 521 522 523 524 525 526 378 528 529 530 531 532 533 385 535 536 537 538 539 540 x 542 543 544 545 546 547 399 549 550 551 552 553 554 406 556 557 558 559 560 561 413 563 564 565 566 567 568 420 570 571 572 573 574 575 427 577 578 579 580 581 582 434 584 585 586 587 588 589 441 591 592 593 594 595 596 448 598 599
521 522 374 524 525 526 527 528 529 381 531 532 533 534 535 536 388 538 539 540 541 542 x 544 545 397 547 548 549 550 551 552 404 554 555 556 557 558 559 411 561 562 563 564 565 566 418 568 569 570 571 572 573 425 575 576 577 578 579 580 432 582 583 584 585 586 587 439 589 590 591 592 593 594 446 596 597 598 599 600
522 523 524 525 377 527 528 529 530 531 532 384 534 535 536 537 538 539 391 541 542 543 544 x 546 547 548 549 550 402 552 553 554 555 556 557 409 559 560 561 562 563 564 416 566 567 568 569 570 571 423 573 574 575 576 577 578 430 580 581 582 583 584 585 437 587 588 589 590 591 592 444 594 595 596 597 598 599 451 601
523 524 525 526 527 528 380 530 531 532 533 534 535 387 537 538 539 540 541 542 394 544 545 546 x 548 400 550 551 552 553 554 555 407 557 558 559 560 561 562 414 564 565 566 567 568 569 421 571 572 573 574 575 576 428 578 579 580 581 582 583 435 585 586 587 588 589 590 442 592 593 594 595 596 597 449 599 600 601 602
524 376 526 527 528 529 530 531 383 533 534 535 536 537 538 390 540 541 542 543 544 545 397 547 548 x 550 551 552 553 405 555 556 557 558 559 560 412 562 563 564 565 566 567 419 569 570 571 572 573 574 426 576 577 578 579 580 581 433 583 584 585 586 587 588 440 590 591 592 593 594 595 447 597 598 599 600 601 602 454
525 526 527 379 529 530 531 532 533 534 386 536 537 538 539 540 541 393 543 544 545 546 547 548 400 550 x 403 553 554 555 556 557 558 410 560 561 562 563 564 565 417 567 568 569 570 571 572 424 574 575 576 577 578 579 431 581 582 583 584 585 586 438 588 589 590 591 592 593 445 595 596 597 598 599 600 452 602 603 604
526 527 528 529 530 382 532 533 534 535 536 537 389 539 540 541 542 543 544 396 546 547 548 549 550 551 403 x 554 555 556 408 558 559 560 561 562 563 415 565 566 567 568 569 570 422 572 573 574 575 576 577 429 579 580 581 582 583 584 436 586 587 588 589 590 591 443 593 594 595 596 597 598 450 600 601 602 603 604 605
378 528 529 530 531 532 533 385 535 536 537 538 539 540 392 542 543 544 545 546 547 399 549 550 551 552 553 554 x 556 557 558 559 560 561 413 563 564 565 566 567 568 420 570 571 572 573 574 575 427 577 578 579 580 581 582 434 584 585 586 587 588 589 441 591 592 593 594 595 596 448 598 599 600 601 602 603 455 605 606
528 529 381 531 532 533 534 535 536 388 538 539 540 541 542 543 395 545 546 547 548 549 550 402 552 553 554 555 556 x 558 559 411 561 562 563 564 565 566 418 568 569 570 571 572 573 425 575 576 577 578 579 580 432 582 583 584 585 586 587 439 589 590 591 592 593 594 446 596 597 598 599 600 601 453 603 604 605 606 607
529 530 531 532 384 534 535 536 537 538 539 391 541 542 543 544 545 546 398 548 549 550 551 552 553 405 555 556 557 558 x 560 561 562 563 564 416 566 567 568 569 570 571 423 573 574 575 576 577 578 430 580 581 582 583 584 585 437 587 588 589 590 591 592 444 594 595 596 597 598 599 451 601 602 603 604 605 606 458 608
530 531 532 533 534 535 387 537 538 539 540 541 542 394 544 545 546 547 548 549 401 551 552 553 554 555 556 408 558 559 560 x 562 414 564 565 566 567 568 569 421 571 572 573 574 575 576 428 578 579 580 581 582 583 435 585 586 587 588 589 590 442 592 593 594 595 596 597 449 599 600 601 602 603 604 456 606 607 608 609
531 383 533 534 535 536 537 538 390 540 541 542 543 544 545 397 547 548 549 550 551 552 404 554 555 556 557 558 559 411 561 562 x 564 565 566 567 419 569 570 571 572 573 574 426 576 577 578 579 580 581 433 583 584 585 586 587 588 440 590 591 592 593 594 595 447 597 598 599 600 601 602 454 604 605 606 607 608 609 461
532 533 534 386 536 537 538 539 540 541 393 543 544 545 546 547 548 400 550 551 552 553 554 555 407 557 558 559 560 561 562 414 564 x 417 567 568 569 570 571 572 424 574 575 576 577 578 579 431 581 582 583 584 585 586 438 588 589 590 591 592 593 445 595 596 597 598 599 600 452 602 603 604 605 606 607 459 609 610 611
533 534 535 536 537 389 539 540 541 542 543 544 396 546 547 548 549 550 551 403 553 554 555 556 557 558 410 560 561 562 563 564 565 417 x 568 569 570 422 572 573 574 575 576 577 429 579 580 581 582 583 584 436 586 587 588 589 590 591 443 593 594 595 596 597 598 450 600 601 602 603 604 605 457 607 608 609 610 611 612
385 535 536 537 538 539 540 392 542 543 544 545 546 547 399 549 550 551 552 553 554 406 556 557 558 559 560 561 413 563 564 565 566 567 568 x 570 571 572 573 574 575 427 577 578 579 580 581 582 434 584 585 586 587 588 589 441 591 592 593 594 595 596 448 598 599 600 601 602 603 455 605 606 607 608 609 610 462 612 613
535 536 388 538 539 540 541 542 543 395 545 546 547 548 549 550 402 552 553 554 555 556 557 409 559 560 561 562 563 564 416 566 567 568 569 570 x 572 573 425 575 576 577 578 579 580 432 582 583 584 585 586 587 439 589 590 591 592 593 594 446 596 597 598 599 600 601 453 603 604 605 606 607 608 460 610 611 612 613 614
536 537 538 539 391 541 542 543 544 545 546 398 548 549 550 551 552 553 405 555 556 557 558 559 560 412 562 563 564 565 566 567 419 569 570 571 572 x 574 575 576 577 578 430 580 581 582 583 584 585 437 587 588 589 590 591 592 444 594 595 596 597 598 599 451 601 602 603 604 605 606 458 608 609 610 611 612 613 465 615
537 538 539 540 541 542 394 544 545 546 547 548 549 401 551 552 553 554 555 556 408 558 559 560 561 562 563 415 565 566 567 568 569 570 422 572 573 574 x 576 428 578 579 580 581 582 583 435 585 586 587 588 589 590 442 592 593 594 595 596 597 449 599 600 601 602 603 604 456 606 607 608 609 610 611 463 613 614 615 616
538 390 540 541 542 543 544 545 397 547 548 549 550 551 552 404 554 555 556 557 558 559 411 561 562 563 564 565 566 418 568 569 570 571 572 573 425 575 576 x 578 579 580 581 433 583 584 585 586 587 588 440 590 591 592 593 594 595 447 597 598 599 600 601 602 454 604 605 606 607 608 609 461 611 612 613 614 615 616 468
539 540 541 393 543 544 545 546 547 548 400 550 551 552 553 554 555 407 557 558 559 560 561 562 414 564 565 566 567 568 569 421 571 572 573 574 575 576 428 578 x 431 581 582 583 584 585 586 438 588 589 590 591 592 593 445 595 596 597 598 599 600 452 602 603 604 605 606 607 459 609 610 611 612 613 614 466 616 617 618
540 541 542 543 544 396 546 547 548 549 550 551 403 553 554 555 556 557 558 410 560 561 562 563 564 565 417 567 568 569 570 571 572 424 574 575 576 577 578 579 431 x 582 583 584 436 586 587 588 589 590 591 443 593 594 595 596 597 598 450 600 601 602 603 604 605 457 607 608 609 610 611 612 464 614 615 616 617 618 619
392 542 543 544 545 546 547 399 549 550 551 552 553 554 406 556 557 558 559 560 561 413 563 564 565 566 567 568 420 570 571 572 573 574 575 427 577 578 579 580 581 582 x 584 585 586 587 588 589 441 591 592 593 594 595 596 448 598 599 600 601 602 603 455 605 606 607 608 609 610 462 612 613 614 615 616 617 469 619 620
542 543 395 545 546 547 548 549 550 402 552 553 554 555 556 557 409 559 560 561 562 563 564 416 566 567 568 569 570 571 423 573 574 575 576 577 578 430 580 581 582 583 584 x 586 587 439 589 590 591 592 593 594 446 596 597 598 599 600 601 453 603 604 605 606 607 608 460 610 611 612 613 614 615 467 617 618 619 620 621
543 544 545 546 398 548 549 550 551 552 553 405 555 556 557 558 559 560 412 562 563 564 565 566 567 419 569 570 571 572 573 574 426 576 577 578 579 580 581 433 583 584 585 586 x 588 589 590 591 592 444 594 595 596 597 598 599 451 601 602 603 604 605 606 458 608 609 610 611 612 613 465 615 616 617 618 619 620 472 622
544 545 546 547 548 549 401 551 552 553 554 555 556 408 558 559 560 561 562 563 415 565 566 567 568 569 570 422 572 573 574 575 576 577 429 579 580 581 582 583 584 436 586 587 588 x 590 442 592 593 594 595 596 597 449 599 600 601 602 603 604 456 606 607 608 609 610 611 463 613 614 615 616 617 618 470 620 621 622 623
545 397 547 548 549 550 551 552 404 554 555 556 557 558 559 411 561 562 563 564 565 566 418 568 569 570 571 572 573 425 575 576 577 578 579 580 432 582 583 584 585 586 587 439 589 590 x 592 593 594 595 447 597 598 599 600 601 602 454 604 605 606 607 608 609 461 611 612 613 614 615 616 468 618 619 620 621 622 623 475
546 547 548 400 550 551 552 553 554 555 407 557 558 559 560 561 562 414 564 565 566 567 568 569 421 571 572 573 574 575 576 428 578 579 580 581 582 583 435 585 586 587 588 589 590 442 592 x 445 595 596 597 598 599 600 452 602 603 604 605 606 607 459 609 610 611 612 613 614 466 616 617 618 619 620 621 473 623 624 625
547 548 549 550 551 403 553 554 555 556 557 558 410 560 561 562 563 564 565 417 567 568 569 570 571 572 424 574 575 576 577 578 579 431 581 582 583 584 585 586 438 588 589 590 591 592 593 445 x 596 597 598 450 600 601 602 603 604 605 457 607 608 609 610 611 612 464 614 615 616 617 618 619 471 621 622 623 624 625 626
399 549 550 551 552 553 554 406 556 557 558 559 560 561 413 563 564 565 566 567 568 420 570 571 572 573 574 575 427 577 578 579 580 581 582 434 584 585 586 587 588 589 441 591 592 593 594 595 596 x 598 599 600 601 602 603 455 605 606 607 608 609 610 462 612 613 614 615 616 617 469 619 620 621 622 623 624 476 626 627
549 550 402 552 553 554 555 556 557 409 559 560 561 562 563 564 416 566 567 568 569 570 571 423 573 574 575 576 577 578 430 580 581 582 583 584 585 437 587 588 589 590 591 592 444 594 595 596 597 598 x 600 601 453 603 604 605 606 607 608 460 610 611 612 613 614 615 467 617 618 619 620 621 622 474 624 625 626 627 628
550 551 552 553 405 555 556 557 558 559 560 412 562 563 564 565 566 567 419 569 570 571 572 573 574 426 576 577 578 579 580 581 433 583 584 585 586 587 588 440 590 591 592 593 594 595 447 597 598 599 600 x 602 603 604 605 606 458 608 609 610 611 612 613 465 615 616 617 618 619 620 472 622 623 624 625 626 627 479 629
551 552 553 554 555 556 408 558 559 560 561 562 563 415 565 566 567 568 569 570 422 572 573 574 575 576 577 429 579 580 581 582 583 584 436 586 587 588 589 590 591 443 593 594 595 596 597 598 450 600 601 602 x 604 456 606 607 608 609 610 611 463 613 614 615 616 617 618 470 620 621 622 623 624 625 477 627 628 629 630
552 404 554 555 556 557 558 559 411 561 562 563 564 565 566 418 568 569 570 571 572 573 425 575 576 577 578 579 580 432 582 583 584 585 586 587 439 589 590 591 592 593 594 446 596 597 598 599 600 601 453 603 604 x 606 607 608 609 461 611 612 613 614 615 616 468 618 619 620 621 622 623 475 625 626 627 628 629 630 482
553 554 555 407 557 558 559 560 561 562 414 564 565 566 567 568 569 421 571 572 573 574 575 576 428 578 579 580 581 582 583 435 585 586 587 588 589 590 442 592 593 594 595 596 597 449 599 600 601 602 603 604 456 606 x 459 609 610 611 612 613 614 466 616 617 618 619 620 621 473 623 624 625 626 627 628 480 630 631 632
554 555 556 557 558 410 560 561 562 563 564 565 417 567 568 569 570 571 572 424 574 575 576 577 578 579 431 581 582 583 584 585 586 438 588 589 590 591 592 593 445 595 596 597 598 599 600 452 602 603 604 605 606 607 459 x 610 611 612 464 614 615 616 617 618 619 471 621 622 623 624 625 626 478 628 629 630 631 632 633
406 556 557 558 559 560 561 413 563 564 565 566 567 568 420 570 571 572 573 574 575 427 577 578 579 580 581 582 434 584 585 586 587 588 589 441 591 592 593 594 595 596 448 598 599 600 601 602 603 455 605 606 607 608 609 610 x 612 613 614 615 616 617 469 619 620 621 622 623 624 476 626 627 628 629 630 631 483 633 634
556 557 409 559 560 561 562 563 564 416 566 567 568 569 570 571 423 573 574 575 576 577 578 430 580 581 582 583 584 585 437 587 588 589 590 591 592 444 594 595 596 597 598 599 451 601 602 603 604 605 606 458 608 609 610 611 612 x 614 615 467 617 618 619 620 621 622 474 624 625 626 627 628 629 481 631 632 633 634 635
557 558 559 560 412 562 563 564 565 566 567 419 569 570 571 572 573 574 426 576 577 578 579 580 581 433 583 584 585 586 587 588 440 590 591 592 593 594 595 447 597 598 599 600 601 602 454 604 605 606 607 608 609 461 611 612 613 614 x 616 617 618 619 620 472 622 623 624 625 626 627 479 629 630 631 632 633 634 486 636
558 559 560 561 562 563 415 565 566 567 568 569 570 422 572 573 574 575 576 577 429 579 580 581 582 583 584 436 586 587 588 589 590 591 443 593 594 595 596 597 598 450 600 601 602 603 604 605 457 607 608 609 610 611 612 464 614 615 616 x 618 470 620 621 622 623 624 625 477 627 628 629 630 631 632 484 634 635 636 637
559 411 561 562 563 564 565 566 418 568 569 570 571 572 573 425 575 576 577 578 579 580 432 582 583 584 585 586 587 439 589 590 591 592 593 594 446 596 597 598 599 600 601 453 603 604 605 606 607 608 460 610 611 612 613 614 615 467 617 618 x 620 621 622 623 475 625 626 627 628 629 630 482 632 633 634 635 636 637 489
560 561 562 414 564 565 566 567 568 569 421 571 572 573 574 575 576 428 578 579 580 581 582 583 435 585 586 587 588 589 590 442 592 593 594 595 596 597 449 599 600 601 602 603 604 456 606 607 608 609 610 611 463 613 614 615 616 617 618 470 620 x 473 623 624 625 626 627 628 480 630 631 632 633 634 635 487 637 638 639
561 562 563 564 565 417 567 568 569 570 571 572 424 574 575 576 577 578 579 431 581 582 583 584 585 586 438 588 589 590 591 592 593 445 595 596 597 598 599 600 452 602 603 604 605 606 607 459 609 610 611 612 613 614 466 616 617 618 619 620 621 473 x 624 625 626 478 628 629 630 631 632 633 485 635 636 637 638 639 640
413 563 564 565 566 567 568 420 570 571 572 573 574 575 427 577 578 579 580 581 582 434 584 585 586 587 588 589 441 591 592 593 594 595 596 448 598 599 600 601 602 603 455 605 606 607 608 609 610 462 612 613 614 615 616 617 469 619 620 621 622 623 624 x 626 627 628 629 630 631 483 633 634 635 636 637 638 490 640 641
563 564 416 566 567 568 569 570 571 423 573 574 575 576 577 578 430 580 581 582 583 584 585 437 587 588 589 590 591 592 444 594 595 596 597 598 599 451 601 602 603 604 605 606 458 608 609 610 611 612 613 465 615 616 617 618 619 620 472 622 623 624 625 626 x 628 629 481 631 632 633 634 635 636 488 638 639 640 641 642
564 565 566 567 419 569 570 571 572 573 574 426 576 577 578 579 580 581 433 583 584 585 586 587 588 440 590 591 592 593 594 595 447 597 598 599 600 601 602 454 604 605 606 607 608 609 461 611 612 613 614 615 616 468 618 619 620 621 622 623 475 625 626 627 628 x 630 631 632 633 634 486 636 637 638 639 640 641 493 643
565 566 567 568 569 570 422 572 573 574 575 576 577 429 579 580 581 582 583 584 436 586 587 588 589 590 591 443 593 594 595 596 597 598 450 600 601 602 603 604 605 457 607 608 609 610 611 612 464 614 615 616 617 618 619 471 621 622 623 624 625 626 478 628 629 630 x 632 484 634 635 636 637 638 639 491 641 642 643 644
566 418 568 569 570 571 572 573 425 575 576 577 578 579 580 432 582 583 584 585 586 587 439 589 590 591 592 593 594 446 596 597 598 599 600 601 453 603 604 605 606 607 608 460 610 611 612 613 614 615 467 617 618 619 620 621 622 474 624 625 626 627 628 629 481 631 632 x 634 635 636 637 489 639 640 641 642 643 644 496
567 568 569 421 571 572 573 574 575 576 428 578 579 580 581 582 583 435 585 586 587 588 589 590 442 592 593 594 595 596 597 449 599 600 601 602 603 604 456 606 607 608 609 610 611 463 613 614 615 616 617 618 470 620 621 622 623 624 625 477 627 628 629 630 631 632 484 634 x 487 637 638 639 640 641 642 494 644 645 646
568 569 570 571 572 424 574 575 576 577 578 579 431 581 582 583 584 585 586 438 588 589 590 591 592 593 445 595 596 597 598 599 600 452 602 603 604 605 606 607 459 609 610 611 612 613 614 466 616 617 618 619 620 621 473 623 624 625 626 627 628 480 630 631 632 633 634 635 487 x 638 639 640 492 642 643 644 645 646 647
420 570 571 572 573 574 575 427 577 578 579 580 581 582 434 584 585 586 587 588 589 441 591 592 593 594 595 596 448 598 599 600 601 602 603 455 605 606 607 608 609 610 462 612 613 614 615 616 617 469 619 620 621 622 623 624 476 626 627 628 629 630 631 483 633 634 635 636 637 638 x 640 641 642 643 644 645 497 647 648
570 571 423 573 574 575 576 577 578 430 580 581 582 583 584 585 437 587 588 589 590 591 592 444 594 595 596 597 598 599 451 601 602 603 604 605 606 458 608 609 610 611 612 613 465 615 616 617 618 619 620 472 622 623 624 625 626 627 479 629 630 631 632 633 634 486 636 637 638 639 640 x 642 643 495 645 646 647 648 649
571 572 573 574 426 576 577 578 579 580 581 433 583 584 585 586 587 588 440 590 591 592 593 594 595 447 597 598 599 600 601 602 454 604 605 606 607 608 609 461 611 612 613 614 615 616 468 618 619 620 621 622 623 475 625 626 627 628 629 630 482 632 633 634 635 636 637 489 639 640 641 642 x 644 645 646 647 648 500 650
572 573 574 575 576 577 429 579 580 581 582 583 584 436 586 587 588 589 590 591 443 593 594 595 596 597 598 450 600 601 602 603 604 605 457 607 608 609 610 611 612 464 614 615 616 617 618 619 471 621 622 623 624 625 626 478 628 629 630 631 632 633 485 635 636 637 638 639 640 492 642 643 644 x 646 498 648 649 650 651
573 425 575 576 577 578 579 580 432 582 583 584 585 586 587 439 589 590 591 592 593 594 446 596 597 598 599 600 601 453 603 604 605 606 607 608 460 610 611 612 613 614 615 467 617 618 619 620 621 622 474 624 625 626 627 628 629 481 631 632 633 634 635 636 488 638 639 640 641 642 643 495 645 646 x 648 649 650 651 503
574 575 576 428 578 579 580 581 582 583 435 585 586 587 588 589 590 442 592 593 594 595 596 597 449 599 600 601 602 603 604 456 606 607 608 609 610 611 463 613 614 615 616 617 618 470 620 621 622 623 624 625 477 627 628 629 630 631 632 484 634 635 636 637 638 639 491 641 642 643 644 645 646 498 648 x 501 651 652 653
575 576 577 578 579 431 581 582 583 584 585 586 438 588 589 590 591 592 593 445 595 596 597 598 599 600 452 602 603 604 605 606 607 459 609 610 611 612 613 614 466 616 617 618 619 620 621 473 623 624 625 626 627 628 480 630 631 632 633 634 635 487 637 638 639 640 641 642 494 644 645 646 647 648 649 501 x 652 653 654
427 577 578 579 580 581 582 434 584 585 586 587 588 589 441 591 592 593 594 595 596 448 598 599 600 601 602 603 455 605 606 607 608 609 610 462 612 613 614 615 616 617 469 619 620 621 622 623 624 476 626 627 628 629 630 631 483 633 634 635 636 637 638 490 640 641 642 643 644 645 497 647 648 649 650 651 652 x 654 655
577 578 430 580 581 582 583 584 585 437 587 588 589 590 591 592 444 594 595 596 597 598 599 451 601 602 603 604 605 606 458 608 609 610 611 612 613 465 615 616 617 618 619 620 472 622 623 624 625 626 627 479 629 630 631 632 633 634 486 636 637 638 639 640 641 493 643 644 645 646 647 648 500 650 651 652 653 654 x 656
578 579 580 581 433 583 584 585 586 587 588 440 590 591 592 593 594 595 447 597 598 599 600 601 602 454 604 605 606 607 608 609 461 611 612 613 614 615 616 468 618 619 620 621 622 623 475 625 626 627 628 629 630 482 632 633 634 635 636 637 489 639 640 641 642 643 644 496 646 647 648 649 650 651 503 653 654 655 656 x
