45
23
484e 329d 28f9 1a83 3c41 1348 73b e76 62d1 2dcb 545b 5dff 4d2 67a3 2b62 c0d 10df 6c75 3eaa 653a 4113 4ab7 45e5 376f 56c4 4f89 51f2 1f55 181a 15b1 6ede 3506 592d 4d20 269 437c 3034 6a0c 2427 2690 6068 1cec 5b96 39d8 9a4
3c41 1a83 28f9 329d 437c 3506 3eaa c0d 9a4 4d2 1348 45e5 4ab7 56c4 4113 2427 5b96 653a 2690 39d8 67a3 10df 4d20
484e
x 127.42128 x x x 780.42078 x 383.50812 x 461.46408 387.43779 420.50395 798.48869 x 727.67009 x x 596.33619 624.73744 1040.36132 468.24144 x x 384.20081 x 223.02641 896.53734 617.62172 x 660.53435 755.09333 637.98746 421.51939 669.39534 410.25636 1127.52975 935.99153 1107.37582 828.74933 704.79286 814.82509 938.56635 490.6298 874.6653 638.90744 
127.42128 x 623.87371 795.72908 x 857.28742 204.68588 428.53591 250.48006 522.80023 x 513.86907 761.58498 356.04395 637.31949 x 232.93345 604.73262 502.96775 1010.70673 x 418.70258 x 274.11402 x 256.35379 865.03881 x 847.94536 543.8845 711.68967 610.1945 365.02141 737.9495 506.62862 x 906.78413 1065.08955 869.20607 721.60845 x 956.52334 506.11141 939.64818 x 
x 623.87371 x x x 790.0249 x 482.16582 529.09595 551.28631 482.47212 688.36956 177.00208 654.84885 216.17028 162.92552 455.36769 332.80781 482.64396 418.70861 x 483.5272 149.52235 417.73192 604.79971 x 281.18029 375.34692 x 426.50755 115.02522 x 260.88388 671.53595 x 478.63152 324.87999 447.7809 x 406.33296 569.55653 555.28869 x 781.05464 x 
x 795.72908 x x 620.24629 66.98381 687.53956 380.59826 546.00745 x 910.29114 x 671.71112 x 929.1066 793.81214 592.00153 395.54397 1074.54611 770.36813 x 1023.49581 583.62688 852.23009 x 544.22454 691.65634 x x 1056.22261 687.36645 570.65713 667.02696 63.25532 x 877.87665 x 890.84435 x 350.33028 266.92469 x 395.74052 160.32364 967.08786 
x x x 620.24629 x x 995.88516 x 781.42749 627.29026 902.81558 778.51043 270.32369 837.86724 x 604.69442 747.79768 x 927.89904 x x x 421.10071 833.67156 949.28618 760.40176 183.6731 386.89936 522.77876 869.51425 331.45597 x x 593.69811 796.03412 263.95815 153.24454 x 385.74 316.92794 356.80205 214.21014 499.27714 573.60026 763.85453 
780.42078 857.28742 790.0249 66.98381 x x 741.7085 446.10565 608.44901 340.56005 976.67864 368.7658 725.8699 x 992.91076 x 657.00888 457.74685 x 809.53178 x x 646.75162 918.93758 840.36455 607.66124 739.30212 x 132.37449 1122.8573 744.65047 x 733.92936 130.23334 383.49287 916.12065 746.06474 931.84192 x 403.35416 298.13439 459.417 462.1767 131.09448 1033.24887 
x 204.68588 x 687.53956 995.88516 741.7085 x 376.34922 x 439.54851 462.8538 374.84881 830.73718 216.12544 788.20515 x 271.00766 605.61676 x 1066.52539 544.7276 617.07684 625.39968 455.81278 204.45171 237.51479 924.83306 x 761.75808 733.41491 791.36582 667.35037 x 637.84609 362.31576 x 962.65989 1140.30477 x 706.91105 803.46629 x x x x 
383.50812 428.53591 482.16582 380.59826 x 446.10565 376.34922 x 181.48436 107.21353 532.3129 x 522.11621 203.79413 635.98168 x 211.84547 243.96094 x x 616.95413 654.6597 340.26728 x 409.40788 172.22068 x 250.28706 420.43176 707.61455 x x x x 217.74992 828.98729 x 820.73411 445.85479 332.6977 x 560.93309 142.1863 514.28686 631.90781 
x 250.48006 529.09595 546.00745 781.42749 608.44901 x 181.48436 x 272.32031 405.59508 284.27244 x 155.64116 627.16917 468.24942 89.51285 392.90877 x 852.28924 x 548.20901 x 366.99835 232.58082 x 711.53507 412.34942 x 632.48285 584.03517 455.47053 291.85556 x 281.989 944.85732 x x 627.02577 499.29111 611.45597 732.87112 286.25135 x 579.12393 
461.46408 522.80023 551.28631 x 627.29026 340.56005 439.54851 107.21353 272.32031 x 639.47387 154.37723 560.61321 234.5295 722.66332 571.33241 x 259.22689 819.02365 x 724.16059 761.15412 402.96683 584.81924 x x x 245.73652 327.53706 x 551.4239 413.37835 418.95728 215.96014 170.7505 845.45261 647.19012 843.26186 376.46444 311.10005 x x 187.22088 417.03933 730.59957 
387.43779 x 482.47212 910.29114 902.81558 976.67864 462.8538 532.3129 405.59508 639.47387 x 688.44953 x 554.65253 418.38876 325.42496 329.94365 608.83858 237.36364 x 88.78276 x 485.63443 69.79698 260.47516 394.09683 758.84758 650.44412 x 279.46649 591.97147 537.04887 284.68589 847.5203 687.22781 959.6736 x x 913.05781 728.99671 886.12769 948.50101 x 1030.24768 286.63203 
420.50395 513.86907 688.36956 x 778.51043 368.7658 374.84881 x 284.27244 154.37723 688.44953 x 712.0822 x x x 360.38895 412.98194 893.8336 894.77086 x 826.40295 543.58713 644.95001 x 294.35465 775.38914 399.92808 408.40971 896.68105 699.27386 559.95228 x 278.12929 18.49491 999.79934 801.55676 997.55684 x x 493.94112 x 332.03889 478.79735 828.80872 
798.48869 761.58498 177.00208 671.71112 270.32369 725.8699 830.73718 522.11621 x 560.61321 x 712.0822 x 718.51079 369.83687 339.2099 562.59926 304.08078 658.25114 251.66025 686.89221 x 205.76923 584.42651 741.24707 595.67203 x x 608.17705 599.19322 61.97988 164.83077 399.60682 623.65717 726.52141 329.45195 151.31488 309.57434 498.92892 x 462.82463 407.44418 382.51887 x 493.57861 
x 356.04395 654.84885 x 837.86724 x 216.12544 203.79413 155.64116 234.5295 554.65253 x 718.51079 x 774.03911 614.25479 244.43551 447.71249 774.70774 931.81722 643.36088 700.97391 525.11922 520.62849 343.75675 175.21398 798.90934 451.5148 x x 692.20098 555.24184 x 422.52463 x 1031.2738 831.57009 x 610.52845 x x 749.70216 344.97448 627.77416 x 
727.67009 637.31949 216.17028 929.1066 x 992.91076 788.20515 635.98168 627.16917 722.66332 418.38876 x 369.83687 774.03911 x 159.81518 x 536.35748 318.91349 571.59171 409.2436 352.32313 346.71169 374.18958 x 603.65857 457.49093 581.25004 x 247.52859 313.02155 370.17957 336.26035 869.70594 850.40636 x 497.0648 557.59704 820.05009 620.29636 784.99554 x 544.60905 992.74659 154.28815 
x x 162.92552 793.81214 604.69442 x x x 468.24942 571.33241 325.42496 x 339.2099 614.25479 159.81518 x 382.11676 412.11509 328.95544 580.67336 349.44573 321.84363 x 264.87494 485.10527 444.49211 x 458.43496 776.05604 x 277.41737 269.93735 176.69231 732.52283 692.65349 634.99728 487.80476 600.75286 713.59746 x 680.40565 x 400.76041 872.80761 180.77763 
x 232.93345 455.36769 592.00153 747.79768 657.00888 271.00766 211.84547 89.51285 x 329.94365 360.38895 562.59926 244.43551 x 382.11676 x 372.85678 535.4282 x 417.57878 x 356.83032 284.61279 212.092 69.64065 659.90825 401.15761 629.83168 544.62101 x 401.36134 x 530.73797 360.70005 891.24572 x x 639.69835 488.79052 x 723.82068 x 725.05728 x 
596.33619 604.73262 332.80781 395.54397 x 457.74685 605.61676 243.96094 392.90877 259.22689 608.83858 412.98194 304.08078 447.71249 536.35748 412.11509 372.85678 x x 486.92923 677.01829 686.64446 189.64583 540.95576 583.64057 373.53952 x x 364.5884 689.25561 x x 327.53574 339.05075 428.55303 589.61948 390.13442 585.16945 x 121.25173 279.5807 352.85848 107.29881 460.76712 x 
624.73744 502.96775 482.64396 1074.54611 927.89904 x x x x 819.02365 237.36364 893.8336 658.25114 774.70774 318.91349 328.95544 535.4282 x x 883.03279 x 85.03442 553.65245 254.47627 497.82587 604.32728 x 767.07946 1075.77886 76.98075 x 597.12519 407.76116 1011.38874 x 917.47139 799.89091 876.25464 1029.69308 x 998.18111 1022.97549 x x 168.25571 
1040.36132 1010.70673 418.70861 770.36813 x 809.53178 1066.52539 x 852.28924 x x 894.77086 251.66025 931.81722 571.59171 580.67336 x 486.92923 883.03279 x 930.08841 896.37331 450.49379 x x 829.1311 145.74355 494.85857 x 816.68901 308.72357 402.83625 650.78988 x 911.33322 x x x 543.51992 442.28094 512.60002 376.92809 586.84423 734.12806 714.87094 
468.24144 x x x x x 544.7276 616.95413 x 724.16059 88.78276 x 686.89221 643.36088 409.2436 349.44573 417.57878 677.01829 x 930.08841 x 80.82644 538.3639 140.87223 340.51544 482.47198 792.86236 720.20104 x 223.09234 625.60703 588.22005 x 929.81594 775.7763 981.16102 836.70889 x 984.43727 x 956.16661 1008.25794 616.00402 x x 
x 418.70258 483.5272 1023.49581 x x 617.07684 654.6597 548.20901 761.15412 x 826.40295 x 700.97391 352.32313 321.84363 x 686.64446 85.03442 896.37331 80.82644 x 531.96015 181.58845 414.16298 533.8463 764.01915 731.46901 1032.36441 x x 579.14811 362.76243 960.24446 826.8323 940.02136 807.34834 901.2276 995.98382 x 965.9601 1004.46425 x 1131.20829 198.84528 
x x 149.52235 583.62688 421.10071 646.75162 625.39968 340.26728 x 402.96683 485.63443 543.58713 205.76923 525.11922 346.71169 x 356.83032 189.64583 553.65245 450.49379 538.3639 531.96015 x x 539.98939 391.61639 x 234.71913 553.13266 512.88548 168.40123 52.05942 208.83961 525.37342 555.64874 534.71508 346.30491 515.19844 483.59519 282.45179 450.14157 x x x 411.10185 
384.20081 274.11402 417.73192 852.23009 833.67156 918.93758 455.81278 x 366.99835 584.81924 69.79698 644.95001 584.42651 520.62849 374.18958 264.87494 284.61279 540.95576 254.47627 x 140.87223 181.58845 x x 263.34564 352.28793 691.81799 x 869.5672 278.18505 525.44712 x 215.42867 789.16936 645.25994 x 735.74091 863.65241 846.55116 660.68529 819.06397 879.04463 475.98629 968.09771 259.14255 
x x 604.79971 x 949.28618 840.36455 204.45171 409.40788 232.58082 x 260.47516 x 741.24707 343.75675 x 485.10527 212.092 583.64057 497.82587 x 340.51544 414.16298 539.98939 263.34564 x 237.40436 844.49486 x 829.236 x 691.6844 589.37266 345.38986 720.23068 493.3123 1069.79205 x x 849.13279 700.65116 830.30628 935.52403 485.25777 921.36555 521.70444 
223.02641 256.35379 x 544.22454 760.40176 607.66124 237.51479 172.22068 x x 394.09683 294.35465 595.67203 175.21398 603.65857 444.49211 69.64065 373.53952 604.32728 829.1311 482.47198 533.8463 391.61639 352.28793 237.40436 x 687.94093 x 591.85148 614.25596 559.34405 431.4033 267.91744 484.7526 x x 725.38077 904.92567 x x 598.8256 x 267.60411 684.39154 558.4877 
896.53734 865.03881 281.18029 691.65634 183.6731 739.30212 924.83306 x 711.53507 x 758.84758 775.38914 x 798.90934 457.49093 x 659.90825 x x 145.74355 792.86236 764.01915 x 691.81799 844.49486 687.94093 x 379.07466 613.45302 695.46786 167.39473 258.55046 505.23826 x x 233.58585 43.98004 223.28363 x x x 361.34359 455.49032 684.25284 590.95273 
617.62172 x 375.34692 x 386.89936 x x 250.28706 412.34942 245.73652 650.44412 399.92808 x 451.5148 581.25004 458.43496 401.15761 x 767.07946 494.85857 720.20104 731.46901 234.71913 x x x 379.07466 x 318.67508 x x 217.06684 371.06055 299.14007 416.48237 600.0067 402.58407 599.19009 x 87.78852 236.00033 322.93768 128.35121 414.54398 638.06106 
x 847.94536 x x 522.77876 132.37449 761.75808 420.43176 x 327.53706 x 408.40971 608.17705 x x 776.05604 629.83168 364.5884 1075.77886 x x 1032.36441 553.13266 869.5672 829.236 591.85148 613.45302 318.67508 x 1049.5828 x 530.70355 x 130.77859 425.90347 784.52654 617.83055 x 138.6443 288.2415 166.05153 328.13377 395.61469 98.84392 954.54689 
660.53435 543.8845 426.50755 1056.22261 869.51425 1122.8573 733.41491 707.61455 632.48285 x 279.46649 896.68105 599.19322 x 247.52859 x 544.62101 689.25561 76.98075 816.68901 223.09234 x 512.88548 278.18505 x 614.25596 695.46786 x 1049.5828 x 538.3064 552.7523 391.78723 993.48539 899.78148 846.955 736.91889 804.89057 994.70495 794.41586 962.05366 975.71741 x 1147.56253 x 
755.09333 711.68967 115.02522 687.36645 331.45597 744.65047 791.36582 x 584.03517 551.4239 591.97147 699.27386 61.97988 692.20098 313.02155 277.41737 x x x 308.72357 625.60703 x 168.40123 525.44712 691.6844 559.34405 167.39473 x x 538.3064 x x 347.37459 x 712.68012 378.69676 211.34134 353.73936 x 344.36638 x 457.14106 367.23867 x 432.5044 
637.98746 610.1945 x 570.65713 x x 667.35037 x 455.47053 413.37835 537.04887 559.95228 164.83077 555.24184 370.17957 269.93735 401.36134 x 597.12519 402.83625 588.22005 579.14811 52.05942 x 589.37266 431.4033 258.55046 217.06684 530.70355 552.7523 x x 260.85938 514.93343 573.20248 x 298.42423 x 450.93703 250.33391 416.39673 426.2292 227.96398 x x 
421.51939 365.02141 260.88388 667.02696 x 733.92936 x x 291.85556 418.95728 284.68589 x 399.60682 x 336.26035 176.69231 x 327.53574 407.76116 650.78988 x 362.76243 208.83961 215.42867 345.38986 267.91744 505.23826 371.06055 x 391.78723 347.37459 260.85938 x 603.94564 x x 548.10542 x x 446.13312 606.8741 663.84969 x x x 
669.39534 737.9495 671.53595 63.25532 593.69811 130.23334 637.84609 x x 215.96014 847.5203 278.12929 623.65717 422.52463 869.70594 732.52283 530.73797 339.05075 1011.38874 x 929.81594 960.24446 525.37342 789.16936 720.23068 484.7526 x 299.14007 130.77859 993.48539 x 514.93343 603.94564 x 295.43793 x x 856.15795 238.45034 x 251.84927 x 333.41233 205.64073 x 
410.25636 506.62862 x x 796.03412 383.49287 362.31576 217.74992 281.989 170.7505 687.22781 18.49491 726.52141 x 850.40636 692.65349 360.70005 428.55303 x 911.33322 775.7763 826.8323 555.64874 645.25994 493.3123 x x 416.48237 425.90347 899.78148 712.68012 573.20248 x 295.43793 x 1016.13323 817.64628 1013.45664 511.63411 479.13855 512.43261 673.59584 345.52618 x x 
1127.52975 x 478.63152 877.87665 263.95815 916.12065 x 828.98729 944.85732 845.45261 959.6736 999.79934 329.45195 1031.2738 x 634.99728 891.24572 589.61948 917.47139 x 981.16102 940.02136 534.71508 x 1069.79205 x 233.58585 600.0067 784.52654 846.955 378.69676 x x x 1016.13323 x x 48.2751 648.71622 549.83726 618.56014 476.33229 686.83266 x 749.93793 
935.99153 906.78413 324.87999 x 153.24454 746.06474 962.65989 x x 647.19012 x 801.55676 151.31488 831.57009 497.0648 487.80476 x 390.13442 799.89091 x 836.70889 807.34834 346.30491 735.74091 x 725.38077 43.98004 402.58407 617.83055 736.91889 211.34134 298.42423 548.10542 x 817.64628 x x x x 359.91394 455.72504 347.19347 486.96732 683.80083 x 
1107.37582 1065.08955 447.7809 890.84435 x 931.84192 1140.30477 820.73411 x 843.26186 x 997.55684 309.57434 x 557.59704 600.75286 x 585.16945 876.25464 x x 901.2276 515.19844 863.65241 x 904.92567 223.28363 599.19009 x 804.89057 353.73936 x x 856.15795 1013.45664 48.2751 x x 667.38217 555.22678 x x 678.67499 858.66541 709.29795 
828.74933 869.20607 x x 385.74 x x 445.85479 627.02577 376.46444 913.05781 x 498.92892 610.52845 820.05009 713.59746 639.69835 x 1029.69308 543.51992 984.43727 995.98382 483.59519 846.55116 849.13279 x x x 138.6443 994.70495 x 450.93703 x 238.45034 511.63411 648.71622 x 667.38217 x 201.26426 36.14693 x x 194.61598 x 
704.79286 721.60845 406.33296 350.33028 316.92794 403.35416 706.91105 332.6977 499.29111 311.10005 728.99671 x x x 620.29636 x 488.79052 121.25173 x 442.28094 x x 282.45179 660.68529 700.65116 x x 87.78852 288.2415 794.41586 344.36638 250.33391 446.13312 x 479.13855 549.83726 359.91394 555.22678 201.26426 x 167.73139 235.15559 216.13951 x x 
814.82509 x 569.55653 266.92469 356.80205 298.13439 803.46629 x 611.45597 x 886.12769 493.94112 462.82463 x 784.99554 680.40565 x 279.5807 998.18111 512.60002 956.16661 965.9601 450.14157 819.06397 830.30628 598.8256 x 236.00033 166.05153 962.05366 x 416.39673 606.8741 251.84927 512.43261 618.56014 455.72504 x 36.14693 167.73139 x 171.53532 351.89181 229.48408 861.17567 
938.56635 956.52334 555.28869 x 214.21014 459.417 x 560.93309 732.87112 x 948.50101 x 407.44418 749.70216 x x 723.82068 352.85848 1022.97549 376.92809 1008.25794 1004.46425 x 879.04463 935.52403 x 361.34359 322.93768 328.13377 975.71741 457.14106 426.2292 663.84969 x 673.59584 476.33229 347.19347 x x 235.15559 171.53532 x 451.28636 364.87921 870.50256 
490.6298 506.11141 x 395.74052 499.27714 462.1767 x 142.1863 286.25135 187.22088 x 332.03889 382.51887 344.97448 544.60905 400.76041 x 107.29881 x 586.84423 616.00402 x x 475.98629 485.25777 267.60411 455.49032 128.35121 395.61469 x 367.23867 227.96398 x 333.41233 345.52618 686.83266 486.96732 678.67499 x 216.13951 351.89181 451.28636 x 494.45533 571.53833 
874.6653 939.64818 781.05464 160.32364 573.60026 131.09448 x 514.28686 x 417.03933 1030.24768 478.79735 x 627.77416 992.74659 872.80761 725.05728 460.76712 x 734.12806 x 1131.20829 x 968.09771 921.36555 684.39154 684.25284 414.54398 98.84392 1147.56253 x x x 205.64073 x x 683.80083 858.66541 194.61598 x 229.48408 364.87921 494.45533 x 1051.85354 
638.90744 x x 967.08786 763.85453 1033.24887 x 631.90781 579.12393 730.59957 286.63203 828.80872 493.57861 x 154.28815 180.77763 x x 168.25571 714.87094 x 198.84528 411.10185 259.14255 521.70444 558.4877 590.95273 638.06106 954.54689 x 432.5044 x x x x 749.93793 x 709.29795 x x 861.17567 870.50256 571.53833 1051.85354 x 
