50
25
0 1 2 3 4 5 6 7 8 9 10 11 12 13 14 15 16 17 18 19 20 21 22 23 24 25 26 27 28 29 30 31 32 33 34 35 36 37 38 39 40 41 42 43 44 45 46 47 48 49
48 19 43 47 1 11 29 8 39 3 40 16 26 18 27 38 12 2 21 35 5 36 17 32 45
37
x 1000000000.0000 1000000000.0000 1000000000.0000 1000000000.0000 1000000000.0000 1000000000.0000 1000000000.0000 1000000000.0000 1000000000.0000 1000000000.0000 1000000000.0000 1000000000.0000 1000000000.0000 1000000000.0000 1000000000.0000 1000000000.0000 1000000000.0000 1000000000.0000 1000000000.0000 1000000000.0000 1000000000.0000 1000000000.0000 1000000000.0000 1000000000.0000 1000000000.0000 1000000000.0000 1000000000.0000 1000000000.0000 1000000000.0000 1000000000.0000 1000000000.0000 1000000000.0000 1000000000.0000 1000000000.0000 1000000000.0000 1000000000.0000 1000000000.0000 1000000000.0000 1000000000.0000 1000000000.0000 1000000000.0000 1000000000.0000 1000000000.0000 1000000000.0000 1000000000.0000 1000000000.0000 1000000000.0000 1000000000.0000 1000000000.0000
1000000000.0000 x 1000000000.0000 1000000000.0000 1000000000.0000 1000000000.0000 1000000000.0000 1000000000.0000 1000000000.0000 1000000000.0000 1000000000.0000 1000000000.0000 1000000000.0000 1000000000.0000 1000000000.0000 1000000000.0000 1000000000.0000 1000000000.0000 1000000000.0000 1000000000.0000 1000000000.0000 1000000000.0000 1000000000.0000 1000000000.0000 1000000000.0000 1000000000.0000 1000000000.0000 1000000000.0000 1000000000.0000 1000000000.0000 1000000000.0000 1000000000.0000 1000000000.0000 1000000000.0000 1000000000.0000 1000000000.0000 1000000000.0000 1000000000.0000 1000000000.0000 1000000000.0000 1000000000.0000 1000000000.0000 1000000000.0000 1000000000.0000 1000000000.0000 1000000000.0000 1000000000.0000 1000000000.0000 1000000000.0000 1000000000.0000
1000000000.0000 1000000000.0000 x 1000000000.0000 1000000000.0000 1000000000.0000 1000000000.0000 1000000000.0000 1000000000.0000 1000000000.0000 1000000000.0000 1000000000.0000 1000000000.0000 1000000000.0000 1000000000.0000 1000000000.0000 1000000000.0000 1000000000.0000 1000000000.0000 1000000000.0000 1000000000.0000 1000000000.0000 1000000000.0000 1000000000.0000 1000000000.0000 1000000000.0000 1000000000.0000 1000000000.0000 1000000000.0000 1000000000.0000 1000000000.0000 1000000000.0000 1000000000.0000 1000000000.0000 1000000000.0000 1000000000.0000 1000000000.0000 1000000000.0000 1000000000.0000 1000000000.0000 1000000000.0000 1000000000.0000 1000000000.0000 1000000000.0000 1000000000.0000 1000000000.0000 1000000000.0000 1000000000.0000 1000000000.0000 1000000000.0000
1000000000.0000 1000000000.0000 1000000000.0000 x 1000000000.0000 1000000000.0000 1000000000.0000 1000000000.0000 1000000000.0000 1000000000.0000 1000000000.0000 1000000000.0000 1000000000.0000 1000000000.0000 1000000000.0000 1000000000.0000 1000000000.0000 1000000000.0000 1000000000.0000 1000000000.0000 1000000000.0000 1000000000.0000 1000000000.0000 1000000000.0000 1000000000.0000 1000000000.0000 1000000000.0000 1000000000.0000 1000000000.0000 1000000000.0000 1000000000.0000 1000000000.0000 1000000000.0000 1000000000.0000 1000000000.0000 1000000000.0000 1000000000.0000 1000000000.0000 1000000000.0000 1000000000.0000 1000000000.0000 1000000000.0000 1000000000.0000 1000000000.0000 1000000000.0000 1000000000.0000 1000000000.0000 1000000000.0000 1000000000.0000 1000000000.0000
1000000000.0000 1000000000.0000 1000000000.0000 1000000000.0000 x 1000000000.0000 1000000000.0000 1000000000.0000 1000000000.0000 1000000000.0000 1000000000.0000 1000000000.0000 1000000000.0000 1000000000.0000 1000000000.0000 1000000000.0000 1000000000.0000 1000000000.0000 1000000000.0000 1000000000.0000 1000000000.0000 1000000000.0000 1000000000.0000 1000000000.0000 1000000000.0000 1000000000.0000 1000000000.0000 1000000000.0000 1000000000.0000 1000000000.0000 1000000000.0000 1000000000.0000 1000000000.0000 1000000000.0000 1000000000.0000 1000000000.0000 1000000000.0000 1000000000.0000 1000000000.0000 1000000000.0000 1000000000.0000 1000000000.0000 1000000000.0000 1000000000.0000 1000000000.0000 1000000000.0000 1000000000.0000 1000000000.0000 1000000000.0000 1000000000.0000
1000000000.0000 1000000000.0000 1000000000.0000 1000000000.0000 1000000000.0000 x 1000000000.0000 1000000000.0000 1000000000.0000 1000000000.0000 1000000000.0000 1000000000.0000 1000000000.0000 1000000000.0000 1000000000.0000 1000000000.0000 1000000000.0000 1000000000.0000 1000000000.0000 1000000000.0000 1000000000.0000 1000000000.0000 1000000000.0000 1000000000.0000 1000000000.0000 1000000000.0000 1000000000.0000 1000000000.0000 1000000000.0000 1000000000.0000 1000000000.0000 1000000000.0000 1000000000.0000 1000000000.0000 1000000000.0000 1000000000.0000 1000000000.0000 1000000000.0000 1000000000.0000 1000000000.0000 1000000000.0000 1000000000.0000 1000000000.0000 1000000000.0000 1000000000.0000 1000000000.0000 1000000000.0000 1000000000.0000 1000000000.0000 1000000000.0000
1000000000.0000 1000000000.0000 1000000000.0000 1000000000.0000 1000000000.0000 1000000000.0000 x 1000000000.0000 1000000000.0000 1000000000.0000 1000000000.0000 1000000000.0000 1000000000.0000 1000000000.0000 1000000000.0000 1000000000.0000 1000000000.0000 1000000000.0000 1000000000.0000 1000000000.0000 1000000000.0000 1000000000.0000 1000000000.0000 1000000000.0000 1000000000.0000 1000000000.0000 1000000000.0000 1000000000.0000 1000000000.0000 1000000000.0000 1000000000.0000 1000000000.0000 1000000000.0000 1000000000.0000 1000000000.0000 1000000000.0000 1000000000.0000 1000000000.0000 1000000000.0000 1000000000.0000 1000000000.0000 1000000000.0000 1000000000.0000 1000000000.0000 1000000000.0000 1000000000.0000 1000000000.0000 1000000000.0000 1000000000.0000 1000000000.0000
1000000000.0000 1000000000.0000 1000000000.0000 1000000000.0000 1000000000.0000 1000000000.0000 1000000000.0000 x 1000000000.0000 1000000000.0000 1000000000.0000 1000000000.0000 1000000000.0000 1000000000.0000 1000000000.0000 1000000000.0000 1000000000.0000 1000000000.0000 1000000000.0000 1000000000.0000 1000000000.0000 1000000000.0000 1000000000.0000 1000000000.0000 1000000000.0000 1000000000.0000 1000000000.0000 1000000000.0000 1000000000.0000 1000000000.0000 1000000000.0000 1000000000.0000 1000000000.0000 1000000000.0000 1000000000.0000 1000000000.0000 1000000000.0000 1000000000.0000 1000000000.0000 1000000000.0000 1000000000.0000 1000000000.0000 1000000000.0000 1000000000.0000 1000000000.0000 1000000000.0000 1000000000.0000 1000000000.0000 1000000000.0000 1000000000.0000
1000000000.0000 1000000000.0000 1000000000.0000 1000000000.0000 1000000000.0000 1000000000.0000 1000000000.0000 1000000000.0000 x 1000000000.0000 1000000000.0000 1000000000.0000 1000000000.0000 1000000000.0000 1000000000.0000 1000000000.0000 1000000000.0000 1000000000.0000 1000000000.0000 1000000000.0000 1000000000.0000 1000000000.0000 1000000000.0000 1000000000.0000 1000000000.0000 1000000000.0000 1000000000.0000 1000000000.0000 1000000000.0000 1000000000.0000 1000000000.0000 1000000000.0000 1000000000.0000 1000000000.0000 1000000000.0000 1000000000.0000 1000000000.0000 1000000000.0000 1000000000.0000 1000000000.0000 1000000000.0000 1000000000.0000 1000000000.0000 1000000000.0000 1000000000.0000 1000000000.0000 1000000000.0000 1000000000.0000 1000000000.0000 1000000000.0000
1000000000.0000 1000000000.0000 1000000000.0000 1000000000.0000 1000000000.0000 1000000000.0000 1000000000.0000 1000000000.0000 1000000000.0000 x 1000000000.0000 1000000000.0000 1000000000.0000 1000000000.0000 1000000000.0000 1000000000.0000 1000000000.0000 1000000000.0000 1000000000.0000 1000000000.0000 1000000000.0000 1000000000.0000 1000000000.0000 1000000000.0000 1000000000.0000 1000000000.0000 1000000000.0000 1000000000.0000 1000000000.0000 1000000000.0000 1000000000.0000 1000000000.0000 1000000000.0000 1000000000.0000 1000000000.0000 1000000000.0000 1000000000.0000 1000000000.0000 1000000000.0000 1000000000.0000 1000000000.0000 1000000000.0000 1000000000.0000 1000000000.0000 1000000000.0000 1000000000.0000 1000000000.0000 1000000000.0000 1000000000.0000 1000000000.0000
1000000000.0000 1000000000.0000 1000000000.0000 1000000000.0000 1000000000.0000 1000000000.0000 1000000000.0000 1000000000.0000 1000000000.0000 1000000000.0000 x 1000000000.0000 1000000000.0000 1000000000.0000 1000000000.0000 1000000000.0000 1000000000.0000 1000000000.0000 1000000000.0000 1000000000.0000 1000000000.0000 1000000000.0000 1000000000.0000 1000000000.0000 1000000000.0000 1000000000.0000 1000000000.0000 1000000000.0000 1000000000.0000 1000000000.0000 1000000000.0000 1000000000.0000 1000000000.0000 1000000000.0000 1000000000.0000 1000000000.0000 1000000000.0000 1000000000.0000 1000000000.0000 1000000000.0000 1000000000.0000 1000000000.0000 1000000000.0000 1000000000.0000 1000000000.0000 1000000000.0000 1000000000.0000 1000000000.0000 1000000000.0000 1000000000.0000
1000000000.0000 1000000000.0000 1000000000.0000 1000000000.0000 1000000000.0000 1000000000.0000 1000000000.0000 1000000000.0000 1000000000.0000 1000000000.0000 1000000000.0000 x 1000000000.0000 1000000000.0000 1000000000.0000 1000000000.0000 1000000000.0000 1000000000.0000 1000000000.0000 1000000000.0000 1000000000.0000 1000000000.0000 1000000000.0000 1000000000.0000 1000000000.0000 1000000000.0000 1000000000.0000 1000000000.0000 1000000000.0000 1000000000.0000 1000000000.0000 1000000000.0000 1000000000.0000 1000000000.0000 1000000000.0000 1000000000.0000 1000000000.0000 1000000000.0000 1000000000.0000 1000000000.0000 1000000000.0000 1000000000.0000 1000000000.0000 1000000000.0000 1000000000.0000 1000000000.0000 1000000000.0000 1000000000.0000 1000000000.0000 1000000000.0000
1000000000.0000 1000000000.0000 1000000000.0000 1000000000.0000 1000000000.0000 1000000000.0000 1000000000.0000 1000000000.0000 1000000000.0000 1000000000.0000 1000000000.0000 1000000000.0000 x 1000000000.0000 1000000000.0000 1000000000.0000 1000000000.0000 1000000000.0000 1000000000.0000 1000000000.0000 1000000000.0000 1000000000.0000 1000000000.0000 1000000000.0000 1000000000.0000 1000000000.0000 1000000000.0000 1000000000.0000 1000000000.0000 1000000000.0000 1000000000.0000 1000000000.0000 1000000000.0000 1000000000.0000 1000000000.0000 1000000000.0000 1000000000.0000 1000000000.0000 1000000000.0000 1000000000.0000 1000000000.0000 1000000000.0000 1000000000.0000 1000000000.0000 1000000000.0000 1000000000.0000 1000000000.0000 1000000000.0000 1000000000.0000 1000000000.0000
1000000000.0000 1000000000.0000 1000000000.0000 1000000000.0000 1000000000.0000 1000000000.0000 1000000000.0000 1000000000.0000 1000000000.0000 1000000000.0000 1000000000.0000 1000000000.0000 1000000000.0000 x 1000000000.0000 1000000000.0000 1000000000.0000 1000000000.0000 1000000000.0000 1000000000.0000 1000000000.0000 1000000000.0000 1000000000.0000 1000000000.0000 1000000000.0000 1000000000.0000 1000000000.0000 1000000000.0000 1000000000.0000 1000000000.0000 1000000000.0000 1000000000.0000 1000000000.0000 1000000000.0000 1000000000.0000 1000000000.0000 1000000000.0000 1000000000.0000 1000000000.0000 1000000000.0000 1000000000.0000 1000000000.0000 1000000000.0000 1000000000.0000 1000000000.0000 1000000000.0000 1000000000.0000 1000000000.0000 1000000000.0000 1000000000.0000
1000000000.0000 1000000000.0000 1000000000.0000 1000000000.0000 1000000000.0000 1000000000.0000 1000000000.0000 1000000000.0000 1000000000.0000 1000000000.0000 1000000000.0000 1000000000.0000 1000000000.0000 1000000000.0000 x 1000000000.0000 1000000000.0000 1000000000.0000 1000000000.0000 1000000000.0000 1000000000.0000 1000000000.0000 1000000000.0000 1000000000.0000 1000000000.0000 1000000000.0000 1000000000.0000 1000000000.0000 1000000000.0000 1000000000.0000 1000000000.0000 1000000000.0000 1000000000.0000 1000000000.0000 1000000000.0000 1000000000.0000 1000000000.0000 1000000000.0000 1000000000.0000 1000000000.0000 1000000000.0000 1000000000.0000 1000000000.0000 1000000000.0000 1000000000.0000 1000000000.0000 1000000000.0000 1000000000.0000 1000000000.0000 1000000000.0000
1000000000.0000 1000000000.0000 1000000000.0000 1000000000.0000 1000000000.0000 1000000000.0000 1000000000.0000 1000000000.0000 1000000000.0000 1000000000.0000 1000000000.0000 1000000000.0000 1000000000.0000 1000000000.0000 1000000000.0000 x 1000000000.0000 1000000000.0000 1000000000.0000 1000000000.0000 1000000000.0000 1000000000.0000 1000000000.0000 1000000000.0000 1000000000.0000 1000000000.0000 1000000000.0000 1000000000.0000 1000000000.0000 1000000000.0000 1000000000.0000 1000000000.0000 1000000000.0000 1000000000.0000 1000000000.0000 1000000000.0000 1000000000.0000 1000000000.0000 1000000000.0000 1000000000.0000 1000000000.0000 1000000000.0000 1000000000.0000 1000000000.0000 1000000000.0000 1000000000.0000 1000000000.0000 1000000000.0000 1000000000.0000 1000000000.0000
1000000000.0000 1000000000.0000 1000000000.0000 1000000000.0000 1000000000.0000 1000000000.0000 1000000000.0000 1000000000.0000 1000000000.0000 1000000000.0000 1000000000.0000 1000000000.0000 1000000000.0000 1000000000.0000 1000000000.0000 1000000000.0000 x 1000000000.0000 1000000000.0000 1000000000.0000 1000000000.0000 1000000000.0000 1000000000.0000 1000000000.0000 1000000000.0000 1000000000.0000 1000000000.0000 1000000000.0000 1000000000.0000 1000000000.0000 1000000000.0000 1000000000.0000 1000000000.0000 1000000000.0000 1000000000.0000 1000000000.0000 1000000000.0000 1000000000.0000 1000000000.0000 1000000000.0000 1000000000.0000 1000000000.0000 1000000000.0000 1000000000.0000 1000000000.0000 1000000000.0000 1000000000.0000 1000000000.0000 1000000000.0000 1000000000.0000
1000000000.0000 1000000000.0000 1000000000.0000 1000000000.0000 1000000000.0000 1000000000.0000 1000000000.0000 1000000000.0000 1000000000.0000 1000000000.0000 1000000000.0000 1000000000.0000 1000000000.0000 1000000000.0000 1000000000.0000 1000000000.0000 1000000000.0000 x 1000000000.0000 1000000000.0000 1000000000.0000 1000000000.0000 1000000000.0000 1000000000.0000 1000000000.0000 1000000000.0000 1000000000.0000 1000000000.0000 1000000000.0000 1000000000.0000 1000000000.0000 1000000000.0000 1000000000.0000 1000000000.0000 1000000000.0000 1000000000.0000 1000000000.0000 1000000000.0000 1000000000.0000 1000000000.0000 1000000000.0000 1000000000.0000 1000000000.0000 1000000000.0000 1000000000.0000 1000000000.0000 1000000000.0000 1000000000.0000 1000000000.0000 1000000000.0000
1000000000.0000 1000000000.0000 1000000000.0000 1000000000.0000 1000000000.0000 1000000000.0000 1000000000.0000 1000000000.0000 1000000000.0000 1000000000.0000 1000000000.0000 1000000000.0000 1000000000.0000 1000000000.0000 1000000000.0000 1000000000.0000 1000000000.0000 1000000000.0000 x 1000000000.0000 1000000000.0000 1000000000.0000 1000000000.0000 1000000000.0000 1000000000.0000 1000000000.0000 1000000000.0000 1000000000.0000 1000000000.0000 1000000000.0000 1000000000.0000 1000000000.0000 1000000000.0000 1000000000.0000 1000000000.0000 1000000000.0000 1000000000.0000 1000000000.0000 1000000000.0000 1000000000.0000 1000000000.0000 1000000000.0000 1000000000.0000 1000000000.0000 1000000000.0000 1000000000.0000 1000000000.0000 1000000000.0000 1000000000.0000 1000000000.0000
1000000000.0000 1000000000.0000 1000000000.0000 1000000000.0000 1000000000.0000 1000000000.0000 1000000000.0000 1000000000.0000 1000000000.0000 1000000000.0000 1000000000.0000 1000000000.0000 1000000000.0000 1000000000.0000 1000000000.0000 1000000000.0000 1000000000.0000 1000000000.0000 1000000000.0000 x 1000000000.0000 1000000000.0000 1000000000.0000 1000000000.0000 1000000000.0000 1000000000.0000 1000000000.0000 1000000000.0000 1000000000.0000 1000000000.0000 1000000000.0000 1000000000.0000 1000000000.0000 1000000000.0000 1000000000.0000 1000000000.0000 1000000000.0000 1000000000.0000 1000000000.0000 1000000000.0000 1000000000.0000 1000000000.0000 1000000000.0000 1000000000.0000 1000000000.0000 1000000000.0000 1000000000.0000 1000000000.0000 1000000000.0000 1000000000.0000
1000000000.0000 1000000000.0000 1000000000.0000 1000000000.0000 1000000000.0000 1000000000.0000 1000000000.0000 1000000000.0000 1000000000.0000 1000000000.0000 1000000000.0000 1000000000.0000 1000000000.0000 1000000000.0000 1000000000.0000 1000000000.0000 1000000000.0000 1000000000.0000 1000000000.0000 1000000000.0000 x 1000000000.0000 1000000000.0000 1000000000.0000 1000000000.0000 1000000000.0000 1000000000.0000 1000000000.0000 1000000000.0000 1000000000.0000 1000000000.0000 1000000000.0000 1000000000.0000 1000000000.0000 1000000000.0000 1000000000.0000 1000000000.0000 1000000000.0000 1000000000.0000 1000000000.0000 1000000000.0000 1000000000.0000 1000000000.0000 1000000000.0000 1000000000.0000 1000000000.0000 1000000000.0000 1000000000.0000 1000000000.0000 1000000000.0000
1000000000.0000 1000000000.0000 1000000000.0000 1000000000.0000 1000000000.0000 1000000000.0000 1000000000.0000 1000000000.0000 1000000000.0000 1000000000.0000 1000000000.0000 1000000000.0000 1000000000.0000 1000000000.0000 1000000000.0000 1000000000.0000 1000000000.0000 1000000000.0000 1000000000.0000 1000000000.0000 1000000000.0000 x 1000000000.0000 1000000000.0000 1000000000.0000 1000000000.0000 1000000000.0000 1000000000.0000 1000000000.0000 1000000000.0000 1000000000.0000 1000000000.0000 1000000000.0000 1000000000.0000 1000000000.0000 1000000000.0000 1000000000.0000 1000000000.0000 1000000000.0000 1000000000.0000 1000000000.0000 1000000000.0000 1000000000.0000 1000000000.0000 1000000000.0000 1000000000.0000 1000000000.0000 1000000000.0000 1000000000.0000 1000000000.0000
1000000000.0000 1000000000.0000 1000000000.0000 1000000000.0000 1000000000.0000 1000000000.0000 1000000000.0000 1000000000.0000 1000000000.0000 1000000000.0000 1000000000.0000 1000000000.0000 1000000000.0000 1000000000.0000 1000000000.0000 1000000000.0000 1000000000.0000 1000000000.0000 1000000000.0000 1000000000.0000 1000000000.0000 1000000000.0000 x 1000000000.0000 1000000000.0000 1000000000.0000 1000000000.0000 1000000000.0000 1000000000.0000 1000000000.0000 1000000000.0000 1000000000.0000 1000000000.0000 1000000000.0000 1000000000.0000 1000000000.0000 1000000000.0000 1000000000.0000 1000000000.0000 1000000000.0000 1000000000.0000 1000000000.0000 1000000000.0000 1000000000.0000 1000000000.0000 1000000000.0000 1000000000.0000 1000000000.0000 1000000000.0000 1000000000.0000
1000000000.0000 1000000000.0000 1000000000.0000 1000000000.0000 1000000000.0000 1000000000.0000 1000000000.0000 1000000000.0000 1000000000.0000 1000000000.0000 1000000000.0000 1000000000.0000 1000000000.0000 1000000000.0000 1000000000.0000 1000000000.0000 1000000000.0000 1000000000.0000 1000000000.0000 1000000000.0000 1000000000.0000 1000000000.0000 1000000000.0000 x 1000000000.0000 1000000000.0000 1000000000.0000 1000000000.0000 1000000000.0000 1000000000.0000 1000000000.0000 1000000000.0000 1000000000.0000 1000000000.0000 1000000000.0000 1000000000.0000 1000000000.0000 1000000000.0000 1000000000.0000 1000000000.0000 1000000000.0000 1000000000.0000 1000000000.0000 1000000000.0000 1000000000.0000 1000000000.0000 1000000000.0000 1000000000.0000 1000000000.0000 1000000000.0000
1000000000.0000 1000000000.0000 1000000000.0000 1000000000.0000 1000000000.0000 1000000000.0000 1000000000.0000 1000000000.0000 1000000000.0000 1000000000.0000 1000000000.0000 1000000000.0000 1000000000.0000 1000000000.0000 1000000000.0000 1000000000.0000 1000000000.0000 1000000000.0000 1000000000.0000 1000000000.0000 1000000000.0000 1000000000.0000 1000000000.0000 1000000000.0000 x 1000000000.0000 1000000000.0000 1000000000.0000 1000000000.0000 1000000000.0000 1000000000.0000 1000000000.0000 1000000000.0000 1000000000.0000 1000000000.0000 1000000000.0000 1000000000.0000 1000000000.0000 1000000000.0000 1000000000.0000 1000000000.0000 1000000000.0000 1000000000.0000 1000000000.0000 1000000000.0000 1000000000.0000 1000000000.0000 1000000000.0000 1000000000.0000 1000000000.0000
1000000000.0000 1000000000.0000 1000000000.0000 1000000000.0000 1000000000.0000 1000000000.0000 1000000000.0000 1000000000.0000 1000000000.0000 1000000000.0000 1000000000.0000 1000000000.0000 1000000000.0000 1000000000.0000 1000000000.0000 1000000000.0000 1000000000.0000 1000000000.0000 1000000000.0000 1000000000.0000 1000000000.0000 1000000000.0000 1000000000.0000 1000000000.0000 1000000000.0000 x 1000000000.0000 1000000000.0000 1000000000.0000 1000000000.0000 1000000000.0000 1000000000.0000 1000000000.0000 1000000000.0000 1000000000.0000 1000000000.0000 1000000000.0000 1000000000.0000 1000000000.0000 1000000000.0000 1000000000.0000 1000000000.0000 1000000000.0000 1000000000.0000 1000000000.0000 1000000000.0000 1000000000.0000 1000000000.0000 1000000000.0000 1000000000.0000
1000000000.0000 1000000000.0000 1000000000.0000 1000000000.0000 1000000000.0000 1000000000.0000 1000000000.0000 1000000000.0000 1000000000.0000 1000000000.0000 1000000000.0000 1000000000.0000 1000000000.0000 1000000000.0000 1000000000.0000 1000000000.0000 1000000000.0000 1000000000.0000 1000000000.0000 1000000000.0000 1000000000.0000 1000000000.0000 1000000000.0000 1000000000.0000 1000000000.0000 1000000000.0000 x 1000000000.0000 1000000000.0000 1000000000.0000 1000000000.0000 1000000000.0000 1000000000.0000 1000000000.0000 1000000000.0000 1000000000.0000 1000000000.0000 1000000000.0000 1000000000.0000 1000000000.0000 1000000000.0000 1000000000.0000 1000000000.0000 1000000000.0000 1000000000.0000 1000000000.0000 1000000000.0000 1000000000.0000 1000000000.0000 1000000000.0000
1000000000.0000 1000000000.0000 1000000000.0000 1000000000.0000 1000000000.0000 1000000000.0000 1000000000.0000 1000000000.0000 1000000000.0000 1000000000.0000 1000000000.0000 1000000000.0000 1000000000.0000 1000000000.0000 1000000000.0000 1000000000.0000 1000000000.0000 1000000000.0000 1000000000.0000 1000000000.0000 1000000000.0000 1000000000.0000 1000000000.0000 1000000000.0000 1000000000.0000 1000000000.0000 1000000000.0000 x 1000000000.0000 1000000000.0000 1000000000.0000 1000000000.0000 1000000000.0000 1000000000.0000 1000000000.0000 1000000000.0000 1000000000.0000 1000000000.0000 1000000000.0000 1000000000.0000 1000000000.0000 1000000000.0000 1000000000.0000 1000000000.0000 1000000000.0000 1000000000.0000 1000000000.0000 1000000000.0000 1000000000.0000 1000000000.0000
1000000000.0000 1000000000.0000 1000000000.0000 1000000000.0000 1000000000.0000 1000000000.0000 1000000000.0000 1000000000.0000 1000000000.0000 1000000000.0000 1000000000.0000 1000000000.0000 1000000000.0000 1000000000.0000 1000000000.0000 1000000000.0000 1000000000.0000 1000000000.0000 1000000000.0000 1000000000.0000 1000000000.0000 1000000000.0000 1000000000.0000 1000000000.0000 1000000000.0000 1000000000.0000 1000000000.0000 1000000000.0000 x 1000000000.0000 1000000000.0000 1000000000.0000 1000000000.0000 1000000000.0000 1000000000.0000 1000000000.0000 1000000000.0000 1000000000.0000 1000000000.0000 1000000000.0000 1000000000.0000 1000000000.0000 1000000000.0000 1000000000.0000 1000000000.0000 1000000000.0000 1000000000.0000 1000000000.0000 1000000000.0000 1000000000.0000
1000000000.0000 1000000000.0000 1000000000.0000 1000000000.0000 1000000000.0000 1000000000.0000 1000000000.0000 1000000000.0000 1000000000.0000 1000000000.0000 1000000000.0000 1000000000.0000 1000000000.0000 1000000000.0000 1000000000.0000 1000000000.0000 1000000000.0000 1000000000.0000 1000000000.0000 1000000000.0000 1000000000.0000 1000000000.0000 1000000000.0000 1000000000.0000 1000000000.0000 1000000000.0000 1000000000.0000 1000000000.0000 1000000000.0000 x 1000000000.0000 1000000000.0000 1000000000.0000 1000000000.0000 1000000000.0000 1000000000.0000 1000000000.0000 1000000000.0000 1000000000.0000 1000000000.0000 1000000000.0000 1000000000.0000 1000000000.0000 1000000000.0000 1000000000.0000 1000000000.0000 1000000000.0000 1000000000.0000 1000000000.0000 1000000000.0000
1000000000.0000 1000000000.0000 1000000000.0000 1000000000.0000 1000000000.0000 1000000000.0000 1000000000.0000 1000000000.0000 1000000000.0000 1000000000.0000 1000000000.0000 1000000000.0000 1000000000.0000 1000000000.0000 1000000000.0000 1000000000.0000 1000000000.0000 1000000000.0000 1000000000.0000 1000000000.0000 1000000000.0000 1000000000.0000 1000000000.0000 1000000000.0000 1000000000.0000 1000000000.0000 1000000000.0000 1000000000.0000 1000000000.0000 1000000000.0000 x 1000000000.0000 1000000000.0000 1000000000.0000 1000000000.0000 1000000000.0000 1000000000.0000 1000000000.0000 1000000000.0000 1000000000.0000 1000000000.0000 1000000000.0000 1000000000.0000 1000000000.0000 1000000000.0000 1000000000.0000 1000000000.0000 1000000000.0000 1000000000.0000 1000000000.0000
1000000000.0000 1000000000.0000 1000000000.0000 1000000000.0000 1000000000.0000 1000000000.0000 1000000000.0000 1000000000.0000 1000000000.0000 1000000000.0000 1000000000.0000 1000000000.0000 1000000000.0000 1000000000.0000 1000000000.0000 1000000000.0000 1000000000.0000 1000000000.0000 1000000000.0000 1000000000.0000 1000000000.0000 1000000000.0000 1000000000.0000 1000000000.0000 1000000000.0000 1000000000.0000 1000000000.0000 1000000000.0000 1000000000.0000 1000000000.0000 1000000000.0000 x 1000000000.0000 1000000000.0000 1000000000.0000 1000000000.0000 1000000000.0000 1000000000.0000 1000000000.0000 1000000000.0000 1000000000.0000 1000000000.0000 1000000000.0000 1000000000.0000 1000000000.0000 1000000000.0000 1000000000.0000 1000000000.0000 1000000000.0000 1000000000.0000
1000000000.0000 1000000000.0000 1000000000.0000 1000000000.0000 1000000000.0000 1000000000.0000 1000000000.0000 1000000000.0000 1000000000.0000 1000000000.0000 1000000000.0000 1000000000.0000 1000000000.0000 1000000000.0000 1000000000.0000 1000000000.0000 1000000000.0000 1000000000.0000 1000000000.0000 1000000000.0000 1000000000.0000 1000000000.0000 1000000000.0000 1000000000.0000 1000000000.0000 1000000000.0000 1000000000.0000 1000000000.0000 1000000000.0000 1000000000.0000 1000000000.0000 1000000000.0000 x 1000000000.0000 1000000000.0000 1000000000.0000 1000000000.0000 1000000000.0000 1000000000.0000 1000000000.0000 1000000000.0000 1000000000.0000 1000000000.0000 1000000000.0000 1000000000.0000 1000000000.0000 1000000000.0000 1000000000.0000 1000000000.0000 1000000000.0000
1000000000.0000 1000000000.0000 1000000000.0000 1000000000.0000 1000000000.0000 1000000000.0000 1000000000.0000 1000000000.0000 1000000000.0000 1000000000.0000 1000000000.0000 1000000000.0000 1000000000.0000 1000000000.0000 1000000000.0000 1000000000.0000 1000000000.0000 1000000000.0000 1000000000.0000 1000000000.0000 1000000000.0000 1000000000.0000 1000000000.0000 1000000000.0000 1000000000.0000 1000000000.0000 1000000000.0000 1000000000.0000 1000000000.0000 1000000000.0000 1000000000.0000 1000000000.0000 1000000000.0000 x 1000000000.0000 1000000000.0000 1000000000.0000 1000000000.0000 1000000000.0000 1000000000.0000 1000000000.0000 1000000000.0000 1000000000.0000 1000000000.0000 1000000000.0000 1000000000.0000 1000000000.0000 1000000000.0000 1000000000.0000 1000000000.0000
1000000000.0000 1000000000.0000 1000000000.0000 1000000000.0000 1000000000.0000 1000000000.0000 1000000000.0000 1000000000.0000 1000000000.0000 1000000000.0000 1000000000.0000 1000000000.0000 1000000000.0000 1000000000.0000 1000000000.0000 1000000000.0000 1000000000.0000 1000000000.0000 1000000000.0000 1000000000.0000 1000000000.0000 1000000000.0000 1000000000.0000 1000000000.0000 1000000000.0000 1000000000.0000 1000000000.0000 1000000000.0000 1000000000.0000 1000000000.0000 1000000000.0000 1000000000.0000 1000000000.0000 1000000000.0000 x 1000000000.0000 1000000000.0000 1000000000.0000 1000000000.0000 1000000000.0000 1000000000.0000 1000000000.0000 1000000000.0000 1000000000.0000 1000000000.0000 1000000000.0000 1000000000.0000 1000000000.0000 1000000000.0000 1000000000.0000
1000000000.0000 1000000000.0000 1000000000.0000 1000000000.0000 1000000000.0000 1000000000.0000 1000000000.0000 1000000000.0000 1000000000.0000 1000000000.0000 1000000000.0000 1000000000.0000 1000000000.0000 1000000000.0000 1000000000.0000 1000000000.0000 1000000000.0000 1000000000.0000 1000000000.0000 1000000000.0000 1000000000.0000 1000000000.0000 1000000000.0000 1000000000.0000 1000000000.0000 1000000000.0000 1000000000.0000 1000000000.0000 1000000000.0000 1000000000.0000 1000000000.0000 1000000000.0000 1000000000.0000 1000000000.0000 1000000000.0000 x 1000000000.0000 1000000000.0000 1000000000.0000 1000000000.0000 1000000000.0000 1000000000.0000 1000000000.0000 1000000000.0000 1000000000.0000 1000000000.0000 1000000000.0000 1000000000.0000 1000000000.0000 1000000000.0000
1000000000.0000 1000000000.0000 1000000000.0000 1000000000.0000 1000000000.0000 1000000000.0000 1000000000.0000 1000000000.0000 1000000000.0000 1000000000.0000 1000000000.0000 1000000000.0000 1000000000.0000 1000000000.0000 1000000000.0000 1000000000.0000 1000000000.0000 1000000000.0000 1000000000.0000 1000000000.0000 1000000000.0000 1000000000.0000 1000000000.0000 1000000000.0000 1000000000.0000 1000000000.0000 1000000000.0000 1000000000.0000 1000000000.0000 1000000000.0000 1000000000.0000 1000000000.0000 1000000000.0000 1000000000.0000 1000000000.0000 1000000000.0000 x 1000000000.0000 1000000000.0000 1000000000.0000 1000000000.0000 1000000000.0000 1000000000.0000 1000000000.0000 1000000000.0000 1000000000.0000 1000000000.0000 1000000000.0000 1000000000.0000 1000000000.0000
1000000000.0000 1000000000.0000 1000000000.0000 1000000000.0000 1000000000.0000 1000000000.0000 1000000000.0000 1000000000.0000 1000000000.0000 1000000000.0000 1000000000.0000 1000000000.0000 1000000000.0000 1000000000.0000 1000000000.0000 1000000000.0000 1000000000.0000 1000000000.0000 1000000000.0000 1000000000.0000 1000000000.0000 1000000000.0000 1000000000.0000 1000000000.0000 1000000000.0000 1000000000.0000 1000000000.0000 1000000000.0000 1000000000.0000 1000000000.0000 1000000000.0000 1000000000.0000 1000000000.0000 1000000000.0000 1000000000.0000 1000000000.0000 1000000000.0000 x 1000000000.0000 1000000000.0000 1000000000.0000 1000000000.0000 1000000000.0000 1000000000.0000 1000000000.0000 1000000000.0000 1000000000.0000 1000000000.0000 1000000000.0000 1000000000.0000
1000000000.0000 1000000000.0000 1000000000.0000 1000000000.0000 1000000000.0000 1000000000.0000 1000000000.0000 1000000000.0000 1000000000.0000 1000000000.0000 1000000000.0000 1000000000.0000 1000000000.0000 1000000000.0000 1000000000.0000 1000000000.0000 1000000000.0000 1000000000.0000 1000000000.0000 1000000000.0000 1000000000.0000 1000000000.0000 1000000000.0000 1000000000.0000 1000000000.0000 1000000000.0000 1000000000.0000 1000000000.0000 1000000000.0000 1000000000.0000 1000000000.0000 1000000000.0000 1000000000.0000 1000000000.0000 1000000000.0000 1000000000.0000 1000000000.0000 1000000000.0000 x 1000000000.0000 1000000000.0000 1000000000.0000 1000000000.0000 1000000000.0000 1000000000.0000 1000000000.0000 1000000000.0000 1000000000.0000 1000000000.0000 1000000000.0000
1000000000.0000 1000000000.0000 1000000000.0000 1000000000.0000 1000000000.0000 1000000000.0000 1000000000.0000 1000000000.0000 1000000000.0000 1000000000.0000 1000000000.0000 1000000000.0000 1000000000.0000 1000000000.0000 1000000000.0000 1000000000.0000 1000000000.0000 1000000000.0000 1000000000.0000 1000000000.0000 1000000000.0000 1000000000.0000 1000000000.0000 1000000000.0000 1000000000.0000 1000000000.0000 1000000000.0000 1000000000.0000 1000000000.0000 1000000000.0000 1000000000.0000 1000000000.0000 1000000000.0000 1000000000.0000 1000000000.0000 1000000000.0000 1000000000.0000 1000000000.0000 1000000000.0000 x 1000000000.0000 1000000000.0000 1000000000.0000 1000000000.0000 1000000000.0000 1000000000.0000 1000000000.0000 1000000000.0000 1000000000.0000 1000000000.0000
1000000000.0000 1000000000.0000 1000000000.0000 1000000000.0000 1000000000.0000 1000000000.0000 1000000000.0000 1000000000.0000 1000000000.0000 1000000000.0000 1000000000.0000 1000000000.0000 1000000000.0000 1000000000.0000 1000000000.0000 1000000000.0000 1000000000.0000 1000000000.0000 1000000000.0000 1000000000.0000 1000000000.0000 1000000000.0000 1000000000.0000 1000000000.0000 1000000000.0000 1000000000.0000 1000000000.0000 1000000000.0000 1000000000.0000 1000000000.0000 1000000000.0000 1000000000.0000 1000000000.0000 1000000000.0000 1000000000.0000 1000000000.0000 1000000000.0000 1000000000.0000 1000000000.0000 1000000000.0000 x 1000000000.0000 1000000000.0000 1000000000.0000 1000000000.0000 1000000000.0000 1000000000.0000 1000000000.0000 1000000000.0000 1000000000.0000
1000000000.0000 1000000000.0000 1000000000.0000 1000000000.0000 1000000000.0000 1000000000.0000 1000000000.0000 1000000000.0000 1000000000.0000 1000000000.0000 1000000000.0000 1000000000.0000 1000000000.0000 1000000000.0000 1000000000.0000 1000000000.0000 1000000000.0000 1000000000.0000 1000000000.0000 1000000000.0000 1000000000.0000 1000000000.0000 1000000000.0000 1000000000.0000 1000000000.0000 1000000000.0000 1000000000.0000 1000000000.0000 1000000000.0000 1000000000.0000 1000000000.0000 1000000000.0000 1000000000.0000 1000000000.0000 1000000000.0000 1000000000.0000 1000000000.0000 1000000000.0000 1000000000.0000 1000000000.0000 1000000000.0000 x 1000000000.0000 1000000000.0000 1000000000.0000 1000000000.0000 1000000000.0000 1000000000.0000 1000000000.0000 1000000000.0000
1000000000.0000 1000000000.0000 1000000000.0000 1000000000.0000 1000000000.0000 1000000000.0000 1000000000.0000 1000000000.0000 1000000000.0000 1000000000.0000 1000000000.0000 1000000000.0000 1000000000.0000 1000000000.0000 1000000000.0000 1000000000.0000 1000000000.0000 1000000000.0000 1000000000.0000 1000000000.0000 1000000000.0000 1000000000.0000 1000000000.0000 1000000000.0000 1000000000.0000 1000000000.0000 1000000000.0000 1000000000.0000 1000000000.0000 1000000000.0000 1000000000.0000 1000000000.0000 1000000000.0000 1000000000.0000 1000000000.0000 1000000000.0000 1000000000.0000 1000000000.0000 1000000000.0000 1000000000.0000 1000000000.0000 1000000000.0000 x 1000000000.0000 1000000000.0000 1000000000.0000 1000000000.0000 1000000000.0000 1000000000.0000 1000000000.0000
1000000000.0000 1000000000.0000 1000000000.0000 1000000000.0000 1000000000.0000 1000000000.0000 1000000000.0000 1000000000.0000 1000000000.0000 1000000000.0000 1000000000.0000 1000000000.0000 1000000000.0000 1000000000.0000 1000000000.0000 1000000000.0000 1000000000.0000 1000000000.0000 1000000000.0000 1000000000.0000 1000000000.0000 1000000000.0000 1000000000.0000 1000000000.0000 1000000000.0000 1000000000.0000 1000000000.0000 1000000000.0000 1000000000.0000 1000000000.0000 1000000000.0000 1000000000.0000 1000000000.0000 1000000000.0000 1000000000.0000 1000000000.0000 1000000000.0000 1000000000.0000 1000000000.0000 1000000000.0000 1000000000.0000 1000000000.0000 1000000000.0000 x 1000000000.0000 1000000000.0000 1000000000.0000 1000000000.0000 1000000000.0000 1000000000.0000
1000000000.0000 1000000000.0000 1000000000.0000 1000000000.0000 1000000000.0000 1000000000.0000 1000000000.0000 1000000000.0000 1000000000.0000 1000000000.0000 1000000000.0000 1000000000.0000 1000000000.0000 1000000000.0000 1000000000.0000 1000000000.0000 1000000000.0000 1000000000.0000 1000000000.0000 1000000000.0000 1000000000.0000 1000000000.0000 1000000000.0000 1000000000.0000 1000000000.0000 1000000000.0000 1000000000.0000 1000000000.0000 1000000000.0000 1000000000.0000 1000000000.0000 1000000000.0000 1000000000.0000 1000000000.0000 1000000000.0000 1000000000.0000 1000000000.0000 1000000000.0000 1000000000.0000 1000000000.0000 1000000000.0000 1000000000.0000 1000000000.0000 1000000000.0000 x 1000000000.0000 1000000000.0000 1000000000.0000 1000000000.0000 1000000000.0000
1000000000.0000 1000000000.0000 1000000000.0000 1000000000.0000 1000000000.0000 1000000000.0000 1000000000.0000 1000000000.0000 1000000000.0000 1000000000.0000 1000000000.0000 1000000000.0000 1000000000.0000 1000000000.0000 1000000000.0000 1000000000.0000 1000000000.0000 1000000000.0000 1000000000.0000 1000000000.0000 1000000000.0000 1000000000.0000 1000000000.0000 1000000000.0000 1000000000.0000 1000000000.0000 1000000000.0000 1000000000.0000 1000000000.0000 1000000000.0000 1000000000.0000 1000000000.0000 1000000000.0000 1000000000.0000 1000000000.0000 1000000000.0000 1000000000.0000 1000000000.0000 1000000000.0000 1000000000.0000 1000000000.0000 1000000000.0000 1000000000.0000 1000000000.0000 1000000000.0000 x 1000000000.0000 1000000000.0000 1000000000.0000 1000000000.0000
1000000000.0000 1000000000.0000 1000000000.0000 1000000000.0000 1000000000.0000 1000000000.0000 1000000000.0000 1000000000.0000 1000000000.0000 1000000000.0000 1000000000.0000 1000000000.0000 1000000000.0000 1000000000.0000 1000000000.0000 1000000000.0000 1000000000.0000 1000000000.0000 1000000000.0000 1000000000.0000 1000000000.0000 1000000000.0000 1000000000.0000 1000000000.0000 1000000000.0000 1000000000.0000 1000000000.0000 1000000000.0000 1000000000.0000 1000000000.0000 1000000000.0000 1000000000.0000 1000000000.0000 1000000000.0000 1000000000.0000 1000000000.0000 1000000000.0000 1000000000.0000 1000000000.0000 1000000000.0000 1000000000.0000 1000000000.0000 1000000000.0000 1000000000.0000 1000000000.0000 1000000000.0000 x 1000000000.0000 1000000000.0000 1000000000.0000
1000000000.0000 1000000000.0000 1000000000.0000 1000000000.0000 1000000000.0000 1000000000.0000 1000000000.0000 1000000000.0000 1000000000.0000 1000000000.0000 1000000000.0000 1000000000.0000 1000000000.0000 1000000000.0000 1000000000.0000 1000000000.0000 1000000000.0000 1000000000.0000 1000000000.0000 1000000000.0000 1000000000.0000 1000000000.0000 1000000000.0000 1000000000.0000 1000000000.0000 1000000000.0000 1000000000.0000 1000000000.0000 1000000000.0000 1000000000.0000 1000000000.0000 1000000000.0000 1000000000.0000 1000000000.0000 1000000000.0000 1000000000.0000 1000000000.0000 1000000000.0000 1000000000.0000 1000000000.0000 1000000000.0000 1000000000.0000 1000000000.0000 1000000000.0000 1000000000.0000 1000000000.0000 1000000000.0000 x 1000000000.0000 1000000000.0000
1000000000.0000 1000000000.0000 1000000000.0000 1000000000.0000 1000000000.0000 1000000000.0000 1000000000.0000 1000000000.0000 1000000000.0000 1000000000.0000 1000000000.0000 1000000000.0000 1000000000.0000 1000000000.0000 1000000000.0000 1000000000.0000 1000000000.0000 1000000000.0000 1000000000.0000 1000000000.0000 1000000000.0000 1000000000.0000 1000000000.0000 1000000000.0000 1000000000.0000 1000000000.0000 1000000000.0000 1000000000.0000 1000000000.0000 1000000000.0000 1000000000.0000 1000000000.0000 1000000000.0000 1000000000.0000 1000000000.0000 1000000000.0000 1000000000.0000 1000000000.0000 1000000000.0000 1000000000.0000 1000000000.0000 1000000000.0000 1000000000.0000 1000000000.0000 1000000000.0000 1000000000.0000 1000000000.0000 1000000000.0000 x 1000000000.0000
1000000000.0000 1000000000.0000 1000000000.0000 1000000000.0000 1000000000.0000 1000000000.0000 1000000000.0000 1000000000.0000 1000000000.0000 1000000000.0000 1000000000.0000 1000000000.0000 1000000000.0000 1000000000.0000 1000000000.0000 1000000000.0000 1000000000.0000 1000000000.0000 1000000000.0000 1000000000.0000 1000000000.0000 1000000000.0000 1000000000.0000 1000000000.0000 1000000000.0000 1000000000.0000 1000000000.0000 1000000000.0000 1000000000.0000 1000000000.0000 1000000000.0000 1000000000.0000 1000000000.0000 1000000000.0000 1000000000.0000 1000000000.0000 1000000000.0000 1000000000.0000 1000000000.0000 1000000000.0000 1000000000.0000 1000000000.0000 1000000000.0000 1000000000.0000 1000000000.0000 1000000000.0000 1000000000.0000 1000000000.0000 1000000000.0000 x
