50
25
1 2 3 4 5 6 7 8 9 10 11 12 13 14 15 16 17 18 19 20 21 22 23 24 25 26 27 28 29 30 31 32 33 34 35 36 37 38 39 40 41 42 43 44 45 46 47 48 49 50
8 34 47 24 11 12 4 39 49 31 38 32 1 35 9 18 14 10 27 33 7 42 20 26 43
40
x 27278278.80045 138451011.64305 x 1487696097.11801 1584503549.46394 x x x x x x 552401636.08528 x 417696536.02406 566370526.46772 574121382.30564 x 766996021.93083 x 696560006.40130 1623143362.56561 1643523307.23706 x 1689149703.28410 x x 1791807692.33967 1775438994.60360 1769982236.44171 x x x x x 987451270.82306 1009117708.85786 x x x 1031381452.05931 x x 214793575.18016 1288887968.33618 777148386.38599 x 1196501974.46419 x 1634782377.39961
27278278.80045 x 111172732.84359 163824686.99864 1460417818.31856 1557225270.66449 1712586883.33197 1721781485.10647 354681063.91111 348761426.39478 374569650.54587 453527064.91594 551727707.34796 371440102.84393 416804860.47098 560326928.81415 568160237.54176 561844223.55896 760658321.58147 654418708.39621 689575251.18814 1598178620.21833 1618872875.83480 1622231630.95910 1663588219.91412 1659454540.06748 1686106294.58851 1765332222.80955 1748715721.35700 1743175311.86089 1749861235.60104 1727874500.52131 1760821437.54802 601478167.99695 1400621015.25491 960194732.07003 984862668.77415 940100811.27257 1015370205.87870 1098273620.53134 1004103175.97393 1481019437.28169 813728397.60182 187633587.25271 1261913772.24334 750894105.49223 1187583667.55078 1171503354.31629 1499988331.91308 1607504894.29663
138451011.64305 111172732.84359 x 52651954.15605 1349245085.47596 1446052537.82189 1601414150.48938 1610608752.26387 379767343.55077 374244720.29866 398405573.80708 473404031.18452 562816879.26283 387720423.15106 431376480.86092 549187482.21949 557177421.46986 550735467.36965 744670922.21838 635765323.13850 671898598.94006 1497269848.33787 1519339160.53406 1522917450.52151 1560013834.54830 1555604952.77420 1584004998.47572 1657700607.86519 1639993939.79003 1634084947.70260 1640592397.35918 1617120700.49373 1652277581.20185 515626412.24825 1290292282.47115 849125041.85909 887827955.95786 829441065.34792 904200885.67581 1007749276.46410 892930455.90760 1375491359.16558 702569601.92177 77803734.26445 1152128434.35309 644774585.77991 1082344305.20004 1070773097.69993 1393506113.70603 1496335704.36533
x 163824686.99864 52651954.15605 x 1296593131.32091 1393400583.66684 x x x x x x 575536263.95333 x 447844637.99645 551705645.16138 559659635.19996 x 742807211.94750 x 669832440.97406 1450002912.49681 1472780680.29150 x 1511337291.40918 x x 1606894011.66453 1588621157.46792 1582520355.54520 x x x x x 796531921.73844 843091084.99345 x x x 840278508.98316 x x 29531914.47051 1100230790.05478 595159998.59144 x 1023821224.88636 x 1443685618.55463
1487696097.11801 1460417818.31856 1349245085.47596 1296593131.32091 x 96807452.34693 252169065.01441 261363666.78891 1529148204.06081 1527786014.27890 1533883305.85977 1555050600.94403 1561160999.74246 1506913386.38370 1518731870.92846 1456732367.76930 1459763330.02167 1457316662.80840 1494294583.51046 1443114363.45725 1459393451.80414 649118400.64942 698519279.65688 706268546.95857 593251131.20129 581558689.88876 653739685.10842 497024407.12668 434329458.48853 411455431.69471 407177882.16126 298880868.26314 451964178.65898 1035557243.51122 179381493.31380 502515449.14730 743847028.11886 530947522.63599 445138683.93892 819905863.74209 456314970.77043 451656528.49286 646888293.67173 1273852831.11741 285262608.09428 767261721.23252 492645480.94432 613033995.53296 415937091.14200 147559787.09928
1584503549.46394 1557225270.66449 1446052537.82189 1393400583.66684 96807452.34693 x 155361612.66848 164556214.44298 1623485771.68575 1622202800.61091 1627946503.07649 1647906002.28899 1652075666.13960 1600911706.99578 1612041201.49195 1546827344.20065 1549682103.25087 1547377619.44495 1579027466.72856 1530683018.91383 1546040324.68216 656297478.96163 705195623.13027 712872319.03946 585299258.36437 573444702.61343 646532205.73761 455610858.76047 386251306.60199 360338126.78078 352932867.71831 219311547.36635 403781376.71944 1127046539.89662 234569637.07636 599079690.67548 822460323.63075 626704776.82338 541934826.15752 887469326.72265 553122383.59566 472091745.12673 743681323.44601 1370650614.25998 363265641.82735 860865094.62621 562182905.23985 678600721.38381 431367699.10491 51735443.49700
x 1712586883.33197 1601414150.48938 x 252169065.01441 155361612.66848 x x x x x x 1799265765.80983 x 1762577693.23007 1692966087.08305 1695574817.09964 x 1717680673.15039 x 1687406246.21770 696379160.66716 742642862.62119 x 605567876.07382 x x 428303658.55285 353628111.38404 325125106.56849 x x x x x 754181340.36687 955629594.38220 x x x 708483955.41294 x x 1525999273.42946 502318853.64508 1012345082.69816 x 797238004.53872 x 105856304.09186
x 1721781485.10647 1610608752.26387 x 261363666.78891 164556214.44298 x x x x x x 1808019619.78015 x 1771512848.99854 1701666078.72833 1704261491.63321 x 1725975648.40688 x 1695849310.44999 699761148.09168 745815091.27215 x 607991751.22151 x x 428402339.66628 353747624.53313 325255093.15453 x x x x x 763363870.78623 963719077.87856 x x x 717678555.32417 x x 1535193190.76008 510842964.47987 1021346512.80149 x 804651229.40937 x 114992820.69030
x 354681063.91111 379767343.55077 x 1529148204.06081 1623485771.68575 x x x x x x 199966486.41475 x 68812065.60011 913372349.04124 246170711.41840 x 433565257.33537 x 369464465.51263 1794086145.56802 1527150263.13277 x 1601350023.38835 x x 1907498849.15134 1739865162.13311 1867575968.52452 x x x x x 1035676122.51969 905953423.12106 x x x 1090174841.62129 x x 429417232.26733 1285294647.11783 763133308.55403 x 1105246557.87168 x 1669973299.49568
x 348761426.39478 374244720.29866 x 1527786014.27890 1622202800.61091 x x x x x x 899834278.24034 x 764984376.24908 244476390.74202 915401101.90144 x 1107118364.93465 x 1035315596.10140 1517925210.44705 1818735777.65621 x 1838783855.70077 x x 1741731569.25136 1875895011.81791 1740011520.82073 x x x x x 1059706761.30876 1206819622.41642 x x x 1088555834.06367 x x 392479491.74460 1383536065.39497 932217582.42866 x 1371853694.29446 x 1673921733.02470
x 374569650.54587 398405573.80708 x 1533883305.85977 1627946503.07649 x x x x x x 180228947.48834 x 51116738.30005 933091300.49277 229953284.65424 x 415755616.11093 x 352546145.54933 1805309273.53504 1522769985.65663 x 1598586450.05907 x x 1915761009.88237 1739979500.68171 1874916716.11551 x x x x x 1041910939.51654 903913568.57785 x x x 1096798451.56753 x x 446819724.23255 1287987351.95641 767206439.03007 x 1103256189.90397 x 1674162683.13782
x 453527064.91594 473404031.18452 x 1555050600.94403 1647906002.28899 x x x x x x 1004804017.76503 x 869938610.80959 168752377.97349 1019329752.53800 x 1210690756.83672 x 1138689081.69807 1500605717.96712 1881105858.23409 x 1894229751.03868 x x 1740036279.83449 1917630160.15526 1744536516.89685 x x x x x 1102358330.00783 1279167888.48487 x x x 1126544012.86885 x x 483911268.91550 1427622817.41326 998312641.63171 x 1437200572.88799 x 1699607816.45270
552401636.08528 551727707.34796 562816879.26283 575536263.95333 1561160999.74246 1652075666.13960 1799265765.80983 1808019619.78015 199966486.41475 899834278.24034 180228947.48834 1004804017.76503 x 923167810.19090 134922846.87797 1106514180.27328 111306225.84529 1108054343.49310 251694070.54673 1196576814.17228 201958550.63644 1890727790.86543 1467776539.45118 1927530746.81249 1557587105.95387 1921188042.78255 1560108469.46967 1973173918.10928 1724006172.51848 1924012653.34478 1738359642.98508 1857399047.56284 1731479199.77799 525873760.09471 1443504382.25870 1087882683.10281 878071718.40243 1046277558.83685 1159165408.24186 1477893368.74342 1145480566.58990 1730101702.15487 976394690.61232 600180980.49633 1298957506.57412 799661031.32218 1145237750.05320 1074245966.20557 1447717451.84414 1695527263.92088
x 371440102.84393 387720423.15106 x 1506913386.38370 1600911706.99578 x x x x x x 923167810.19090 x 788244963.31392 209650917.96362 935248567.48809 x 1126226267.93536 x 1054081134.72210 1486581797.66017 1810423509.64085 x 1827648967.62975 x x 1713530652.46250 1859752066.33622 1713213037.49438 x x x x x 1043463290.15551 1202826511.35510 x x x 1070760558.92669 x x 399124776.64501 1368014030.25617 925114377.36603 x 1364685255.89389 x 1652645732.37034
417696536.02406 416804860.47098 431376480.86092 447844637.99645 1518731870.92846 1612041201.49195 1762577693.23007 1771512848.99854 68812065.60011 764984376.24908 51116738.30005 869938610.80959 134922846.87797 788244963.31392 x 972368542.61253 179063766.32203 973906393.10137 364850738.30105 1063084993.73232 301432388.05032 1808041095.40031 1487340989.16141 1842312156.64828 1566314433.85981 1845411807.91215 1574079158.35239 1909754497.80447 1713751771.57776 1866390609.96064 1724954770.99841 1811113521.53478 1722452561.31001 491070314.74679 1413379699.94354 1031164299.74032 873741695.07678 993420205.39437 1100436900.95456 1374327138.57557 1087000945.60870 1655723195.03358 908790440.10887 473814925.11610 1268012393.01710 751485008.19137 1131145703.86672 1072930847.52169 1441294133.77549 1657551417.66141
566370526.46772 560326928.81415 549187482.21949 551705645.16138 1456732367.76930 1546827344.20065 1692966087.08305 1701666078.72833 913372349.04124 244476390.74202 933091300.49277 168752377.97349 1106514180.27328 209650917.96362 972368542.61253 x 1106364903.68835 1547985.15115 1293067097.26504 99471362.53657 1220156465.95702 1352940682.04755 1837725350.61936 1358358112.42125 1837968472.71600 1446255978.33937 1876383093.69528 1605970167.90845 1838369733.60589 1617013057.94666 1826495998.57246 1660555731.70459 1853815030.75640 977404619.64077 1465625766.58399 1032139242.94507 1261299285.66209 1040502364.71851 1054011360.82904 804180485.05818 1048537222.04870 1304007104.75801 899088921.25555 535861742.89485 1355574159.58611 972149908.75127 1369090456.63038 1403058789.63062 1643118347.91208 1598195004.15138
574121382.30564 568160237.54176 557177421.46986 559659635.19996 1459763330.02167 1549682103.25087 1695574817.09964 1704261491.63321 246170711.41840 915401101.90144 229953284.65424 1019329752.53800 111306225.84529 935248567.48809 179063766.32203 1106364903.68835 x 1107912888.83851 192952448.51907 1191922255.32664 124351846.37184 1809865163.80077 1356628107.31490 1848447460.92905 1446325959.06022 1835585554.96714 1448810622.41160 1880345776.83653 1614298486.34757 1828383174.38315 1629129672.08531 1757009872.64271 1621595996.72427 427589042.48585 1338305281.41675 994056199.02870 768352341.16976 950788818.92415 1066016920.62451 1416410535.74097 1052266889.89877 1644003239.35835 889218453.62507 580784842.78002 1194251919.72754 703657182.06125 1036698814.37136 963855985.38765 1337645187.41870 1592378572.84455
x 561844223.55896 550735467.36965 x 1457316662.80840 1547377619.44495 x x x x x x 1108054343.49310 x 973906393.10137 1547985.15115 1107912888.83851 x 1294613800.13066 x 1221703011.02701 1352827225.56939 1838776692.16394 x 1838924370.44348 x x 1606087428.87732 1839130436.90779 1617228282.05806 x x x x x 1033021981.43534 1262533484.05554 x x x 1049349501.28875 x x 537394318.59093 1356418767.11243 973355032.93073 x 1404187846.37030 x 1598739587.71254
766996021.93083 760658321.58147 744670922.21838 742807211.94750 1494294583.51046 1579027466.72856 1717680673.15039 1725975648.40688 433565257.33537 1107118364.93465 415755616.11093 1210690756.83672 251694070.54673 1126226267.93536 364850738.30105 1293067097.26504 192952448.51907 1294613800.13066 x 1376388554.65559 72974770.97443 1902264613.34577 1297349285.71111 1944472757.13323 1402274560.13616 1916790100.43985 1396722615.04703 1941691276.12876 1596910990.97908 1881261219.95901 1616364011.50600 1793151725.33147 1602237286.58749 506220177.66735 1356102813.35232 1062300993.99196 764782939.57023 1014763042.14979 1134925041.53237 1546767579.73774 1121229735.57944 1725286072.79029 977946925.70172 761826104.30344 1216618893.00071 773275138.37322 1037253522.61110 946618004.69912 1318733678.09237 1617898687.76088
x 654418708.39621 635765323.13850 x 1443114363.45725 1530683018.91383 x x x x x x 1196576814.17228 x 1063084993.73232 99471362.53657 1191922255.32664 x 1376388554.65559 x 1303413783.68215 1296686218.15688 1858936743.48865 x 1851279316.10342 x x 1562307033.97472 1836640097.30862 1579180037.36382 x x x x x 1041700524.07776 1300096909.43730 x x x 1052648340.78792 x x 615331441.47481 1361087548.89600 1009143720.70962 x 1431788809.98068 x 1581563535.39824
696560006.40130 689575251.18814 671898598.94006 669832440.97406 1459393451.80414 1546040324.68216 1687406246.21770 1695849310.44999 369464465.51263 1035315596.10140 352546145.54933 1138689081.69807 201958550.63644 1054081134.72210 301432388.05032 1220156465.95702 124351846.37184 1221703011.02701 72974770.97443 1303413783.68215 x 1849536447.54671 1296910437.50221 1890716181.02068 1395962408.34960 1867432259.09969 1393595381.56710 1898569786.41155 1580711712.75658 1840816357.54434 1598472485.48235 1758165660.08319 1586787009.12717 452446026.99196 1326671808.22992 1015415704.96032 740527969.57234 969032169.85019 1088058849.89489 1483345477.87662 1074306902.05231 1675707758.77613 924683983.73824 688887729.33252 1185238108.44321 724657293.82527 1012983695.80634 928520193.26332 1302541010.89696 1586290082.00966
1623143362.56561 1598178620.21833 1497269848.33787 1450002912.49681 649118400.64942 656297478.96163 696379160.66716 699761148.09168 1794086145.56802 1517925210.44705 1805309273.53504 1500605717.96712 1890727790.86543 1486581797.66017 1808041095.40031 1352940682.04755 1809865163.80077 1352827225.56939 1902264613.34577 1296686218.15688 1849536447.54671 x 1347637680.30531 57150146.31014 1238207833.81158 122874697.98293 1299262166.25369 335184110.12097 1033967990.19267 410561678.63060 996236521.64024 567862537.03512 1050867798.41979 1397192946.80478 817419129.68696 851079204.55381 1251743515.07072 901809376.58474 780869051.40707 548765327.37773 793830835.78051 206071414.99005 924857771.92817 1421200459.26244 865596002.13885 1131025367.90483 1066964806.25598 1188390646.30257 1064787359.87761 677645242.91341
1643523307.23706 1618872875.83480 1519339160.53406 1472780680.29150 698519279.65688 705195623.13027 742642862.62119 745815091.27215 1527150263.13277 1818735777.65621 1522769985.65663 1881105858.23409 1467776539.45118 1810423509.64085 1487340989.16141 1837725350.61936 1356628107.31490 1838776692.16394 1297349285.71111 1858936743.48865 1296910437.50221 1347637680.30531 x 1404787826.61446 148964613.42038 1275642604.73698 109883295.74879 1154694406.07598 427246012.62411 1054247156.40996 466407764.79397 883062689.07340 420800395.88283 1032959781.86924 537708173.86110 828342584.06591 635586206.15732 807132428.46717 834605337.12073 1418781641.30393 833977421.46188 1148549409.99353 943222158.09494 1461752496.78807 551375664.39428 887108387.01329 469220829.47955 449244322.33637 283667470.49248 701715930.04280
x 1622231630.95910 1522917450.52151 x 706268546.95857 712872319.03946 x x x x x x 1927530746.81249 x 1842312156.64828 1358358112.42125 1848447460.92905 x 1944472757.13323 x 1890716181.02068 57150146.31014 1404787826.61446 x 1295190749.87967 x x 375304831.48621 1089481603.20104 457011552.92076 x x x x x 897908097.67651 1302482696.12228 x x x 841237092.47214 x x 1447458708.63455 921098206.69111 1174894752.25646 x 1242533128.92574 x 733538600.91307
1689149703.28410 1663588219.91412 1560013834.54830 1511337291.40918 593251131.20129 585299258.36437 605567876.07382 607991751.22151 1601350023.38835 1838783855.70077 1598586450.05907 1894229751.03868 1557587105.95387 1827648967.62975 1566314433.85981 1837968472.71600 1446325959.06022 1838924370.44348 1402274560.13616 1851279316.10342 1395962408.34960 1238207833.81158 148964613.42038 1295190749.87967 x 1158743960.97681 61232947.37423 1025440443.84437 278942200.16767 923585272.16075 318825482.43433 748588379.41149 271995722.29569 1095200568.14381 451729304.17651 809921818.82014 696448468.10070 797589346.68069 803154398.77115 1358205529.51725 804977136.50414 1044519812.25489 938947552.60606 1497704787.45745 502242838.45509 917035984.17610 480523316.28690 498440027.57931 205603754.86217 575115363.28831
x 1659454540.06748 1555604952.77420 x 581558689.88876 573444702.61343 x x x x x x 1921188042.78255 x 1845411807.91215 1446255978.33937 1835585554.96714 x 1916790100.43985 x 1867432259.09969 122874697.98293 1275642604.73698 x 1158743960.97681 x x 212610332.20909 940000655.92637 292916118.48983 x x x x x 855752377.55598 1236301132.59305 x x x 797059494.65856 x x 1478547735.58876 823764421.57613 1143556158.47269 x 1154441876.32270 x 587976120.99450
x 1686106294.58851 1584004998.47572 x 653739685.10842 646532205.73761 x x x x x x 1560108469.46967 x 1574079158.35239 1876383093.69528 1448810622.41160 x 1396722615.04703 x 1393595381.56710 1299262166.25369 109883295.74879 x 61232947.37423 x x 1086006153.69045 331556992.35635 983999574.82035 x x x x x 852433029.29839 710355943.39647 x x x 850506476.82001 x x 1523428827.14901 551743634.78951 943923671.97473 x 515603112.20492 x 636136782.59105
1791807692.33967 1765332222.80955 1657700607.86519 1606894011.66453 497024407.12668 455610858.76047 428303658.55285 428402339.66628 1907498849.15134 1741731569.25136 1915761009.88237 1740036279.83449 1973173918.10928 1713530652.46250 1909754497.80447 1605970167.90845 1880345776.83653 1606087428.87732 1941691276.12876 1562307033.97472 1898569786.41155 335184110.12097 1154694406.07598 375304831.48621 1025440443.84437 212610332.20909 1086006153.69045 x 781931769.93589 103178551.98536 740583192.86186 283474169.55910 797085117.93137 1453566727.33654 675228177.61702 886300051.56762 1219597744.88775 930518468.16140 814382652.50785 820043280.26609 828119799.85512 301971703.68951 1000973398.08227 1579911513.49621 773584245.34721 1177239731.60600 984571320.34792 1106749547.04984 886340776.42881 453051770.77193
1775438994.60360 1748715721.35700 1639993939.79003 1588621157.46792 434329458.48853 386251306.60199 353628111.38404 353747624.53313 1739865162.13311 1875895011.81791 1739979500.68171 1917630160.15526 1724006172.51848 1859752066.33622 1713751771.57776 1838369733.60589 1614298486.34757 1839130436.90779 1596910990.97908 1836640097.30862 1580711712.75658 1033967990.19267 427246012.62411 1089481603.20104 278942200.16767 940000655.92637 331556992.35635 781931769.93589 x 678753217.95153 42414255.65447 498691524.69686 17679372.64113 1225665591.75142 372804749.18611 816304470.97185 845967772.66470 821563499.20468 785218961.50812 1252468761.58701 791632042.98767 857286310.65588 961682739.66036 1570647910.93121 493024921.57324 1001626023.33617 582729058.47250 652335800.23170 278258624.91233 357073249.02638
1769982236.44171 1743175311.86089 1634084947.70260 1582520355.54520 411455431.69471 360338126.78078 325125106.56849 325255093.15453 1867575968.52452 1740011520.82073 1874916716.11551 1744536516.89685 1924012653.34478 1713213037.49438 1866390609.96064 1617013057.94666 1828383174.38315 1617228282.05806 1881261219.95901 1579180037.36382 1840816357.54434 410561678.63060 1054247156.40996 457011552.92076 923585272.16075 292916118.48983 983999574.82035 103178551.98536 678753217.95153 x 637413880.40575 180380954.72237 693914451.48928 1400804305.32420 586581390.05743 836522258.38245 1146974238.56838 877862290.64718 766179265.40264 848938022.58998 779712149.71080 325729209.17736 960072657.93069 1556353586.58238 693908482.68730 1124886721.62153 903461492.68126 1024394699.73719 788746780.28640 353501271.70937
x 1749861235.60104 1640592397.35918 x 407177882.16126 352932867.71831 x x x x x x 1738359642.98508 x 1724954770.99841 1826495998.57246 1629129672.08531 x 1616364011.50600 x 1598472485.48235 996236521.64024 466407764.79397 x 318825482.43433 x x 740583192.86186 42414255.65447 637413880.40575 x x x x x 809899123.91418 861041766.34010 x x x 782471659.73999 x x 1570338403.98177 489760393.93889 1005564881.95758 x 670136800.78492 x 320896352.13908
x 1727874500.52131 1617120700.49373 x 298880868.26314 219311547.36635 x x x x x x 1857399047.56284 x 1811113521.53478 1660555731.70459 1757009872.64271 x 1793151725.33147 x 1758165660.08319 567862537.03512 883062689.07340 x 748588379.41149 x x 283474169.55910 498691524.69686 180380954.72237 x x x x x 784227739.70551 1040211071.85482 x x x 732265624.17826 x x 1540266825.86538 580551808.69330 1060323779.37202 x 897699669.44060 x 194505383.28925
x 1760821437.54802 1652277581.20185 x 451964178.65898 403781376.71944 x x x x x x 1731479199.77799 x 1722452561.31001 1853815030.75640 1621595996.72427 x 1602237286.58749 x 1586787009.12717 1050867798.41979 420800395.88283 x 271995722.29569 x x 797085117.93137 17679372.64113 693914451.48928 x x x x x 830675556.36895 853416439.55689 x x x 806652581.14567 x x 1583209091.78579 506836047.39572 1013018712.75539 x 658798800.36784 x 374236516.82765
x 601478167.99695 515626412.24825 x 1035557243.51122 1127046539.89662 x x x x x x 525873760.09471 x 491070314.74679 977404619.64077 427589042.48585 x 506220177.66735 x 452446026.99196 1397192946.80478 1032959781.86924 x 1095200568.14381 x x 1453566727.33654 1225665591.75142 1400804305.32420 x x x x x 567440611.98682 399454937.38258 x x x 625971269.18151 x x 477862717.25185 777936556.29231 276351321.72895 x 596826071.76417 x 1171193058.71109
x 1400621015.25491 1290292282.47115 x 179381493.31380 234569637.07636 x x x x x x 1443504382.25870 x 1413379699.94354 1465625766.58399 1338305281.41675 x 1356102813.35232 x 1326671808.22992 817419129.68696 537708173.86110 x 451729304.17651 x x 675228177.61702 372804749.18611 586581390.05743 x x x x x 449574782.27068 594032449.92904 x x x 420406687.29881 x x 1218105184.39642 145374035.79144 670444147.08442 x 444046608.03952 x 265183119.74321
987451270.82306 960194732.07003 849125041.85909 796531921.73844 502515449.14730 599079690.67548 754181340.36687 763363870.78623 1035676122.51969 1059706761.30876 1041910939.51654 1102358330.00783 1087882683.10281 1043463290.15551 1031164299.74032 1032139242.94507 994056199.02870 1033021981.43534 1062300993.99196 1041700524.07776 1015415704.96032 851079204.55381 828342584.06591 897908097.67651 809921818.82014 855752377.55598 852433029.29839 886300051.56762 816304470.97185 836522258.38245 809899123.91418 784227739.70551 830675556.36895 567440611.98682 449574782.27068 x 426170294.73514 51366721.34367 72659141.64476 650932781.15185 58934531.60617 664999159.05547 148227887.25703 774845491.87358 325317611.71777 291352600.27184 368387039.60688 449125365.75550 611607535.85441 648590468.96868
1009117708.85786 984862668.77415 887827955.95786 843091084.99345 743847028.11886 822460323.63075 955629594.38220 963719077.87856 905953423.12106 1206819622.41642 903913568.57785 1279167888.48487 878071718.40243 1202826511.35510 873741695.07678 1261299285.66209 768352341.16976 1262533484.05554 764782939.57023 1300096909.43730 740527969.57234 1251743515.07072 635586206.15732 1302482696.12228 696448468.10070 1236301132.59305 710355943.39647 1219597744.88775 845967772.66470 1146974238.56838 861041766.34010 1040211071.85482 853416439.55689 399454937.38258 594032449.92904 426170294.73514 x 376801159.57463 485063663.40293 1067322311.19025 474226251.29991 1053195557.94086 448113601.85547 834428650.21841 459660411.70369 291132512.54820 272672593.38605 199343285.66402 569890703.00167 858240039.95348
x 940100811.27257 829441065.34792 x 530947522.63599 626704776.82338 x x x x x x 1046277558.83685 x 993420205.39437 1040502364.71851 950788818.92415 x 1014763042.14979 x 969032169.85019 901809376.58474 807132428.46717 x 797589346.68069 x x 930518468.16140 821563499.20468 877862290.64718 x x x x x 51366721.34367 376801159.57463 x x x 108181405.04587 x x 756671744.75394 328554524.14234 247131771.66717 x 411873363.25162 x 675070594.53009
x 1015370205.87870 904200885.67581 x 445138683.93892 541934826.15752 x x x x x x 1159165408.24186 x 1100436900.95456 1054011360.82904 1066016920.62451 x 1134925041.53237 x 1088058849.89489 780869051.40707 834605337.12073 x 803154398.77115 x x 814382652.50785 785218961.50812 766179265.40264 x x x x x 72659141.64476 485063663.40293 x x x 13773537.56515 x x 828715811.44946 304770363.37726 363845284.17513 x 484564752.77108 x 592448711.32755
x 1098273620.53134 1007749276.46410 x 819905863.74209 887469326.72265 x x x x x x 1477893368.74342 x 1374327138.57557 804180485.05818 1416410535.74097 x 1546767579.73774 x 1483345477.87662 548765327.37773 1418781641.30393 x 1358205529.51725 x x 820043280.26609 1252468761.58701 848938022.58998 x x x x x 650932781.15185 1067322311.19025 x x x 617617370.39420 x x 936849621.78829 867406011.15522 839829568.76550 x 1095721250.82730 x 932798861.13597
1031381452.05931 1004103175.97393 892930455.90760 840278508.98316 456314970.77043 553122383.59566 708483955.41294 717678555.32417 1090174841.62129 1088555834.06367 1096798451.56753 1126544012.86885 1145480566.58990 1070760558.92669 1087000945.60870 1048537222.04870 1052266889.89877 1049349501.28875 1121229735.57944 1052648340.78792 1074306902.05231 793830835.78051 833977421.46188 841237092.47214 804977136.50414 797059494.65856 850506476.82001 828119799.85512 791632042.98767 779712149.71080 782471659.73999 732265624.17826 806652581.14567 625971269.18151 420406687.29881 58934531.60617 474226251.29991 108181405.04587 13773537.56515 617617370.39420 x 606481703.19004 190810716.96979 817624990.40847 308465621.88013 350073431.20864 386031968.19778 478110032.84328 602823688.79668 603472025.20609
x 1481019437.28169 1375491359.16558 x 451656528.49286 472091745.12673 x x x x x x 1730101702.15487 x 1655723195.03358 1304007104.75801 1644003239.35835 x 1725286072.79029 x 1675707758.77613 206071414.99005 1148549409.99353 x 1044519812.25489 x x 301971703.68951 857286310.65588 325729209.17736 x x x x x 664999159.05547 1053195557.94086 x x x 606481703.19004 x x 1298022169.16147 659533081.31755 952014784.61565 x 983394380.07692 x 501321597.89941
x 813728397.60182 702569601.92177 x 646888293.67173 743681323.44601 x x x x x x 976394690.61232 x 908790440.10887 899088921.25555 889218453.62507 x 977946925.70172 x 924683983.73824 924857771.92817 943222158.09494 x 938947552.60606 x x 1000973398.08227 961682739.66036 960072657.93069 x x x x x 148227887.25703 448113601.85547 x x x 190810716.96979 x x 627687077.09419 468965581.28495 215917417.08971 x 528899642.88754 x 793816993.12778
214793575.18016 187633587.25271 77803734.26445 29531914.47051 1273852831.11741 1370650614.25998 1525999273.42946 1535193190.76008 429417232.26733 392479491.74460 446819724.23255 483911268.91550 600180980.49633 399124776.64501 473814925.11610 535861742.89485 580784842.78002 537394318.59093 761826104.30344 615331441.47481 688887729.33252 1421200459.26244 1461752496.78807 1447458708.63455 1497704787.45745 1478547735.58876 1523428827.14901 1579911513.49621 1570647910.93121 1556353586.58238 1570338403.98177 1540266825.86538 1583209091.78579 477862717.25185 1218105184.39642 774845491.87358 834428650.21841 756671744.75394 828715811.44946 936849621.78829 817624990.40847 1298022169.16147 627687077.09419 x 1081151067.77027 580780872.10691 1018465168.82063 1012547550.36569 1327594061.21746 1421094725.96059
1288887968.33618 1261913772.24334 1152128434.35309 1100230790.05478 285262608.09428 363265641.82735 502318853.64508 510842964.47987 1285294647.11783 1383536065.39497 1287987351.95641 1427622817.41326 1298957506.57412 1368014030.25617 1268012393.01710 1355574159.58611 1194251919.72754 1356418767.11243 1216618893.00071 1361087548.89600 1185238108.44321 865596002.13885 551375664.39428 921098206.69111 502242838.45509 823764421.57613 551743634.78951 773584245.34721 493024921.57324 693908482.68730 489760393.93889 580551808.69330 506836047.39572 777936556.29231 145374035.79144 325317611.71777 459660411.70369 328554524.14234 304770363.37726 867406011.15522 308465621.88013 659533081.31755 468965581.28495 1081151067.77027 x 526131988.07662 211235171.24220 334103339.04617 297381429.64019 401307599.10271
777148386.38599 750894105.49223 644774585.77991 595159998.59144 767261721.23252 860865094.62621 1012345082.69816 1021346512.80149 763133308.55403 932217582.42866 767206439.03007 998312641.63171 799661031.32218 925114377.36603 751485008.19137 972149908.75127 703657182.06125 973355032.93073 773275138.37322 1009143720.70962 724657293.82527 1131025367.90483 887108387.01329 1174894752.25646 917035984.17610 1143556158.47269 943923671.97473 1177239731.60600 1001626023.33617 1124886721.62153 1005564881.95758 1060323779.37202 1013018712.75539 276351321.72895 670444147.08442 291352600.27184 291132512.54820 247131771.66717 363845284.17513 839829568.76550 350073431.20864 952014784.61565 215917417.08971 580780872.10691 526131988.07662 x 437799347.14108 439662762.04470 749094856.11765 906956891.35361
x 1187583667.55078 1082344305.20004 x 492645480.94432 562182905.23985 x x x x x x 1145237750.05320 x 1131145703.86672 1369090456.63038 1036698814.37136 x 1037253522.61110 x 1012983695.80634 1066964806.25598 469220829.47955 x 480523316.28690 x x 984571320.34792 582729058.47250 903461492.68126 x x x x x 368387039.60688 272672593.38605 x x x 386031968.19778 x x 1018465168.82063 211235171.24220 437799347.14108 x 123219270.45541 x 593802107.83496
1196501974.46419 1171503354.31629 1070773097.69993 1023821224.88636 613033995.53296 678600721.38381 797238004.53872 804651229.40937 1105246557.87168 1371853694.29446 1103256189.90397 1437200572.88799 1074245966.20557 1364685255.89389 1072930847.52169 1403058789.63062 963855985.38765 1404187846.37030 946618004.69912 1431788809.98068 928520193.26332 1188390646.30257 449244322.33637 1242533128.92574 498440027.57931 1154441876.32270 515603112.20492 1106749547.04984 652335800.23170 1024394699.73719 670136800.78492 897699669.44060 658798800.36784 596826071.76417 444046608.03952 449125365.75550 199343285.66402 411873363.25162 484564752.77108 1095721250.82730 478110032.84328 983394380.07692 528899642.88754 1012547550.36569 334103339.04617 439662762.04470 123219270.45541 x 374444821.19399 707282665.17788
x 1499988331.91308 1393506113.70603 x 415937091.14200 431367699.10491 x x x x x x 1447717451.84414 x 1441294133.77549 1643118347.91208 1337645187.41870 x 1318733678.09237 x 1302541010.89696 1064787359.87761 283667470.49248 x 205603754.86217 x x 886340776.42881 278258624.91233 788746780.28640 x x x x x 611607535.85441 569890703.00167 x x x 602823688.79668 x x 1327594061.21746 297381429.64019 749094856.11765 x 374444821.19399 x 436018814.24719
1634782377.39961 1607504894.29663 1496335704.36533 1443685618.55463 147559787.09928 51735443.49700 105856304.09186 114992820.69030 1669973299.49568 1673921733.02470 1674162683.13782 1699607816.45270 1695527263.92088 1652645732.37034 1657551417.66141 1598195004.15138 1592378572.84455 1598739587.71254 1617898687.76088 1581563535.39824 1586290082.00966 677645242.91341 701715930.04280 733538600.91307 575115363.28831 587976120.99450 636136782.59105 453051770.77193 357073249.02638 353501271.70937 320896352.13908 194505383.28925 374236516.82765 1171193058.71109 265183119.74321 648590468.96868 858240039.95348 675070594.53009 592448711.32755 932798861.13597 603472025.20609 501321597.89941 793816993.12778 1421094725.96059 401307599.10271 906956891.35361 593802107.83496 707282665.17788 436018814.24719 x
