50
23
a0 a1 a2 a3 a4 a5 a6 a7 a8 a9 a10 a11 a12 a13 a14 a15 a16 a17 a18 a19 a20 a21 a22 a23 a24 a25 a26 a27 a28 a29 a30 a31 a32 a33 a34 a35 a36 a37 a38 a39 a40 a41 a42 a43 a44 a45 a46 a47 a48 a49 
a7 a47 a3 a13 a18 a26 a39 a43 a32 a37 a38 a20 a29 a46 a1 a30 a11 a33 a19 a24 a35 a40 a44 
a0
x 631 x 13804 1335 69 9962 6977 7414 17027 7873 2520 5630 9027 11560 6898 7469 220 4376 1337 9147 612 912 4209 7088 809 856 94 12750 6047 54 22 9553 7952 334 290 2628 457 3446 8834 9839 86 7002 817 19857 8932 2775 x 17435 8414 
631 x 1699 13824 x 653 9839 6833 6946 16512 7273 2024 5516 9367 11205 7308 7851 593 4025 856 9113 321 x x 6634 199 x x 12119 5422 622 624 9201 x 802 664 2145 874 3011 x 9328 712 7457 922 19955 8996 2718 7701 17679 7821 
x 1699 x 12678 x 2145 x 7148 5378 x 8154 911 5008 10309 10955 5854 7668 1919 3357 2268 8643 1483 x 5766 7254 1795 2800 2189 10685 5481 2072 2094 9424 9428 2190 2262 544 1753 3679 x 8316 2127 8225 x 19652 x 2415 x 18776 6385 
13804 13824 12678 x 12650 13789 19723 9119 8535 5214 x 13202 16802 8982 6274 18100 12410 13807 13858 14239 8246 13855 13795 10347 7525 13804 13838 13776 12724 10940 13839 x 5638 8343 13632 x 12907 x 15551 x 17063 13759 9295 14215 11537 9559 14876 14645 6948 x 
1335 x x 12650 x 1327 11138 x 7981 17782 8041 2172 6866 7923 10260 6311 7714 1455 4327 2269 9617 1571 x 3451 6593 2031 1683 1348 x 6206 1349 1341 9242 8420 x 1442 2595 1280 x 9762 8785 1341 x 1802 18603 9269 3326 9508 17757 8432 
69 653 2145 13789 1327 x 9897 6911 7347 17078 7879 2574 x 9046 11491 6950 7536 254 4391 1381 9172 666 949 4207 7027 765 910 x 12770 6008 x 58 9504 7947 x x 2577 400 x 8768 9896 67 7018 754 19848 8865 2779 8303 17471 x 
9962 9839 x 19723 11138 9897 x 13284 11808 x 5067 11437 5851 18791 15911 7490 9993 9972 x 9199 x 9813 9967 11342 13763 9907 9936 9966 8431 x 9959 9946 17024 17068 x 10003 10451 10192 9620 x 10087 9896 13049 9405 10494 17328 12054 x 16157 5934 
6977 6833 7148 9119 x 6911 13284 x 9548 13859 11492 7157 9598 7013 13538 12112 6439 6793 9141 6689 5652 7127 6391 3885 4895 6818 7290 6924 8055 3286 7005 6968 7120 5858 6875 x 7127 6825 x 9100 14274 6914 9261 x 14755 15449 6565 x 12458 8137 
7414 6946 5378 8535 7981 7347 11808 9548 x x 10267 x 8312 8644 7598 10452 4878 7257 7974 6749 4385 6848 8061 7967 11483 6991 x 7339 6588 x 7422 7404 5603 7364 7224 7316 5730 7000 7304 4214 9016 7339 11654 7513 14372 10000 6795 8209 15264 6517 
17027 16512 x 5214 17782 17078 x 13859 x x 17408 16808 18416 11374 8577 17930 12434 17028 13585 x 9646 16593 16344 15071 12453 16528 17260 16965 8805 15084 17074 17047 10234 12259 16833 16949 16853 17304 19024 9250 17785 17026 13289 16447 x 12896 17175 13345 4537 12596 
7873 7273 8154 x 8041 7879 5067 11492 10267 17408 x 8066 8239 x 14025 3468 9069 7658 6307 7804 x 7426 7925 7626 8850 7148 8475 7870 12441 11724 7861 7858 14374 15103 7642 7761 8193 x 8517 13668 9552 7882 10503 7640 12920 14841 9798 9363 14531 8257 
2520 2024 911 13202 2172 2574 11437 7157 x 16808 8066 x 5733 9755 10904 6675 7980 x 3592 x 8187 2029 2957 5565 6760 1880 2399 x 10515 5170 2569 2534 9537 9741 2413 2651 x 2472 3099 9979 7434 x 7855 2664 19939 8574 3007 8193 19027 6815 
5630 5516 5008 16802 6866 x 5851 9598 8312 18416 8239 5733 x 13338 14763 6488 x 5603 5492 5846 x 5510 4849 9501 11779 5372 5897 5536 11966 7427 5602 5646 11260 12824 5688 5704 4814 6003 3948 11276 10777 5640 8984 6204 16170 14243 7282 5502 15524 7788 
9027 9367 10309 8982 7923 9046 18791 7013 8644 11374 x 9755 13338 x 9777 12175 11149 8936 12057 9937 9724 9480 9425 7473 10068 x 9230 9028 14803 8263 9011 9015 3701 5656 9291 9018 10115 8778 9921 x 13028 9007 8410 9544 17020 9751 9584 9111 14686 13301 
11560 11205 10955 6274 10260 11491 15911 13538 7598 8577 14025 10904 14763 9777 x 12595 8764 11472 9323 10708 9668 11291 x x 10035 11346 x x 12554 15071 11555 11542 7603 9026 11358 11627 10668 11279 11791 4902 15357 11478 15319 10839 12935 8487 x 13995 8827 x 
6898 7308 5854 18100 6311 6950 7490 12112 10452 17930 3468 6675 6488 12175 12595 x 6780 6848 4523 7342 13966 7144 x 9734 10988 7401 7240 6991 15627 9940 6870 x 15254 12186 6970 6933 5980 6858 5561 13582 8817 6921 9726 7256 x 13482 8204 9792 x 7009 
7469 7851 7668 12410 7714 7536 9993 6439 4878 12434 9069 7980 x 11149 8764 6780 x 7466 4927 7865 9093 7936 7862 9284 7628 8034 6681 7382 8971 8991 7504 7480 9231 7909 7673 7729 7413 7175 8087 7011 10835 7469 9675 7829 x 11388 7535 x 15052 11043 
220 593 1919 13807 1455 254 9972 6793 7257 17028 7658 x 5603 8936 11472 6848 7466 x 4420 1170 9252 625 920 4074 7081 x 892 310 12599 5865 x 204 9621 x 364 475 2438 495 3522 8948 9886 229 6908 x 19874 8807 2978 8153 17606 8207 
4376 4025 3357 13858 4327 4391 x 9141 7974 13585 6307 3592 5492 12057 9323 4523 4927 4420 x x 9775 4129 3564 6473 8852 3897 4392 4292 13532 x 4366 4361 12091 11616 4107 4646 3581 4277 5638 9298 9765 4417 x 3884 17410 10907 x 5328 15768 9272 
1337 856 2268 14239 2269 1381 9199 6689 6749 x 7804 x 5846 9937 10708 7342 7865 1170 x x 8893 942 x 3924 7087 913 1876 1356 11956 5019 1284 1337 9559 7982 1159 1308 2087 1243 x 9057 9296 1377 7142 986 19306 8797 x 7809 16855 8100 
9147 9113 8643 8246 9617 9172 x 5652 4385 9646 x 8187 x 9724 9668 13966 9093 9252 9775 8893 x 9161 x 9466 7278 x 9731 9189 9098 6102 9112 x 6583 9136 9300 9396 8275 8940 x 6329 9415 9123 7483 9018 16105 13240 8332 8224 12589 8122 
612 321 1483 13855 1571 666 9813 7127 6848 16593 7426 2029 5510 9480 11291 7144 7936 625 4129 942 9161 x 1341 4436 6667 514 1336 706 12138 5737 608 619 9472 8338 906 847 x 907 3190 9373 9324 675 x x 19704 9058 3005 7949 17478 x 
912 x x 13795 x 949 9967 6391 8061 16344 7925 2957 4849 9425 x x 7862 920 3564 x x 1341 x 4956 7778 1536 1348 998 12013 5731 945 x 9889 8228 1244 1173 3289 1187 3708 8341 10314 978 6325 1656 19409 9497 3350 8525 18065 8084 
4209 x 5766 10347 3451 4207 11342 3885 7967 15071 7626 5565 9501 7473 x 9734 9284 4074 6473 3924 9466 4436 4956 x 4376 4315 4790 4203 8706 5580 4180 4190 8282 9282 x 4144 5490 4554 7492 7322 10829 4270 9290 4308 15874 11670 5359 8759 14728 8269 
7088 6634 7254 7525 6593 7027 13763 4895 11483 12453 8850 6760 11779 10068 10035 10988 7628 7081 8852 7087 7278 6667 7778 4376 x 6684 6781 7114 10953 5049 7055 7074 8997 8712 7358 7173 7170 7059 x 10499 9790 7054 9448 7269 14996 12755 8695 9169 12336 8375 
809 199 1795 13804 2031 765 9907 6818 6991 16528 7148 1880 5372 x 11346 7401 8034 x 3897 913 x 514 1536 4315 6684 x 1598 733 12194 5295 819 x 9330 7960 935 785 2156 960 3202 8906 9185 x 7553 915 19884 9139 2790 7549 17739 7791 
856 x 2800 13838 1683 910 9936 7290 x 17260 8475 2399 5897 9230 x 7240 6681 892 4392 1876 9731 1336 1348 4790 6781 1598 x 916 x 5890 849 852 9614 7700 1002 1096 2702 x 3837 8942 9419 x 6348 1523 19055 9622 2275 8615 17511 x 
94 x 2189 13776 1348 x 9966 6924 7339 16965 7870 x 5536 9028 x 6991 7382 310 4292 1356 9189 706 998 4203 7114 733 916 x 12802 5960 127 116 9597 x 392 355 x 478 x 8873 9894 127 6980 x 19799 8983 2779 x 17491 8357 
12750 12119 10685 12724 x 12770 8431 8055 6588 8805 12441 10515 11966 14803 12554 15627 8971 12599 13532 11956 9098 12138 12013 8706 10953 12194 x 12802 x 9890 12726 12743 11308 10957 12419 12597 10572 12379 13264 7703 x 12771 9817 12253 11703 15573 11105 x 10238 9933 
6047 5422 5481 10940 6206 6008 x 3286 x 15084 11724 5170 7427 8263 15071 9940 8991 5865 x 5019 6102 5737 5731 5580 5049 5295 5890 5960 9890 x 6016 6034 7770 8496 5782 6065 6006 6211 4995 10449 11224 6036 7273 6002 14893 x 7184 7627 14745 x 
54 622 2072 13839 1349 x 9959 7005 7422 17074 7861 2569 5602 9011 11555 6870 7504 x 4366 1284 9112 608 945 4180 7055 819 849 127 12726 6016 x 58 9555 8002 x 318 2574 503 3443 8833 9888 100 x 803 19892 8880 2818 8248 17391 8409 
22 624 2094 x 1341 58 9946 6968 7404 17047 7858 2534 5646 9015 11542 x 7480 204 4361 1337 x 619 x 4190 7074 x 852 116 12743 6034 58 x 9550 7955 356 310 2609 456 3462 8823 9857 89 7016 x 19870 8911 2790 8266 17447 8405 
9553 9201 9424 5638 9242 9504 17024 7120 5603 10234 14374 9537 11260 3701 7603 15254 9231 9621 12091 9559 6583 9472 9889 8282 8997 9330 9614 9597 11308 7770 9555 9550 x 7222 9859 9794 9764 9756 10527 5247 11803 9485 8709 9110 16250 9695 10173 12257 x 11923 
7952 x 9428 8343 8420 7947 17068 5858 7364 12259 15103 9741 12824 5656 9026 12186 7909 x 11616 7982 9136 8338 8228 9282 8712 7960 7700 x 10957 8496 8002 7955 7222 x x 8065 9862 7915 x 7903 9046 7917 9398 x x 14625 9663 9907 9968 13728 
334 802 2190 13632 x x x 6875 7224 16833 7642 2413 5688 9291 11358 6970 7673 364 4107 1159 9300 906 1244 x 7358 935 1002 392 12419 5782 x 356 9859 x x 621 2699 574 3258 9035 x 378 7163 x 19678 8979 2834 8112 17365 x 
290 664 2262 x 1442 x 10003 x 7316 16949 7761 2651 5704 9018 11627 6933 7729 475 4646 1308 9396 847 1173 4144 7173 785 1096 355 12597 6065 318 310 9794 8065 621 x 2710 556 3531 8577 9629 358 6892 907 19819 8726 2630 8209 17345 8275 
2628 2145 544 12907 2595 2577 10451 7127 5730 16853 8193 x 4814 10115 10668 5980 7413 2438 3581 2087 8275 x 3289 5490 7170 2156 2702 x 10572 6006 2574 2609 9764 9862 2699 2710 x 2181 x 8944 8257 2633 8154 2959 x 9432 2668 8724 18883 x 
457 874 1753 x 1280 400 10192 6825 7000 17304 x 2472 6003 8778 11279 6858 7175 495 4277 1243 8940 907 1187 4554 7059 960 x 478 12379 6211 503 456 9756 7915 574 556 2181 x 3047 x 9496 457 7269 945 19622 8840 2592 8309 17203 8027 
3446 3011 3679 15551 x x 9620 x 7304 19024 8517 3099 3948 9921 11791 5561 8087 3522 5638 x x 3190 3708 7492 x 3202 3837 x 13264 4995 3443 3462 10527 x 3258 3531 x 3047 x 10584 8273 3422 9686 3712 17373 11542 4151 8884 17578 7150 
8834 x x x 9762 8768 x 9100 4214 9250 13668 9979 11276 x 4902 13582 7011 8948 9298 9057 6329 9373 8341 7322 10499 8906 8942 8873 7703 10449 8833 8823 5247 7903 9035 8577 8944 x 10584 x x 8810 13081 9057 11990 9260 9015 9303 13212 7124 
9839 9328 8316 17063 8785 9896 10087 14274 9016 17785 9552 7434 10777 13028 15357 8817 10835 9886 9765 9296 9415 9324 10314 10829 9790 9185 9419 9894 x 11224 9888 9857 11803 9046 x 9629 8257 9496 8273 x x 9845 8114 9908 14595 9184 9854 7404 16976 12783 
86 712 2127 13759 1341 67 9896 6914 7339 17026 7882 x 5640 9007 11478 6921 7469 229 4417 1377 9123 675 978 4270 7054 x x 127 12771 6036 100 89 9485 7917 378 358 2633 457 3422 8810 9845 x 7022 793 19854 8874 2760 8321 x 8366 
7002 7457 8225 9295 x 7018 13049 9261 11654 13289 10503 7855 8984 8410 15319 9726 9675 6908 x 7142 7483 x 6325 9290 9448 7553 6348 6980 9817 7273 x 7016 8709 9398 7163 6892 8154 7269 9686 13081 8114 7022 x 7025 18834 8373 8320 11982 x 8613 
817 922 x 14215 1802 754 9405 x 7513 16447 7640 2664 6204 9544 10839 7256 7829 x 3884 986 9018 x 1656 4308 7269 915 1523 x 12253 6002 803 x 9110 x x 907 2959 945 3712 9057 9908 793 7025 x 19850 8767 2727 8382 17168 7980 
19857 19955 19652 11537 18603 19848 10494 14755 14372 x 12920 19939 16170 17020 12935 x x 19874 17410 19306 16105 19704 19409 15874 14996 19884 19055 19799 11703 14893 19892 19870 16250 x 19678 19819 x 19622 17373 11990 14595 19854 18834 19850 x 16315 18000 18133 18335 14931 
8932 8996 x 9559 9269 8865 17328 15449 10000 12896 14841 8574 14243 9751 8487 13482 11388 8807 10907 8797 13240 9058 9497 11670 12755 9139 9622 8983 15573 x 8880 8911 9695 14625 8979 8726 9432 8840 11542 9260 9184 8874 8373 8767 16315 x 9511 14133 10505 x 
2775 2718 2415 14876 3326 2779 12054 6565 6795 17175 9798 3007 7282 9584 x 8204 7535 2978 x x 8332 3005 3350 5359 8695 2790 2275 2779 11105 7184 2818 2790 10173 9663 2834 2630 2668 2592 4151 9015 9854 2760 8320 2727 18000 9511 x 9708 18710 8580 
x 7701 x 14645 9508 8303 x x 8209 13345 9363 8193 5502 9111 13995 9792 x 8153 5328 7809 8224 7949 8525 8759 9169 7549 8615 x x 7627 8248 8266 12257 9907 8112 8209 8724 8309 8884 9303 7404 8321 11982 8382 18133 14133 9708 x 15318 7453 
17435 17679 18776 6948 17757 17471 16157 12458 15264 4537 14531 19027 15524 14686 8827 x 15052 17606 15768 16855 12589 17478 18065 14728 12336 17739 17511 17491 10238 14745 17391 17447 x 9968 17365 17345 18883 17203 17578 13212 16976 x x 17168 18335 10505 18710 15318 x x 
8414 7821 6385 x 8432 x 5934 8137 6517 12596 8257 6815 7788 13301 x 7009 11043 8207 9272 8100 8122 x 8084 8269 8375 7791 x 8357 9933 x 8409 8405 11923 13728 x 8275 x 8027 7150 7124 12783 8366 8613 7980 14931 x 8580 7453 x x 
