50
31
a0 a1 a2 a3 a4 a5 a6 a7 a8 a9 a10 a11 a12 a13 a14 a15 a16 a17 a18 a19 a20 a21 a22 a23 a24 a25 a26 a27 a28 a29 a30 a31 a32 a33 a34 a35 a36 a37 a38 a39 a40 a41 a42 a43 a44 a45 a46 a47 a48 a49
a3 a9 a13 a15 a24 a35 a40 a42 a45 a12 a29 a31 a32 a44 a19 a38 a48 a2 a21 a41 a0 a5 a33 a37 a14 a17 a20 a25 a7 a1 a26
a0
x 8199 x 5604 5924 3410 18956 38 14409 8945 3010 1503 8139 2911 36 2834 754 28 242 x 60 337 87 4327 1526 3241 89 46 6700 40 6462 17 1485 8929 14046 14 3469 3797 71 396 7329 1247 14897 8786 3044 9652 8017 4108 63 x
8199 x 5402 5894 6063 9191 13384 8182 17054 9774 8379 9166 5548 10290 8195 6285 7789 8175 8224 9263 8214 8173 8178 5340 7262 9758 8266 8153 5424 8161 13709 8214 8076 x 10431 8196 7148 9363 8142 8025 3765 9166 8078 8803 8552 6938 6814 4935 8212 x
x 5402 x 6750 831 x 16050 5620 16977 11119 4715 6801 7542 5094 5614 5647 5731 5574 5369 9623 5547 5507 5657 9040 5905 5097 5625 5565 6082 5611 9755 5605 6962 6817 14539 5583 4969 6698 5600 5221 6904 5714 9318 5820 3956 6111 5660 5567 5593 9283
5604 5894 6750 x 7268 8019 14483 5641 18153 x 5158 6099 7620 5017 5609 5809 6038 5599 5544 12847 5624 5852 5683 3239 5449 6142 5598 5588 2014 5602 x 5610 4828 9705 12894 5594 6360 6533 5615 5562 7797 4551 12609 8053 8040 10663 4194 1620 5567 4082
5924 6063 831 7268 x 7490 15610 5919 16450 11443 4218 6596 7369 5734 5902 5777 5599 5900 5847 9273 5948 6194 5866 8687 6616 4749 5841 5948 6293 x 9245 5941 6770 7252 14950 5934 4230 6535 5976 5977 7473 6128 9066 6212 3217 6750 5905 6277 5917 9772
3410 9191 x 8019 7490 x 15947 3393 15796 8242 3315 3912 7022 4894 3443 5640 x 3386 3318 13123 3374 x 3330 6754 4027 4973 3383 3386 7031 3388 5411 3408 3488 8900 13931 3414 4250 2403 3474 3601 6525 3673 15359 8778 6034 7197 7268 6653 3354 9220
18956 13384 16050 14483 15610 15947 x 18945 x 13900 18722 18967 17160 19173 x 16679 18240 18974 19074 x 18973 18936 18874 16310 x 16258 18991 18930 15598 18971 13011 18952 18050 13664 6182 18960 19209 15264 18993 18673 13547 18948 9533 17203 x 13322 13794 15741 18905 10431
38 8182 5620 5641 5919 3393 18945 x 14410 8977 2981 1501 8150 2905 67 x 782 56 253 14747 76 374 x 4334 1508 3234 96 66 6717 46 6430 53 1479 8931 14066 48 3441 3795 105 425 7340 1273 14867 x 3017 9654 8037 4070 x 8965
14409 17054 16977 18153 16450 15796 x 14410 x 15523 14671 15218 17672 15362 14391 12905 14843 14392 14305 11558 14445 14353 14406 16634 14923 16783 14320 14432 18974 14395 19150 14423 14423 16361 12066 x 17375 13542 14397 14482 16199 x 9801 19049 13763 14761 16720 x 14366 14800
8945 9774 11119 x 11443 8242 13900 8977 15523 x 7956 8303 9243 8311 8947 7981 8532 8925 9068 7620 8903 8756 8858 8539 9147 7054 x 8937 5771 8980 7836 x 8776 12132 19227 8944 11946 8099 9007 8605 6719 8914 9775 11562 11121 7371 6399 8782 8932 3647
3010 8379 4715 5158 4218 3315 18722 2981 14671 7956 x 2540 5186 4772 2975 3586 2597 3033 2977 12062 2982 3119 3025 5915 3810 3686 2971 2981 4619 3025 6967 3025 2682 6312 14851 3019 x 5198 2948 2968 9573 4015 12884 6250 3440 7092 6882 5201 3033 8382
1503 9166 6801 6099 6596 3912 18967 1501 15218 8303 2540 x 6859 3328 1506 3468 x 1508 1736 13409 1473 1706 1467 5484 2127 3940 1505 1480 x 1474 6532 1497 1788 7963 14718 1489 3754 5180 1569 1681 8082 2631 14511 8476 3794 8258 6578 5097 1463 9701
8139 5548 7542 7620 7369 7022 17160 8150 17672 9243 5186 6859 x x 8159 7297 7733 8114 8140 13941 8115 8090 8151 7269 7474 6538 8095 8167 x 8110 9770 8127 7693 5877 12011 8125 5577 9339 8074 7905 5996 8242 10590 4355 8044 6200 4478 8869 8134 8854
2911 10290 5094 5017 5734 4894 19173 2905 15362 8311 4772 3328 x x x 5041 2764 2937 3035 12988 2944 3092 2882 7034 3111 5951 2863 2956 5581 2873 6527 2913 3863 7281 14659 2903 4307 4067 2969 2957 x 3785 13674 6299 3371 9156 7456 6534 2848 8771
36 8195 5614 5609 5902 3443 x 67 14391 8947 2975 1506 8159 x x 2814 785 60 250 14746 89 333 121 4327 1526 3217 117 64 x 71 6446 52 1481 8925 14058 48 3467 3828 99 422 7302 1234 14923 x 3018 9663 8042 4132 89 8931
2834 6285 5647 5809 5777 5640 16679 x 12905 7981 3586 3468 7297 5041 2814 x x 2819 2599 14090 2837 2861 2850 6455 4011 4613 2752 2826 7363 2838 8471 2841 2486 8338 16219 x 5957 3811 2875 3063 7022 3128 12904 x 4209 7737 8413 6055 2816 7053
754 7789 5731 6038 5599 x 18240 782 14843 8532 2597 x 7733 2764 785 x x x 991 14314 738 818 685 5061 1953 3697 832 792 6044 767 6482 766 1761 8616 13690 757 4018 4194 786 651 7606 1824 14512 8076 3586 9209 8595 4642 776 9222
28 8175 5574 5599 5900 3386 18974 56 14392 8925 3033 1508 8114 2937 60 2819 x x 254 14750 55 342 112 4312 1512 3239 94 64 6722 68 6441 42 1466 8947 14039 42 3458 3770 95 x 7349 1229 14877 8759 3018 9677 8011 4097 89 8951
242 8224 5369 5544 5847 3318 19074 253 14305 9068 2977 1736 8140 3035 250 2599 991 254 x 14738 283 382 323 4364 1563 3203 329 288 6486 266 6648 258 1682 9058 14053 252 x 4005 298 635 7525 1080 14680 8763 3019 9530 x 3998 274 8811
x 9263 9623 12847 9273 13123 x 14747 11558 7620 12062 13409 13941 12988 14746 14090 14314 14750 14738 x 14792 14524 14777 12554 13521 12817 14793 14772 13336 14709 x 14764 13910 x 18734 14753 x x x 14832 9747 14725 7987 13740 11830 9516 11024 11805 14772 9620
60 8214 5547 5624 5948 3374 18973 76 14445 8903 2982 1473 8115 2944 89 2837 738 55 283 14792 x 355 115 4340 1506 3188 144 74 6690 92 6482 63 1438 8972 13990 73 3428 3822 x x 7316 x x 8734 3019 9656 7996 4070 x 8941
337 8173 5507 5852 6194 x 18936 374 14353 8756 3119 1706 8090 3092 333 2861 818 342 382 14524 355 x x 4544 1276 3330 385 370 6729 342 6484 343 1467 8812 13941 334 x 4078 377 517 7308 1310 14706 8724 3247 9363 7928 4303 359 9097
87 8178 5657 5683 5866 3330 18874 x 14406 8858 3025 1467 8151 2882 121 2850 685 112 323 14777 115 x x 4395 1554 3299 172 127 6700 124 x 96 1519 8913 14062 94 3477 3789 x 470 7359 1331 14868 8753 3120 9581 8006 4096 149 8903
4327 5340 9040 3239 8687 6754 16310 4334 16634 8539 5915 5484 7269 7034 4327 6455 5061 4312 4364 12554 4340 4544 4395 x 5115 7149 4278 4368 4970 4325 9785 4342 5286 11311 15524 4319 5353 6501 4387 4610 5324 5201 10598 9535 7320 8680 3859 3604 4305 6954
1526 7262 5905 5449 6616 4027 x 1508 14923 9147 3810 2127 7474 3111 1526 4011 1953 1512 1563 13521 1506 1276 1554 5115 x 3377 1580 1529 5916 1513 6998 1512 1891 8596 13095 1519 3419 3422 1484 1413 6193 2525 15208 8717 4181 9784 7610 x 1576 7894
3241 9758 5097 6142 4749 4973 16258 3234 16783 7054 3686 3940 6538 5951 3217 4613 3697 3239 3203 12817 3188 3330 3299 7149 3377 x 3279 3232 6734 3205 9018 3227 x 9354 14126 3227 6232 4267 3306 3170 6569 3791 12440 9126 5577 8505 9433 4863 3205 8556
89 8266 5625 5598 5841 3383 18991 96 14320 x 2971 1505 8095 2863 117 2752 832 94 329 14793 144 385 172 4278 1580 3279 x 122 6712 109 6428 106 1474 8902 14048 95 3492 3756 158 481 7387 1298 14821 8766 3098 x 7996 4124 98 8918
46 8153 5565 5588 5948 3386 18930 66 14432 8937 2981 1480 8167 2956 64 2826 792 64 288 14772 74 370 127 4368 1529 3232 122 x 6683 84 6492 61 1473 8947 14027 x x 3786 101 395 7329 1244 14880 8783 3081 9690 8016 4116 108 8944
6700 5424 6082 2014 6293 7031 15598 6717 18974 5771 4619 x x 5581 x 7363 6044 6722 6486 13336 6690 6729 6700 4970 5916 6734 6712 6683 x 6735 9433 6691 x 8397 14540 6693 x 7515 6663 6648 7539 5846 10914 9808 6248 10296 3057 3246 6692 5723
40 8161 5611 5602 x 3388 18971 46 14395 8980 3025 1474 8110 2873 71 2838 767 68 266 14709 92 342 124 4325 1513 3205 109 84 6735 x 6433 57 1477 8937 14065 44 3430 3785 105 402 7361 1248 14901 8764 x 9622 8048 4112 71 8991
6462 13709 9755 x 9245 5411 13011 6430 19150 7836 6967 6532 9770 6527 6446 8471 6482 6441 6648 x 6482 6484 x 9785 6998 9018 6428 6492 9433 6433 x 6460 x 7096 18733 6467 8029 7522 6453 6415 10659 x 11552 6085 9163 6779 8897 8980 6433 5348
17 8214 5605 5610 5941 3408 18952 53 14423 x 3025 1497 8127 2913 52 2841 766 42 258 14764 63 343 96 4342 1512 3227 106 61 6691 57 6460 x 1483 8932 14051 28 3465 3811 88 410 7316 1254 x 8771 3041 9646 8012 4112 79 8945
1485 8076 6962 4828 6770 3488 18050 1479 14423 8776 2682 1788 7693 3863 1481 2486 1761 1466 1682 13910 1438 1467 1519 5286 1891 x 1474 1473 x 1477 x 1483 x 8946 14953 1485 4174 x 1544 1761 6898 1348 15149 8315 4259 8409 6871 4780 1524 8599
8929 x 6817 9705 7252 8900 13664 8931 16361 12132 6312 7963 5877 7281 8925 8338 8616 8947 9058 x 8972 8812 8913 11311 8596 9354 8902 8947 8397 8937 7096 8932 8946 x 12229 8930 6791 8684 8956 8919 7379 9445 x 6182 7868 5054 8380 9340 8971 8705
14046 10431 14539 12894 14950 13931 6182 14066 12066 19227 14851 14718 12011 14659 14058 16219 13690 14039 14053 18734 13990 13941 14062 15524 13095 14126 14048 14027 14540 14065 18733 14051 14953 12229 x 14035 14288 14559 14043 14154 14053 13855 11126 13019 13726 17264 15992 13184 14088 16101
14 8196 5583 5594 5934 3414 18960 48 x 8944 3019 1489 8125 2903 48 x 757 42 252 14753 73 334 94 4319 1519 3227 95 x 6693 44 6467 28 1485 8930 14035 x 3471 3784 85 396 7318 1255 14895 8785 3049 9654 8029 4116 70 8969
3469 7148 4969 6360 4230 4250 19209 3441 17375 11946 x 3754 5577 4307 3467 5957 4018 3458 x x 3428 x 3477 5353 3419 6232 3492 x x 3430 8029 3465 4174 6791 14288 3471 x 4778 x 3509 6067 3603 13099 8804 5075 7843 5652 5512 3487 9702
3797 9363 6698 6533 6535 2403 15264 3795 13542 8099 5198 5180 9339 4067 3828 3811 4194 3770 4005 x 3822 4078 3789 6501 3422 4267 3756 3786 7515 3785 7522 3811 x 8684 14559 3784 4778 x 3776 x 5749 4485 13371 6902 3751 7436 7706 7514 3777 7639
71 8142 5600 5615 5976 3474 18993 105 14397 9007 2948 1569 8074 2969 99 2875 786 95 298 x x 377 x 4387 1484 3306 158 101 6663 105 6453 88 1544 8956 14043 85 x 3776 x 425 7273 1207 14833 8809 3111 9598 7982 4115 131 9008
396 8025 5221 5562 5977 3601 18673 425 14482 8605 2968 1681 7905 2957 422 3063 651 x 635 14832 x 517 470 4610 1413 3170 481 395 6648 402 6415 410 1761 8919 14154 396 3509 x 425 x 7008 1527 14531 x 3425 9646 7992 x 410 9005
7329 3765 6904 7797 7473 6525 13547 7340 16199 6719 9573 8082 5996 x 7302 7022 7606 7349 7525 9747 7316 7308 7359 5324 6193 6569 7387 7329 7539 7361 10659 7316 6898 7379 14053 7318 6067 5749 7273 7008 x 7840 10378 7909 7562 8369 6753 6936 7331 9767
1247 9166 5714 4551 6128 3673 18948 1273 x 8914 4015 2631 8242 3785 1234 3128 1824 1229 1080 14725 x 1310 1331 5201 2525 3791 1298 1244 5846 1248 x 1254 1348 9445 13855 1255 3603 4485 1207 1527 7840 x 14566 9496 3765 9075 7857 5001 1260 8628
14897 8078 9318 12609 9066 15359 9533 14867 9801 9775 12884 14511 10590 13674 14923 12904 14512 14877 14680 7987 x 14706 14868 10598 15208 12440 14821 14880 10914 14901 11552 x 15149 x 11126 14895 13099 13371 14833 14531 10378 14566 x 12948 11982 8390 12159 11966 14885 9231
8786 8803 5820 8053 6212 8778 17203 x 19049 11562 6250 8476 4355 6299 x x 8076 8759 8763 13740 8734 8724 8753 9535 8717 9126 8766 8783 9808 8764 6085 8771 8315 6182 13019 8785 8804 6902 8809 x 7909 9496 12948 x 6483 9723 8298 7349 8743 10885
3044 8552 3956 8040 3217 6034 x 3017 13763 11121 3440 3794 8044 3371 3018 4209 3586 3018 3019 11830 3019 3247 3120 7320 4181 5577 3098 3081 6248 x 9163 3041 4259 7868 13726 3049 5075 3751 3111 3425 7562 3765 11982 6483 x 7605 8164 6567 3077 8671
9652 6938 6111 10663 6750 7197 13322 9654 14761 7371 7092 8258 6200 9156 9663 7737 9209 9677 9530 9516 9656 9363 9581 8680 9784 8505 x 9690 10296 9622 6779 9646 8409 5054 17264 9654 7843 7436 9598 9646 8369 9075 8390 9723 7605 x 8056 x 9668 6729
8017 6814 5660 4194 5905 7268 13794 8037 16720 6399 6882 6578 4478 7456 8042 8413 8595 8011 x 11024 7996 7928 8006 3859 7610 9433 7996 8016 3057 8048 8897 8012 6871 8380 15992 8029 5652 7706 7982 7992 6753 7857 12159 8298 8164 8056 x 4753 8011 7065
4108 4935 5567 1620 6277 6653 15741 4070 x 8782 5201 5097 8869 6534 4132 6055 4642 4097 3998 11805 4070 4303 4096 3604 x 4863 4124 4116 3246 4112 8980 4112 4780 9340 13184 4116 5512 7514 4115 x 6936 5001 11966 7349 6567 x 4753 x 4158 5441
63 8212 5593 5567 5917 3354 18905 x 14366 8932 3033 1463 8134 2848 89 2816 776 89 274 14772 x 359 149 4305 1576 3205 98 108 6692 71 6433 79 1524 8971 14088 70 3487 3777 131 410 7331 1260 14885 8743 3077 9668 8011 4158 x 8957
x x 9283 4082 9772 9220 10431 8965 14800 3647 8382 9701 8854 8771 8931 7053 9222 8951 8811 9620 8941 9097 8903 6954 7894 8556 8918 8944 5723 8991 5348 8945 8599 8705 16101 8969 9702 7639 9008 9005 9767 8628 9231 10885 8671 6729 7065 5441 8957 x