41
2
vyqxkfpbpxoct tfmnfmmgqrujeytqb nqdvepbdasyscfe sngmzvtajq etszdi dzodusbbrrasrm ctrwclvymrlzuswsik qnrzk dkwgm ylljklebguaqfh hcgbnvaajsid okmj xapvxpbenimenrbusf wysebdqkryipsrcfrmpe srveehtur fvboitbbscvxcp lvyxxczbvumrzhylv fkicpzjiwqoucv mobyszdkeay yxt bfjahnue yhoinkfbsvifmlgaio qqosjzkpyvifh tcyxqfnyfcri hrpon rakbasbzfzts jqcj nzwkfhgpqg jhkyec gmdawjpydpjtz bukjzuxluwixkhohrils fbhxpuzsmbjtl ovbbdujtnzk yzikol yioaanvtbqra pysnp gytwtslm tunszgyznkh rbwzfxmq zlzkpfxehan wxjqsdeyrmxgossl
ovbbdujtnzk gmdawjpydpjtz
jhkyec
x 18 x 17 16 18 17 x 10 17 13 19 x 15 19 x 10 13 15 18 10 12 15 19 10 19 12 14 x 18 10 10 18 17 19 10 11 x 12 10 17
18 x 11 x 19 12 18 18 18 15 x 17 17 10 19 17 10 x 11 10 11 19 14 16 19 16 x 12 12 x 13 15 x 11 10 13 x 15 14 16 13
x 11 x 14 15 14 x 13 19 15 19 10 15 16 18 11 15 10 11 17 14 x 10 10 19 x 14 17 15 16 11 11 17 14 x x 15 18 12 10 x
17 x 14 x 14 13 10 17 x 10 19 15 14 x 18 19 x 17 14 10 19 13 10 12 10 10 11 19 12 14 14 13 19 x 14 11 11 18 12 14 12
16 19 15 14 x 16 14 15 16 17 19 13 13 15 x 18 12 18 13 13 16 11 17 15 13 14 14 12 x 16 14 15 19 x 12 10 18 13 15 16 17
18 12 14 13 16 x 19 14 13 15 x 11 19 11 16 18 13 11 19 11 12 13 x 17 10 10 14 13 17 13 15 12 15 17 14 17 14 x 17 15 17
17 18 x 10 14 19 x 17 13 16 10 x x 11 x x 19 16 19 16 15 16 11 18 18 13 x 17 13 16 14 10 13 11 18 17 17 19 x 17 x
x 18 13 17 15 14 17 x x 17 14 10 18 19 13 10 19 19 19 16 10 16 14 10 13 18 13 16 14 17 x 17 14 15 10 15 18 14 19 16 19
10 18 19 x 16 13 13 x x 12 16 10 12 x 15 14 19 13 13 15 11 17 19 10 11 19 12 13 12 x 18 x 12 10 15 11 16 16 x 14 10
17 15 15 10 17 15 16 17 12 x 19 15 11 10 15 x x x 10 19 12 x 18 16 x x 15 x 19 15 13 16 x x 19 18 10 14 x 19 15
13 x 19 19 19 x 10 14 16 19 x x 16 14 14 11 16 x 12 19 14 19 19 19 x 12 18 12 14 18 10 14 x 17 16 14 14 13 17 13 x
19 17 10 15 13 11 x 10 10 15 x x 13 17 11 11 14 15 19 x 15 13 14 x 19 x x 14 11 14 x 14 13 16 x 18 x 14 19 12 13
x 17 15 14 13 19 x 18 12 11 16 13 x 13 11 17 18 14 16 13 13 19 19 15 10 14 17 14 x 13 x x 19 14 11 18 13 x 12 13 14
15 10 16 x 15 11 11 19 x 10 14 17 13 x x 18 12 10 18 15 17 17 13 11 17 19 17 15 14 x 13 18 17 18 11 15 10 15 11 10 18
19 19 18 18 x 16 x 13 15 15 14 11 11 x x x x 12 16 10 13 12 13 10 x 14 11 17 17 x 17 15 18 18 18 19 16 16 x 18 13
x 17 11 19 18 18 x 10 14 x 11 11 17 18 x x 17 10 18 14 19 11 15 15 16 x x 11 13 12 15 x 11 16 16 18 13 17 x x 10
10 10 15 x 12 13 19 19 19 x 16 14 18 12 x 17 x x x x 18 x 15 17 10 15 19 19 x 16 16 18 19 12 x 13 x 19 15 11 13
13 x 10 17 18 11 16 19 13 x x 15 14 10 12 10 x x 16 19 x 10 19 17 11 15 14 x 11 14 11 19 19 10 15 17 19 12 13 12 19
15 11 11 14 13 19 19 19 13 10 12 19 16 18 16 18 x 16 x 16 17 17 18 x 15 10 14 14 19 14 18 14 18 18 11 19 12 11 19 19 16
18 10 17 10 13 11 16 16 15 19 19 x 13 15 10 14 x 19 16 x 18 15 x x x x 18 14 17 10 17 17 17 13 10 x 13 11 17 x 15
10 11 14 19 16 12 15 10 11 12 14 15 13 17 13 19 18 x 17 18 x 15 15 11 x 12 12 13 13 15 x 13 x 18 18 14 14 17 17 14 15
12 19 x 13 11 13 16 16 17 x 19 13 19 17 12 11 x 10 17 15 15 x 18 15 16 10 x x 16 17 15 x 16 11 11 17 17 14 15 11 18
15 14 10 10 17 x 11 14 19 18 19 14 19 13 13 15 15 19 18 x 15 18 x 16 13 13 12 16 17 16 18 16 10 17 17 16 x 16 11 15 13
19 16 10 12 15 17 18 10 10 16 19 x 15 11 10 15 17 17 x x 11 15 16 x 12 11 10 14 19 x 10 x 19 10 18 10 12 10 x 14 16
10 19 19 10 13 10 18 13 11 x x 19 10 17 x 16 10 11 15 x x 16 13 12 x 18 19 17 11 x 16 x 11 18 13 14 14 17 19 11 19
19 16 x 10 14 10 13 18 19 x 12 x 14 19 14 x 15 15 10 x 12 10 13 11 18 x 10 15 13 17 16 15 13 10 17 x 18 x 14 13 11
12 x 14 11 14 14 x 13 12 15 18 x 17 17 11 x 19 14 14 18 12 x 12 10 19 10 x 17 12 12 14 19 10 13 16 10 18 15 13 13 15
14 12 17 19 12 13 17 16 13 x 12 14 14 15 17 11 19 x 14 14 13 x 16 14 17 15 17 x x x 17 14 18 x 18 x 10 15 13 19 x
x 12 15 12 x 17 13 14 12 19 14 11 x 14 17 13 x 11 19 17 13 16 17 19 11 13 12 x x 17 16 15 12 18 17 18 13 13 13 16 x
18 x 16 14 16 13 16 17 x 15 18 14 13 x x 12 16 14 14 10 15 17 16 x x 17 12 x 17 x 17 15 x 12 15 12 14 12 13 x 11
10 13 11 14 14 15 14 x 18 13 10 x x 13 17 15 16 11 18 17 x 15 18 10 16 16 14 17 16 17 x 11 19 13 19 11 12 19 17 19 11
10 15 11 13 15 12 10 17 x 16 14 14 x 18 15 x 18 19 14 17 13 x 16 x x 15 19 14 15 15 11 x 10 12 17 12 12 x 13 12 17
18 x 17 19 19 15 13 14 12 x x 13 19 17 18 11 19 19 18 17 x 16 10 19 11 13 10 18 12 x 19 10 x 10 x 10 x 17 10 11 13
17 11 14 x x 17 11 15 10 x 17 16 14 18 18 16 12 10 18 13 18 11 17 10 18 10 13 x 18 12 13 12 10 x 14 19 16 14 11 15 12
19 10 x 14 12 14 18 10 15 19 16 x 11 11 18 16 x 15 11 10 18 11 17 18 13 17 16 18 17 15 19 17 x 14 x 17 16 14 11 14 13
10 13 x 11 10 17 17 15 11 18 14 18 18 15 19 18 13 17 19 x 14 17 16 10 14 x 10 x 18 12 11 12 10 19 17 x 15 10 18 17 x
11 x 15 11 18 14 17 18 16 10 14 x 13 10 16 13 x 19 12 13 14 17 x 12 14 18 18 10 13 14 12 12 x 16 16 15 x x 16 19 16
x 15 18 18 13 x 19 14 16 14 13 14 x 15 16 17 19 12 11 11 17 14 16 10 17 x 15 15 13 12 19 x 17 14 14 10 x x 18 x x
12 14 12 12 15 17 x 19 x x 17 19 12 11 x x 15 13 19 17 17 15 11 x 19 14 13 13 13 13 17 13 10 11 11 18 16 18 x x 19
10 16 10 14 16 15 17 16 14 19 13 12 13 10 18 x 11 12 19 x 14 11 15 14 11 13 13 19 16 x 19 12 11 15 14 17 19 x x x 13
17 13 x 12 17 17 x 19 10 15 x 13 14 18 13 10 13 19 16 15 15 18 13 16 19 11 15 x x 11 11 17 13 12 13 x 16 x 19 13 x
