100
50
mafkf hwhxr wnlug wtpkb kyaqs nrtqp htabn beqlb lpolv qkzwm vjfhc vaeqh kymjg qifda tipgc akegy fxhek lkzxl ngcwb bicnj swhav czppi yqwbd ttdxn nrpoi fuume llwzk dzfkr upyzd fxnnl yuayd qkysn jrhzu begrs hrige lyixz mbzzn hnizb bthif apwvq uegez guhob iddrb xecik vsiti oovyk vlzjn deoux ydhop jsibo uvqrb umkyo rnrnh impuz yjjhy ayxok svmzn rlqrg brcet riwwe xjbms ejwkt wxnxi npvgp usrtf orytw yifeb uzzfw lfceh nwnsv psudb dgrcv bqgqy amkzk bsuwt bitkj zencz xeikc xevqr yvlpb fnhle bwgqu hstmf tykrt ddinl itxfb hgzmo sfjej otdam xhmwj kvvqk nnnts ocgbu rfxfz mrnvg omloa ybgaf xvefe yztko vxjkc
rnrnh qkysn czppi lkzxl bthif akegy psudb itxfb bqgqy uzzfw fnhle impuz dzfkr fxnnl fuume bsuwt kvvqk xeikc usrtf xvefe ybgaf bicnj xjbms riwwe uegez npvgp lyixz kyaqs ocgbu wxnxi deoux hstmf tykrt iddrb vaeqh lpolv nrtqp mrnvg yztko xecik nnnts wnlug hwhxr bwgqu ydhop mbzzn lfceh llwzk ejwkt beqlb
xjbms
x 74 87 87 113 82 79 78 110 69 41 43 75 92 85 76 104 104 92 86 54 61 106 76 102 74 56 104 102 93 61 51 80 75 48 63 65 65 72 34 53 85 77 71 69 78 58 79 67 93 58 64 43 77 29 94 92 54 91 65 84 75 84 86 50 70 62 84 69 55 79 86 89 64 102 79 85 101 66 62 86 80 59 98 106 67 59 74 35 94 92 91 79 89 82 50 60 76 95 75
74 x 64 30 85 73 70 69 48 46 33 53 40 60 77 46 60 95 79 19 20 32 76 2 53 7 22 33 54 22 42 61 52 47 39 63 37 9 64 61 45 60 34 43 50 53 35 60 44 50 39 56 34 49 56 71 62 35 71 37 12 101 40 29 31 40 49 72 62 54 56 38 62 13 52 72 78 53 47 34 58 61 52 70 78 48 40 44 61 63 40 59 26 60 57 60 26 61 68 25
87 64 x 70 99 92 80 106 102 52 79 80 58 91 103 49 110 105 85 53 66 32 79 66 62 61 68 91 63 76 48 88 74 58 49 73 66 55 64 70 51 89 30 54 56 88 29 66 77 76 45 56 44 60 75 104 63 41 62 60 76 112 75 69 37 86 55 78 68 92 50 77 43 65 61 78 84 62 53 63 69 63 58 84 89 50 42 90 72 70 73 66 38 84 50 87 72 73 37 62
87 30 70 x 85 62 68 95 74 18 63 65 12 46 103 35 86 78 62 45 50 38 65 28 68 33 52 59 69 8 39 73 60 44 49 66 52 39 70 58 43 55 64 40 47 51 41 57 43 62 40 62 44 46 63 70 57 33 77 46 42 97 29 1 37 64 32 55 40 64 62 31 77 43 67 53 59 68 32 49 55 49 33 70 75 20 28 68 57 64 55 60 56 70 73 63 56 33 83 51
113 85 99 85 x 91 51 113 101 69 91 91 75 50 86 50 99 76 71 71 85 67 80 86 72 83 87 72 71 88 76 83 63 41 90 100 48 90 41 83 79 84 78 45 72 85 70 94 94 59 83 49 85 41 88 105 71 82 105 51 73 103 92 84 78 72 76 88 73 115 91 94 75 98 71 93 97 70 91 51 52 70 73 15 70 71 77 76 99 78 83 74 86 28 68 98 91 80 81 69
82 73 92 62 91 x 84 54 101 56 78 55 50 73 92 53 29 77 95 66 65 66 66 75 79 78 67 56 80 68 66 63 28 52 53 19 43 76 78 80 69 41 89 48 67 34 63 84 41 70 63 81 48 54 79 14 73 59 89 49 68 71 33 61 55 47 70 65 50 62 84 35 88 60 78 76 99 79 71 46 63 77 73 76 83 58 64 51 47 80 66 76 81 73 81 62 59 57 94 80
79 70 80 68 51 84 x 75 108 50 79 87 56 43 35 58 108 25 68 76 84 50 88 72 80 67 86 87 79 74 52 79 68 54 41 65 53 73 82 74 55 75 78 53 60 68 51 70 75 72 51 74 36 56 79 98 69 45 89 47 72 118 73 67 43 81 59 61 46 96 57 75 78 57 79 72 69 78 59 50 43 19 62 36 85 48 40 85 80 76 89 72 70 23 75 81 90 53 84 68
78 69 106 95 113 54 75 x 103 82 94 51 88 89 108 81 83 50 117 74 81 80 109 67 97 62 83 98 99 87 80 59 82 72 69 35 88 78 94 76 83 57 85 76 88 50 77 98 57 90 77 102 64 74 81 68 89 73 105 82 81 83 87 94 69 63 87 81 66 63 98 89 108 82 98 92 94 98 85 85 83 93 90 98 103 84 78 67 43 96 109 92 89 98 101 58 75 73 114 44
110 48 102 74 101 101 108 103 x 84 81 83 84 104 125 61 104 118 113 53 68 76 91 46 91 41 70 77 90 66 76 91 76 60 77 101 68 57 108 87 79 103 76 56 84 101 73 94 76 78 73 100 72 62 92 87 90 69 115 62 60 115 88 73 65 88 83 106 96 55 94 86 96 61 90 104 74 89 81 65 71 95 84 86 91 82 74 92 75 97 88 93 68 86 89 90 74 101 102 59
69 46 52 18 69 56 50 82 84 x 62 59 6 62 85 37 85 60 55 55 49 20 67 44 59 43 51 61 58 24 22 67 52 28 31 55 44 43 52 44 25 37 48 32 30 44 23 40 25 46 27 44 26 30 49 52 51 15 59 38 58 91 23 17 19 49 26 52 50 46 44 25 64 47 58 49 55 57 35 41 39 31 29 54 59 2 10 53 51 55 49 54 40 62 57 57 43 44 70 44
41 33 79 63 91 78 79 94 81 62 x 46 68 82 44 41 93 104 86 52 13 47 71 35 65 40 15 66 66 55 63 54 66 50 70 82 54 24 57 28 47 74 67 46 71 67 50 81 37 65 63 49 65 52 23 64 53 57 85 52 45 94 58 62 58 55 56 74 59 58 69 60 86 46 64 73 79 65 71 55 61 78 53 76 81 64 57 59 54 54 73 50 59 76 79 53 19 66 92 58
43 53 80 65 91 55 87 51 83 59 46 x 53 65 90 51 77 94 83 69 33 67 81 55 76 60 35 83 75 71 60 8 61 50 70 36 46 44 77 25 44 58 50 46 68 51 66 78 45 68 66 69 65 52 30 69 65 54 92 40 65 48 41 64 58 64 53 57 42 28 77 43 86 66 75 68 76 74 74 43 61 69 50 76 81 61 59 68 8 72 83 68 58 64 79 7 27 49 92 78
75 40 58 12 75 50 56 88 84 6 68 53 x 56 91 43 79 66 50 55 55 26 73 38 56 43 57 67 57 18 27 61 58 34 37 54 50 49 58 48 31 43 54 38 35 39 29 45 31 52 33 50 32 36 53 58 45 21 65 44 52 85 17 11 25 52 20 54 45 52 50 19 70 44 55 43 49 56 41 47 45 37 23 60 65 8 16 56 45 52 43 48 46 68 63 51 49 38 76 50
92 60 91 46 50 73 43 89 104 62 82 65 56 x 78 77 102 68 78 75 69 63 107 58 57 63 71 75 56 38 55 73 52 76 66 54 67 69 91 76 68 74 87 72 60 69 62 73 51 94 62 87 61 78 81 78 46 58 99 73 72 97 73 45 54 64 48 38 23 72 83 75 68 73 56 49 47 55 70 70 74 50 51 65 81 64 63 68 57 53 68 49 83 66 75 58 69 30 74 79
85 77 103 103 86 92 35 108 125 85 44 90 91 78 x 85 121 60 103 96 57 77 115 79 105 84 59 110 108 99 77 98 92 87 54 73 77 68 101 72 80 51 103 83 85 58 74 95 81 105 74 93 59 89 67 106 97 70 116 77 89 138 102 102 66 71 84 96 81 102 92 104 105 80 106 107 104 107 82 74 78 54 87 71 118 83 75 75 98 98 114 94 95 58 98 97 63 88 111 91
76 46 49 35 50 53 58 81 61 37 41 51 43 77 85 x 69 78 66 40 51 17 30 48 40 52 53 42 39 41 39 43 25 9 40 64 17 40 49 43 42 52 48 5 41 58 20 57 62 27 36 41 35 11 48 67 39 32 56 11 34 73 58 34 28 71 36 63 59 75 41 56 45 56 39 53 59 38 44 14 20 44 33 35 40 35 27 75 59 46 51 42 55 35 38 58 57 54 51 37
104 60 110 86 99 29 108 83 104 85 93 77 79 102 121 69 x 106 89 75 80 86 95 58 50 63 82 27 51 78 74 85 57 60 82 48 72 69 87 95 91 70 80 64 82 63 89 92 70 78 92 95 77 58 100 43 56 81 118 70 72 100 62 85 84 76 67 94 79 89 69 64 89 73 49 90 96 50 96 73 71 89 70 86 85 87 86 80 69 57 37 53 86 94 82 84 86 85 95 81
104 95 105 78 76 77 25 50 118 60 104 94 66 68 60 78 106 x 93 101 98 75 108 97 90 92 100 110 93 84 77 102 93 77 66 58 78 87 87 95 80 50 103 73 85 43 76 95 85 95 76 92 61 79 100 91 94 70 78 72 97 126 83 77 68 56 73 83 71 106 82 85 103 82 91 90 44 92 84 75 68 44 70 61 82 58 65 60 86 101 103 97 95 48 100 101 103 78 109 93
92 79 85 62 71 95 68 117 113 55 86 83 50 78 103 66 89 93 x 84 89 55 96 77 41 72 91 80 38 68 37 91 67 65 60 84 65 78 87 58 54 92 71 61 45 88 56 55 80 83 56 79 55 66 63 98 57 44 76 65 84 92 67 61 48 83 30 64 55 90 77 69 46 76 40 53 59 39 59 62 73 49 33 86 86 53 45 87 89 58 52 54 69 89 39 90 95 48 52 73
86 19 53 45 71 66 76 74 53 55 52 69 55 75 96 40 75 101 84 x 39 47 70 17 55 12 41 48 56 37 47 61 38 39 48 72 23 28 69 57 45 79 23 35 47 72 44 65 63 57 44 61 43 41 62 80 69 40 86 29 31 103 59 44 36 59 54 69 67 73 65 57 43 32 54 58 83 55 52 26 50 66 57 56 70 53 45 63 65 72 59 68 15 53 50 76 45 72 49 30
54 20 66 50 85 65 84 81 68 49 13 33 55 69 57 51 80 98 89 39 x 34 81 22 73 27 2 53 74 42 56 41 56 57 57 69 41 11 44 41 59 62 54 53 61 55 37 74 24 52 50 36 52 59 36 51 66 49 72 47 32 81 45 49 45 42 63 61 46 45 56 47 82 33 72 72 92 73 58 44 68 65 66 74 88 51 44 46 41 67 60 63 46 71 77 40 6 53 88 45
61 32 32 38 67 66 50 80 76 20 47 67 26 63 77 17 86 75 55 47 34 x 47 34 55 35 36 59 56 44 22 60 42 26 23 47 34 23 32 44 25 57 48 22 30 62 3 40 45 44 19 24 18 28 49 72 37 15 39 28 44 90 43 37 11 54 29 52 42 66 24 45 56 39 54 52 58 55 27 31 37 31 32 52 57 18 10 58 71 44 56 40 40 52 55 74 40 47 62 36
106 76 79 65 80 66 88 109 91 67 71 81 73 107 115 30 95 108 96 70 81 47 x 78 70 82 83 72 69 71 69 73 55 39 70 74 47 70 79 73 72 82 78 35 71 88 50 87 79 57 66 71 65 41 78 52 69 62 86 41 64 103 88 64 58 101 66 93 89 100 71 86 75 86 69 83 89 68 74 44 50 74 63 65 70 65 57 105 89 76 81 72 85 65 68 88 87 84 81 67
76 2 66 28 86 75 72 67 46 44 35 55 38 58 79 48 58 97 77 17 22 34 78 x 55 5 24 31 55 20 40 63 54 49 41 65 39 11 66 62 43 62 36 45 48 55 37 58 46 52 37 58 36 51 58 73 60 33 73 39 14 103 42 27 29 42 47 70 60 56 58 40 60 15 54 70 76 54 45 36 60 59 50 71 80 46 38 46 63 61 42 57 28 58 59 62 28 59 66 23
102 53 62 68 72 79 80 97 91 59 65 76 56 57 105 40 50 90 41 55 73 55 70 55 x 60 75 41 3 74 50 73 55 31 72 62 43 62 83 71 67 54 32 35 44 47 52 62 84 49 55 75 67 33 76 74 18 57 71 41 48 57 73 67 60 60 43 49 34 88 45 75 41 66 1 60 72 2 63 40 42 61 46 57 47 61 62 64 68 19 13 15 40 65 34 69 79 41 47 59
74 7 61 33 83 78 67 62 41 43 40 60 43 63 84 52 63 92 72 12 27 35 82 5 60 x 29 36 60 25 35 68 50 46 36 60 35 16 67 57 38 67 35 47 43 60 32 53 51 57 32 59 31 48 54 78 65 28 74 41 19 108 47 32 24 47 42 65 55 61 53 45 55 20 59 65 71 59 40 38 57 54 45 68 77 41 33 51 68 66 47 62 27 63 62 67 33 60 61 18
56 22 68 52 87 67 86 83 70 51 15 35 57 71 59 53 82 100 91 41 2 36 83 24 75 29 x 55 76 44 58 43 54 55 59 71 39 13 46 43 61 64 56 51 59 57 39 76 26 54 48 38 54 57 38 53 68 51 74 45 34 83 43 51 47 44 65 63 48 47 58 45 84 35 74 74 94 75 56 42 66 67 68 72 86 53 46 48 43 69 62 65 48 69 79 42 8 55 90 47
104 33 91 59 72 56 87 98 77 61 66 83 67 75 110 42 27 110 80 48 53 59 72 31 41 36 55 x 42 51 63 75 57 33 72 75 49 42 89 70 69 76 67 37 55 82 62 81 77 51 66 81 67 31 75 70 29 64 95 43 45 93 73 58 60 73 68 67 52 87 83 71 65 46 40 78 91 41 74 46 44 68 65 59 58 63 69 77 86 30 52 26 59 67 58 87 59 59 71 54
102 54 63 69 71 80 79 99 90 58 66 75 57 56 108 39 51 93 38 56 74 56 69 55 3 60 76 42 x 75 51 72 54 30 73 64 46 63 86 72 68 57 33 34 45 50 53 59 83 48 56 78 68 32 77 73 19 58 68 40 51 54 74 68 61 63 44 48 33 87 46 76 38 67 2 59 73 1 64 43 41 60 47 56 48 60 63 67 67 20 14 16 41 64 31 68 80 40 44 58
93 22 76 8 88 68 74 87 66 24 55 71 18 38 99 41 78 84 68 37 42 44 71 20 74 25 44 51 75 x 45 79 66 50 55 72 58 31 76 64 49 61 56 46 53 57 47 63 49 68 48 68 50 52 69 76 63 39 83 52 34 103 35 7 43 62 38 61 46 70 68 37 80 35 73 59 65 74 40 55 61 55 39 76 81 26 34 66 63 70 61 66 48 76 79 69 48 39 86 43
61 42 48 39 76 66 52 80 76 22 63 60 27 55 77 39 74 77 37 47 56 22 69 40 50 35 58 63 51 45 x 60 43 38 23 47 28 45 54 35 17 59 40 34 8 62 19 18 47 56 19 46 18 40 40 74 39 7 61 28 47 102 44 38 11 67 7 30 32 67 40 46 53 39 49 30 36 50 27 25 49 33 10 61 61 20 12 71 66 33 37 37 32 52 46 67 62 25 59 36
51 61 88 73 83 63 79 59 91 67 54 8 61 73 98 43 85 102 91 61 41 60 73 63 73 68 43 75 72 79 60 x 53 42 78 44 38 52 78 33 52 63 58 38 62 59 63 78 53 60 73 70 73 44 38 77 72 62 99 32 57 56 49 72 66 72 61 65 50 36 84 51 78 74 72 76 84 71 81 35 53 77 58 68 73 69 67 76 16 76 84 75 66 56 71 15 35 57 84 70
80 52 74 60 63 28 68 82 76 52 66 61 58 52 92 25 57 93 67 38 56 42 55 54 55 50 54 57 54 66 43 53 x 24 65 47 15 61 61 53 60 67 61 20 39 62 45 61 69 42 50 53 60 26 58 42 54 50 81 21 40 88 61 59 53 75 50 61 75 85 66 63 60 65 54 68 74 53 58 18 35 59 48 48 55 54 52 79 69 61 66 57 53 45 53 68 62 68 66 52
75 47 58 44 41 52 54 72 60 28 50 50 34 76 87 9 60 77 65 39 57 26 39 49 31 46 55 33 30 50 38 42 24 x 49 64 16 49 56 42 40 43 39 4 40 49 29 56 53 18 45 48 44 2 47 66 30 41 65 10 35 64 51 43 37 62 35 62 53 74 50 53 36 60 30 52 58 29 53 13 11 35 32 26 31 30 36 66 58 37 42 33 47 34 29 57 63 53 42 28
48 39 49 49 90 53 41 69 77 31 70 70 37 66 54 40 82 66 60 48 57 23 70 41 72 36 59 72 73 55 23 78 65 49 x 34 51 46 55 45 26 56 49 45 31 49 20 41 56 67 20 47 5 51 50 67 54 16 62 51 51 102 53 48 12 62 30 53 43 57 41 51 51 26 71 53 59 72 28 48 60 42 33 75 80 29 21 66 62 56 60 57 41 64 44 77 63 48 57 37
63 63 73 66 100 19 65 35 101 55 82 36 54 54 73 64 48 58 84 72 69 47 74 65 62 60 71 75 64 72 47 44 47 64 34 x 62 59 59 61 50 22 70 67 55 15 44 65 60 82 44 67 29 66 66 33 54 40 86 68 70 68 52 65 36 28 54 46 31 48 65 54 75 50 63 57 83 63 52 65 54 58 57 90 89 53 45 32 28 61 75 57 65 88 68 43 63 38 81 61
65 37 66 52 48 43 53 88 68 44 54 46 50 67 77 17 72 78 65 23 41 34 47 39 43 35 39 49 46 58 28 38 15 16 51 62 x 46 46 38 45 59 46 12 24 65 37 46 63 34 35 38 46 18 43 57 46 35 73 6 25 80 53 51 39 67 35 46 60 70 58 51 52 50 44 57 64 45 43 3 27 51 38 33 47 46 40 71 54 49 56 49 38 30 45 53 47 53 58 44
65 9 55 39 90 76 73 78 57 43 24 44 49 69 68 40 69 87 78 28 11 23 70 11 62 16 13 42 63 31 45 52 61 49 46 59 46 x 55 52 48 51 43 45 53 44 26 63 35 41 42 47 41 51 47 62 60 38 62 46 21 92 49 38 34 31 52 72 57 56 47 47 71 22 61 75 81 62 50 43 60 54 55 75 80 41 33 35 52 67 49 63 35 69 66 51 17 64 77 34
72 64 64 70 41 78 82 94 108 52 57 77 58 91 101 49 87 87 87 69 44 32 79 66 83 67 46 89 86 76 54 78 61 56 55 59 46 55 x 76 57 51 80 52 62 44 35 72 68 74 51 8 50 58 80 92 69 47 71 46 65 120 75 69 43 31 61 63 72 89 56 77 88 71 84 52 90 85 59 43 67 63 64 56 87 50 42 35 85 76 88 72 72 69 85 84 50 79 94 68
34 61 70 58 83 80 74 76 87 44 28 25 48 76 72 43 95 95 58 57 41 44 73 62 71 57 43 70 72 64 35 33 53 42 45 61 38 52 76 x 19 81 62 38 43 76 41 53 43 60 41 68 40 44 5 70 72 29 67 32 57 73 65 57 33 83 28 56 53 32 62 67 78 61 70 45 51 71 49 35 53 55 25 68 73 42 34 87 33 68 58 72 54 56 71 32 47 46 84 58
53 45 51 43 79 69 55 83 79 25 47 44 31 68 80 42 91 80 54 45 59 25 72 43 67 38 61 69 68 49 17 52 60 40 26 50 45 48 57 19 x 62 43 44 25 65 22 35 50 58 22 49 21 38 24 77 56 10 64 45 57 92 48 42 14 70 24 47 45 51 43 50 59 42 66 47 53 67 30 42 51 36 27 66 67 23 15 74 52 50 54 54 35 69 60 51 65 42 65 39
85 60 89 55 84 41 75 57 103 37 74 58 43 74 51 52 70 50 92 79 62 57 82 62 54 67 64 76 57 61 59 63 67 43 56 22 59 51 51 81 62 x 82 47 67 7 60 77 62 61 64 59 51 45 86 55 72 52 96 53 62 90 60 54 56 20 63 66 51 70 68 62 79 72 55 77 92 56 72 56 32 56 66 69 74 39 47 24 50 73 67 69 77 77 72 65 68 58 85 71
77 34 30 64 78 89 78 85 76 48 67 50 54 87 103 48 80 103 71 23 54 48 78 36 32 35 56 67 33 56 40 58 61 39 49 70 46 43 80 62 43 82 x 43 43 79 45 58 73 57 32 72 44 37 67 100 48 33 87 49 46 82 71 63 37 74 47 65 64 62 66 72 66 47 31 70 76 32 38 49 50 59 50 65 66 46 38 78 42 49 43 45 8 73 64 57 60 65 67 53
71 43 54 40 45 48 53 76 56 32 46 46 38 72 83 5 64 73 61 35 53 22 35 45 35 47 51 37 34 46 34 38 20 4 45 67 12 45 52 38 44 47 43 x 36 53 25 52 57 22 41 44 40 6 43 62 34 37 61 6 31 68 53 39 33 66 31 58 56 70 46 51 40 56 34 48 54 33 49 9 15 39 28 30 35 34 32 70 54 41 46 37 50 30 33 53 59 49 46 32
69 50 56 47 72 67 60 88 84 30 71 68 35 60 85 41 82 85 45 47 61 30 71 48 44 43 59 55 45 53 8 62 39 40 31 55 24 53 62 43 25 67 43 36 x 70 27 26 55 58 11 54 26 42 48 81 32 15 69 30 49 99 52 46 19 69 15 22 37 75 48 54 48 46 43 33 44 44 19 27 51 41 18 57 53 28 20 73 71 25 45 29 40 54 54 72 67 33 54 44
78 53 88 51 85 34 68 50 101 44 67 51 39 69 58 58 63 43 88 72 55 62 88 55 47 60 57 82 50 57 62 59 62 49 49 15 65 44 44 76 65 7 79 53 70 x 59 80 69 67 59 52 44 51 81 48 65 55 101 59 55 83 56 50 51 13 59 60 46 63 61 58 85 65 48 71 87 49 67 62 39 63 62 75 80 46 54 17 43 66 60 62 79 83 78 58 61 53 91 76
58 35 29 41 70 63 51 77 73 23 50 66 29 62 74 20 89 76 56 44 37 3 50 37 52 32 39 62 53 47 19 63 45 29 20 44 37 26 35 41 22 60 45 25 27 59 x 37 48 47 16 27 15 31 46 75 34 12 42 31 47 93 46 40 8 57 26 49 39 69 21 48 53 36 51 49 55 52 24 34 40 34 29 55 60 21 13 61 72 41 53 37 37 55 54 73 43 44 59 33
79 60 66 57 94 84 70 98 94 40 81 78 45 73 95 57 92 95 55 65 74 40 87 58 62 53 76 81 59 63 18 78 61 56 41 65 46 63 72 53 35 77 58 52 26 80 37 x 65 74 37 64 36 55 58 92 57 25 65 46 65 113 62 56 29 85 25 48 50 85 58 64 35 57 61 48 54 60 45 43 67 51 28 79 79 38 30 89 84 51 55 55 50 70 28 85 80 43 41 54
67 44 77 43 94 41 75 57 76 25 37 45 31 51 81 62 70 85 80 63 24 45 79 46 84 51 26 77 83 49 47 53 69 53 56 60 63 35 68 43 50 62 73 57 55 69 48 65 x 71 52 60 51 55 38 27 76 40 48 63 56 81 48 42 44 66 51 77 70 21 68 50 89 57 83 74 80 82 60 66 64 56 54 79 84 27 35 70 41 80 74 79 65 87 82 52 18 69 95 69
93 50 76 62 59 70 72 90 78 46 65 68 52 94 105 27 78 95 83 57 52 44 57 52 49 57 54 51 48 68 56 60 42 18 67 82 34 41 74 60 58 61 57 22 58 67 47 74 71 x 63 66 62 20 65 84 48 59 83 28 53 82 69 61 55 72 53 80 71 92 68 71 54 63 48 70 76 47 71 31 29 53 50 44 49 48 54 76 76 55 60 51 65 52 47 75 58 71 60 46
58 39 45 40 83 63 51 77 73 27 63 66 33 62 74 36 92 76 56 44 50 19 66 37 55 32 48 66 56 48 19 73 50 45 20 44 35 42 51 41 22 64 32 41 11 59 16 37 52 63 x 43 15 47 46 77 43 12 58 41 51 109 50 41 8 72 26 33 39 73 37 52 37 36 54 44 55 55 8 38 56 38 29 68 64 25 17 76 72 36 56 40 37 65 44 73 56 44 43 33
64 56 56 62 49 81 74 102 100 44 49 69 50 87 93 41 95 92 79 61 36 24 71 58 75 59 38 81 78 68 46 70 53 48 47 67 38 47 8 68 49 59 72 44 54 52 27 64 60 66 43 x 42 50 72 87 61 39 63 38 57 112 67 61 35 39 53 55 66 81 48 69 80 63 76 44 82 77 51 35 59 55 56 64 79 42 34 43 77 68 80 64 64 62 77 76 42 71 86 60
43 34 44 44 85 48 36 64 72 26 65 65 32 61 59 35 77 61 55 43 52 18 65 36 67 31 54 67 68 50 18 73 60 44 5 29 46 41 50 40 21 51 44 40 26 44 15 36 51 62 15 42 x 46 45 62 49 11 57 46 46 97 48 43 7 57 25 48 38 62 36 46 46 21 66 48 54 67 23 43 55 37 28 70 75 24 16 61 57 51 55 52 36 59 39 72 58 43 52 32
77 49 60 46 41 54 56 74 62 30 52 52 36 78 89 11 58 79 66 41 59 28 41 51 33 48 57 31 32 52 40 44 26 2 51 66 18 51 58 44 38 45 37 6 42 51 31 55 55 20 47 50 46 x 49 68 32 43 64 12 37 62 53 45 39 64 37 64 55 76 52 55 34 62 32 54 60 31 53 15 13 37 34 28 29 32 38 68 60 39 44 35 45 36 27 59 65 55 40 30
29 56 75 63 88 79 79 81 92 49 23 30 53 81 67 48 100 100 63 62 36 49 78 58 76 54 38 75 77 69 40 38 58 47 50 66 43 47 80 5 24 86 67 43 48 81 46 58 38 65 46 72 45 49 x 65 76 34 62 37 62 78 70 62 38 78 33 61 58 37 67 72 83 66 75 50 56 76 54 40 58 60 30 73 78 47 39 82 38 73 63 73 59 61 76 37 42 51 89 63
94 71 104 70 105 14 98 68 87 52 64 69 58 78 106 67 43 91 98 80 51 72 52 73 74 78 53 70 73 76 74 77 42 66 67 33 57 62 92 70 77 55 100 62 81 48 75 92 27 84 77 87 62 68 65 x 87 67 75 63 82 85 47 69 69 61 78 79 64 48 95 49 102 74 73 90 107 72 85 60 77 83 81 90 97 54 62 65 61 91 80 87 92 87 95 76 45 71 108 94
92 62 63 57 71 73 69 89 90 51 53 65 45 46 97 39 56 94 57 69 66 37 69 60 18 65 68 29 19 63 39 72 54 30 54 54 46 60 69 72 56 72 48 34 32 65 34 57 76 48 43 61 49 32 76 87 x 46 76 40 65 73 62 56 42 64 46 38 23 77 55 64 57 70 17 49 75 18 51 43 41 50 49 56 35 53 47 68 57 7 29 3 56 64 50 58 72 30 53 58
54 35 41 33 82 59 45 73 69 15 57 54 21 58 70 32 81 70 44 40 49 15 62 33 57 28 51 64 58 39 7 62 50 41 16 40 35 38 47 29 10 52 33 37 15 55 12 25 40 59 12 39 11 43 34 67 46 x 54 35 47 102 38 32 4 60 14 37 35 61 33 40 49 32 56 37 43 57 20 32 50 26 17 67 68 13 5 64 62 40 44 44 25 59 50 61 55 32 55 29
91 71 62 77 105 89 89 105 115 59 85 92 65 99 116 56 118 78 76 86 72 39 86 73 71 74 74 95 68 83 61 99 81 65 62 86 73 62 71 67 64 96 87 61 69 101 42 65 48 83 58 63 57 64 62 75 76 54 x 67 82 122 82 76 50 93 68 83 81 69 63 84 44 78 70 72 97 69 66 70 76 70 71 91 93 57 49 97 89 83 82 79 79 91 37 99 66 86 50 75
65 37 60 46 51 49 47 82 62 38 52 40 44 73 77 11 70 72 65 29 47 28 41 39 41 41 45 43 40 52 28 32 21 10 51 68 6 46 46 32 45 53 49 6 30 59 31 46 63 28 41 38 46 12 37 63 40 35 67 x 25 74 47 45 39 67 35 52 60 64 52 45 46 50 40 54 60 39 49 3 21 45 34 36 41 40 38 71 48 44 52 43 44 24 39 47 53 53 52 38
84 12 76 42 73 68 72 81 60 58 45 65 52 72 89 34 72 97 84 31 32 44 64 14 48 19 34 45 51 34 47 57 40 35 51 70 25 21 65 57 57 62 46 31 49 55 47 65 56 53 51 57 46 37 62 82 65 47 82 25 x 99 52 41 43 42 54 71 74 66 68 50 52 25 49 77 83 50 59 22 46 70 57 58 66 60 52 46 73 67 52 63 38 49 45 72 38 72 58 37
75 101 112 97 103 71 118 83 115 91 94 48 85 97 138 73 100 126 92 103 81 90 103 103 57 108 83 93 54 103 102 56 88 64 102 68 80 92 120 73 92 90 82 68 99 83 93 113 81 82 109 112 97 62 78 85 73 102 122 74 99 x 89 96 101 96 98 89 74 60 100 91 92 101 56 100 122 55 115 77 75 99 96 90 91 93 100 100 40 74 68 70 90 98 85 55 75 81 98 92
84 40 75 29 92 33 73 87 88 23 58 41 17 73 102 58 62 83 67 59 45 43 88 42 73 47 43 73 74 35 44 49 61 51 53 52 53 49 75 65 48 60 71 53 52 56 46 62 48 69 50 67 48 53 70 47 62 38 82 47 52 89 x 28 42 69 37 71 62 68 67 2 87 27 72 60 66 73 58 50 62 54 40 77 82 25 33 73 49 69 60 65 63 71 80 34 51 55 93 65
86 29 69 1 84 61 67 94 73 17 62 64 11 45 102 34 85 77 61 44 49 37 64 27 67 32 51 58 68 7 38 72 59 43 48 65 51 38 69 57 42 54 63 39 46 50 40 56 42 61 41 61 43 45 62 69 56 32 76 45 41 96 28 x 36 63 31 54 39 63 61 30 78 42 66 52 58 67 33 48 54 48 32 69 74 19 27 67 56 63 54 59 55 69 72 62 55 32 84 50
50 31 37 37 78 55 43 69 65 19 58 58 25 54 66 28 84 68 48 36 45 11 58 29 60 24 47 60 61 43 11 66 53 37 12 36 39 34 43 33 14 56 37 33 19 51 8 29 44 55 8 35 7 39 38 69 42 4 50 39 43 101 42 36 x 64 18 41 31 65 29 44 45 28 59 41 47 60 16 36 48 30 21 63 68 17 9 68 64 44 48 45 29 63 46 65 51 36 51 25
70 40 86 64 72 47 81 63 88 49 55 64 52 64 71 71 76 56 83 59 42 54 101 42 60 47 44 73 63 62 67 72 75 62 62 28 67 31 31 83 70 20 74 66 69 13 57 85 66 72 72 39 57 64 78 61 64 60 93 67 42 96 69 63 64 x 66 47 41 76 48 71 94 53 61 58 86 62 80 64 52 68 69 79 93 47 55 4 56 71 73 67 66 91 87 71 48 48 100 65
62 49 55 32 76 70 59 87 83 26 56 53 20 48 84 36 67 73 30 54 63 29 66 47 43 42 65 68 44 38 7 61 50 35 30 54 35 52 61 28 24 63 47 31 15 59 26 25 51 53 26 53 25 37 33 78 46 14 68 35 54 98 37 31 18 66 x 34 25 60 47 39 60 46 42 23 29 43 29 32 46 40 3 61 66 27 19 70 59 40 30 44 39 59 53 60 69 18 66 43
84 72 78 55 88 65 61 81 106 52 74 57 54 38 96 63 94 83 64 69 61 52 93 70 49 65 63 67 48 61 30 65 61 62 53 46 46 72 63 56 47 66 65 58 22 60 49 48 77 80 33 55 48 64 61 79 38 37 83 52 71 89 71 54 41 47 34 x 15 69 70 73 53 68 48 11 39 47 41 49 66 42 31 79 73 50 42 51 49 45 60 41 62 76 46 50 67 22 59 66
69 62 68 40 73 50 46 66 96 50 59 42 45 23 81 59 79 71 55 67 46 42 89 60 34 55 48 52 33 46 32 50 75 53 43 31 60 57 72 53 45 51 64 56 37 46 39 50 70 71 39 66 38 55 58 64 23 35 81 60 74 74 62 39 31 41 25 15 x 54 60 64 68 59 33 26 54 32 47 57 51 27 28 79 58 48 40 45 34 30 45 26 60 69 61 35 52 7 74 56
55 54 92 64 115 62 96 63 55 46 58 28 52 72 102 75 89 106 90 73 45 66 100 56 88 61 47 87 87 70 67 36 85 74 57 48 70 56 89 32 51 70 62 70 75 63 69 85 21 92 73 81 62 76 37 48 77 61 69 64 66 60 68 63 65 76 60 69 54 x 89 66 108 41 87 77 83 86 81 67 85 77 57 100 105 48 56 80 20 84 90 80 70 88 101 35 39 61 114 79
79 56 50 62 91 84 57 98 94 44 69 77 50 83 92 41 69 82 77 65 56 24 71 58 45 53 58 83 46 68 40 84 66 50 41 65 58 47 56 62 43 68 66 46 48 61 21 58 68 68 37 48 36 52 67 95 55 33 63 52 68 100 67 61 29 48 47 70 60 89 x 69 74 57 44 70 76 45 45 55 61 55 50 76 81 42 34 52 85 62 32 58 58 76 75 84 50 65 80 54
86 38 77 31 94 35 75 89 86 25 60 43 19 75 104 56 64 85 69 57 47 45 86 40 75 45 45 71 76 37 46 51 63 53 51 54 51 47 77 67 50 62 72 51 54 58 48 64 50 71 52 69 46 55 72 49 64 40 84 45 50 91 2 30 44 71 39 73 64 66 69 x 89 25 74 62 68 75 60 48 64 56 42 79 84 27 35 75 51 71 62 67 64 69 82 36 53 57 95 63
89 62 43 77 75 88 78 108 96 64 86 86 70 68 105 45 89 103 46 43 82 56 75 60 41 55 84 65 38 80 53 78 60 36 51 75 52 71 88 78 59 79 66 40 48 85 53 35 89 54 37 80 46 34 83 102 57 49 44 46 52 92 87 78 45 94 60 53 68 108 74 89 x 67 40 42 86 39 45 49 47 71 62 62 63 62 54 98 94 52 52 54 58 55 7 93 88 75 6 64
64 13 65 43 98 60 57 82 61 47 46 66 44 73 80 56 73 82 76 32 33 39 86 15 66 20 35 46 67 35 39 74 65 60 26 50 50 22 71 61 42 72 47 56 46 65 36 57 57 63 36 63 21 62 66 74 70 32 78 50 25 101 27 42 28 53 46 68 59 41 57 25 67 x 65 69 75 66 44 47 71 58 49 83 91 45 37 57 61 71 53 72 39 73 60 61 39 64 73 38
102 52 61 67 71 78 79 98 90 58 64 75 55 56 106 39 49 91 40 54 72 54 69 54 1 59 74 40 2 73 49 72 54 30 71 63 44 61 84 70 66 55 31 34 43 48 51 61 83 48 54 76 66 32 75 73 17 56 70 40 49 56 72 66 59 61 42 48 33 87 44 74 40 65 x 59 71 1 62 41 41 60 45 56 46 60 61 65 67 18 12 14 39 64 33 68 78 40 46 58
79 72 78 53 93 76 72 92 104 49 73 68 43 49 107 53 90 90 53 58 72 52 83 70 60 65 74 78 59 59 30 76 68 52 53 57 57 75 52 45 47 77 70 48 33 71 49 48 74 70 44 44 48 54 50 90 49 37 72 54 77 100 60 52 41 58 23 11 26 77 70 62 42 69 59 x 46 58 52 55 63 53 20 78 83 50 42 62 60 56 53 52 62 78 35 61 78 33 48 66
85 78 84 59 97 99 69 94 74 55 79 76 49 47 104 59 96 44 59 83 92 58 89 76 72 71 94 91 73 65 36 84 74 58 59 83 64 81 90 51 53 92 76 54 44 87 55 54 80 76 55 82 54 60 56 107 75 43 97 60 83 122 66 58 47 86 29 39 54 83 76 68 86 75 71 46 x 72 58 61 69 69 26 84 89 56 48 90 84 69 59 73 68 84 79 83 98 47 92 72
101 53 62 68 70 79 78 98 89 57 65 74 56 55 107 38 50 92 39 55 73 55 68 54 2 59 75 41 1 74 50 71 53 29 72 63 45 62 85 71 67 56 32 33 44 49 52 60 82 47 55 77 67 31 76 72 18 57 69 39 50 55 73 67 60 62 43 47 32 86 45 75 39 66 1 58 72 x 63 42 40 59 46 55 47 59 62 66 66 19 13 15 40 63 32 67 79 39 45 57
66 47 53 32 91 71 59 85 81 35 71 74 41 70 82 44 96 84 59 52 58 27 74 45 63 40 56 74 64 40 27 81 58 53 28 52 43 50 59 49 30 72 38 49 19 67 24 45 60 71 8 51 23 53 54 85 51 20 66 49 59 115 58 33 16 80 29 41 47 81 45 60 45 44 62 52 58 63 x 46 64 46 32 76 72 33 25 84 80 44 59 48 45 73 52 81 64 47 51 41
62 34 63 49 51 46 50 85 65 41 55 43 47 70 74 14 73 75 62 26 44 31 44 36 40 38 42 46 43 55 25 35 18 13 48 65 3 43 43 35 42 56 49 9 27 62 34 43 66 31 38 35 43 15 40 60 43 32 70 3 22 77 50 48 36 64 32 49 57 67 55 48 49 47 41 55 61 42 46 x 24 48 35 36 44 43 37 68 51 47 53 46 41 27 42 50 50 50 55 41
86 58 69 55 52 63 43 83 71 39 61 61 45 74 78 20 71 68 73 50 68 37 50 60 42 57 66 44 41 61 49 53 35 11 60 54 27 60 67 53 51 32 50 15 51 39 40 67 64 29 56 59 55 13 58 77 41 50 76 21 46 75 62 54 48 52 46 66 51 85 61 64 47 71 41 63 69 40 64 24 x 24 43 37 42 41 45 56 69 48 53 44 58 45 40 68 74 58 53 39
80 61 63 49 70 77 19 93 95 31 78 69 37 50 54 44 89 44 49 66 65 31 74 59 61 54 67 68 60 55 33 77 59 35 42 58 51 54 63 55 36 56 59 39 41 63 34 51 56 53 38 55 37 37 60 83 50 26 70 45 70 99 54 48 30 68 40 42 27 77 55 56 71 58 60 53 69 59 46 48 24 x 43 55 66 29 21 72 61 57 70 53 51 42 64 62 71 34 77 55
59 52 58 33 73 73 62 90 84 29 53 50 23 51 87 33 70 70 33 57 66 32 63 50 46 45 68 65 47 39 10 58 48 32 33 57 38 55 64 25 27 66 50 28 18 62 29 28 54 50 29 56 28 34 30 81 49 17 71 34 57 96 40 32 21 69 3 31 28 57 50 42 62 49 45 20 26 46 32 35 43 43 x 58 63 30 22 73 58 43 33 47 42 58 55 57 72 21 68 46
98 70 84 70 15 76 36 98 86 54 76 76 60 65 71 35 86 61 86 56 74 52 65 71 57 68 72 59 56 76 61 68 48 26 75 90 33 75 56 68 66 69 65 30 57 75 55 79 79 44 68 64 70 28 73 90 56 67 91 36 58 90 77 69 63 79 61 79 79 100 76 79 62 83 56 78 84 55 76 36 37 55 58 x 57 56 62 75 84 63 68 59 71 13 55 83 80 79 68 54
106 78 89 75 70 83 85 103 91 59 81 81 65 81 118 40 85 82 86 70 88 57 70 80 47 77 86 58 48 81 61 73 55 31 80 89 47 80 87 73 67 74 66 35 53 80 60 79 84 49 64 79 75 29 78 97 35 68 93 41 66 91 82 74 68 93 66 73 58 105 81 84 63 91 46 83 89 47 72 44 42 66 63 57 x 61 67 97 89 28 58 32 74 65 56 88 94 65 69 59
67 48 50 20 71 58 48 84 82 2 64 61 8 64 83 35 87 58 53 53 51 18 65 46 61 41 53 63 60 26 20 69 54 30 29 53 46 41 50 42 23 39 46 34 28 46 21 38 27 48 25 42 24 32 47 54 53 13 57 40 60 93 25 19 17 47 27 50 48 48 42 27 62 45 60 50 56 59 33 43 41 29 30 56 61 x 8 51 53 53 51 56 38 64 59 59 45 45 68 42
59 40 42 28 77 64 40 78 74 10 57 59 16 63 75 27 86 65 45 45 44 10 57 38 62 33 46 69 63 34 12 67 52 36 21 45 40 33 42 34 15 47 38 32 20 54 13 30 35 54 17 34 16 38 39 62 47 5 49 38 52 100 33 27 9 55 19 42 40 56 34 35 54 37 61 42 48 62 25 37 45 21 22 62 67 8 x 59 61 45 49 49 30 62 55 66 50 37 60 34
74 44 90 68 76 51 85 67 92 53 59 68 56 68 75 75 80 60 87 63 46 58 105 46 64 51 48 77 67 66 71 76 79 66 66 32 71 35 35 87 74 24 78 70 73 17 61 89 70 76 76 43 61 68 82 65 68 64 97 71 46 100 73 67 68 4 70 51 45 80 52 75 98 57 65 62 90 66 84 68 56 72 73 75 97 51 59 x 60 75 77 71 70 88 91 75 52 52 104 69
35 61 72 57 99 47 80 43 75 51 54 8 45 57 98 59 69 86 89 65 41 71 89 63 68 68 43 86 67 63 66 16 69 58 62 28 54 52 85 33 52 50 42 54 71 43 72 84 41 76 72 77 57 60 38 61 57 62 89 48 73 40 49 56 64 56 59 49 34 20 85 51 94 61 67 60 84 66 80 51 69 61 58 84 89 53 61 60 x 64 79 60 50 72 87 15 35 41 100 86
94 63 70 64 78 80 76 96 97 55 54 72 52 53 98 46 57 101 58 72 67 44 76 61 19 66 69 30 20 70 33 76 61 37 56 61 49 67 76 68 50 73 49 41 25 66 41 51 80 55 36 68 51 39 73 91 7 40 83 44 67 74 69 63 44 71 40 45 30 84 62 71 52 71 18 56 69 19 44 47 48 57 43 63 28 53 45 75 64 x 30 4 57 68 51 65 73 37 46 65
92 40 73 55 83 66 89 109 88 49 73 83 43 68 114 51 37 103 52 59 60 56 81 42 13 47 62 52 14 61 37 84 66 42 60 75 56 49 88 58 54 67 43 46 45 60 53 55 74 60 56 80 55 44 63 80 29 44 82 52 52 68 60 54 48 73 30 60 45 90 32 62 52 53 12 53 59 13 59 53 53 70 33 68 58 51 49 77 79 30 x 26 51 76 45 80 66 48 58 65
91 59 66 60 74 76 72 92 93 54 50 68 48 49 94 42 53 97 54 68 63 40 72 57 15 62 65 26 16 66 37 75 57 33 57 57 49 63 72 72 54 69 45 37 29 62 37 55 79 51 40 64 52 35 73 87 3 44 79 43 63 70 65 59 45 67 44 41 26 80 58 67 54 72 14 52 73 15 48 46 44 53 47 59 32 56 49 71 60 4 26 x 53 67 47 61 69 33 50 61
79 26 38 56 86 81 70 89 68 40 59 58 46 83 95 55 86 95 69 15 46 40 85 28 40 27 48 59 41 48 32 66 53 47 41 65 38 35 72 54 35 77 8 50 40 79 37 50 65 65 37 64 36 45 59 92 56 25 79 44 38 90 63 55 29 66 39 62 60 70 58 64 58 39 39 62 68 40 45 41 58 51 42 71 74 38 30 70 50 57 51 53 x 68 65 65 52 57 64 45
89 60 84 70 28 73 23 98 86 62 76 64 68 66 58 35 94 48 89 53 71 52 65 58 65 63 69 67 64 76 52 56 45 34 64 88 30 69 69 56 69 77 73 30 54 83 55 70 87 52 65 62 59 36 61 87 64 59 91 24 49 98 71 69 63 91 59 76 69 88 76 69 55 73 64 78 84 63 73 27 45 42 58 13 65 64 62 88 72 68 76 67 68 x 62 71 77 76 61 62
82 57 50 73 68 81 75 101 89 57 79 79 63 75 98 38 82 100 39 50 77 55 68 59 34 62 79 58 31 79 46 71 53 29 44 68 45 66 85 71 60 72 64 33 54 78 54 28 82 47 44 77 39 27 76 95 50 50 37 39 45 85 80 72 46 87 53 46 61 101 75 82 7 60 33 35 79 32 52 42 40 64 55 55 56 59 55 91 87 51 45 47 65 62 x 86 83 68 13 57
50 60 87 63 98 62 81 58 90 57 53 7 51 58 97 58 84 101 90 76 40 74 88 62 69 67 42 87 68 69 67 15 68 57 77 43 53 51 84 32 51 65 57 53 72 58 73 85 52 75 73 76 72 59 37 76 58 61 99 47 72 55 34 62 65 71 60 50 35 35 84 36 93 61 68 61 83 67 81 50 68 62 57 83 88 59 66 75 15 65 80 61 65 71 86 x 34 42 99 85
60 26 72 56 91 59 90 75 74 43 19 27 49 69 63 57 86 103 95 45 6 40 87 28 79 33 8 59 80 48 62 35 62 63 63 63 47 17 50 47 65 68 60 59 67 61 43 80 18 58 56 42 58 65 42 45 72 55 66 53 38 75 51 55 51 48 69 67 52 39 50 53 88 39 78 78 98 79 64 50 74 71 72 80 94 45 50 52 35 73 66 69 52 77 83 34 x 59 94 51
76 61 73 33 80 57 53 73 101 44 66 49 38 30 88 54 85 78 48 72 53 47 84 59 41 60 55 59 40 39 25 57 68 53 48 38 53 64 79 46 42 58 65 49 33 53 44 43 69 71 44 71 43 55 51 71 30 32 86 53 72 81 55 32 36 48 18 22 7 61 65 57 75 64 40 33 47 39 47 50 58 34 21 79 65 45 37 52 41 37 48 33 57 76 68 42 59 x 81 61
95 68 37 83 81 94 84 114 102 70 92 92 76 74 111 51 95 109 52 49 88 62 81 66 47 61 90 71 44 86 59 84 66 42 57 81 58 77 94 84 65 85 67 46 54 91 59 41 95 60 43 86 52 40 89 108 53 55 50 52 58 98 93 84 51 100 66 59 74 114 80 95 6 73 46 48 92 45 51 55 53 77 68 68 69 68 60 104 100 46 58 50 64 61 13 99 94 81 x 70
75 25 62 51 69 80 68 44 59 44 58 78 50 79 91 37 81 93 73 30 45 36 67 23 59 18 47 54 58 43 36 70 52 28 37 61 44 34 68 58 39 71 53 32 44 76 33 54 69 46 33 60 32 30 63 94 58 29 75 38 37 92 65 50 25 65 43 66 56 79 54 63 64 38 58 66 72 57 41 41 39 55 46 54 59 42 34 69 86 65 65 61 45 62 57 85 51 61 70 x
