50
25
sbpfg dhjbs ptkrs ofnly aiglp xzqku etpku yvbjt lnndk lfllu pjplv ehsam cpbgl xrkws wqebu passj hupyp sgphu tjlhk lkplf ixhcy oqbyz nqvqo zdwhm xhwzk midzw oackv mnpsi cilwc rvjuv pxoew aybls ccbcf uzfff onzwv gszur jzkkr iszqq dprqf pajep qlvnf tnccf ifonh xraqx ecolz wkvjd vyluf wfduo kvqtz vanpa
qlvnf ecolz ccbcf lnndk ptkrs tjlhk wkvjd xrkws nqvqo pxoew tnccf dhjbs xhwzk iszqq onzwv etpku xraqx wfduo vanpa vyluf rvjuv ofnly pajep jzkkr ifonh
lkplf
x 64 192 48 107 48 136 80 90 112 64 33 105 149 78 46 37 63 80 131 105 175 94 59 74 86 97 89 98 83 95 123 50 88 70 91 71 97 85 69 112 40 158 108 87 89 98 85 117 86
64 x 202 16 79 94 94 29 40 81 95 97 73 99 31 18 101 35 84 81 76 144 66 105 103 39 46 42 101 47 36 72 81 69 42 50 43 33 49 67 69 102 116 58 40 96 119 92 83 71
192 202 x 188 140 156 108 184 162 163 169 159 217 183 182 190 155 200 185 165 162 158 199 167 118 174 191 177 166 162 168 205 155 169 205 154 176 169 160 154 133 164 130 144 191 133 180 129 161 167
48 16 188 x 63 91 93 45 46 68 94 81 57 105 47 2 85 19 100 87 82 143 50 102 112 55 62 58 98 39 50 86 95 83 26 47 27 49 41 83 68 88 115 64 56 112 103 108 89 85
107 79 140 63 x 142 150 94 105 127 121 90 120 155 92 61 94 78 137 137 111 181 59 137 111 84 111 81 137 98 113 137 107 94 85 106 36 112 100 75 125 147 167 114 101 104 40 100 104 92
48 94 156 91 142 x 90 68 59 86 112 81 105 117 66 89 79 106 117 99 75 140 129 11 80 58 81 61 95 52 58 95 98 58 113 44 106 66 50 73 65 8 112 76 75 65 146 69 93 56
136 94 108 93 150 90 x 76 54 105 100 103 109 75 74 91 106 92 112 57 54 50 137 101 69 66 83 69 97 54 60 97 86 61 99 46 114 61 52 76 25 98 22 36 83 81 168 80 53 59
80 29 184 45 94 68 76 x 57 94 107 76 97 71 2 47 72 59 89 53 58 116 81 79 81 10 17 13 105 50 65 43 93 79 52 54 58 62 48 94 51 76 88 40 11 83 134 87 79 77
90 40 162 46 105 59 54 57 x 74 88 91 55 59 56 44 88 61 58 41 36 104 92 70 73 48 40 51 66 7 29 54 74 57 57 15 69 7 9 72 29 67 76 18 65 71 137 75 43 55
112 81 163 68 127 86 105 94 74 x 96 86 125 111 92 66 82 49 112 114 99 155 114 75 45 100 96 103 93 67 45 72 82 78 42 59 91 81 65 81 80 94 127 91 83 60 151 56 88 80
64 95 169 94 121 112 100 107 88 96 x 31 143 146 105 92 35 75 44 128 103 150 140 120 51 97 110 94 99 81 59 124 14 86 82 73 117 95 79 67 94 104 122 105 114 66 96 62 94 84
33 97 159 81 90 81 103 76 91 86 31 x 138 131 74 79 4 96 47 113 72 142 127 92 41 66 93 63 89 84 62 119 17 55 103 76 104 85 82 36 85 73 125 90 83 56 65 52 84 53
105 73 217 57 120 105 109 97 55 125 143 138 x 78 95 59 142 76 113 60 82 123 107 116 128 103 95 106 121 62 84 109 129 103 83 70 84 62 64 118 84 113 95 73 104 126 160 130 98 101
149 99 183 105 155 117 75 71 59 111 146 131 78 x 73 103 133 97 117 18 59 81 106 123 96 71 54 74 124 66 87 112 132 80 104 73 119 66 68 95 52 125 53 41 82 108 195 107 80 78
78 31 182 47 92 66 74 2 56 92 105 74 95 73 x 49 70 57 87 55 56 118 79 77 79 8 19 11 107 52 67 45 91 77 50 56 56 63 50 92 49 74 90 38 9 81 132 85 77 75
46 18 190 2 61 89 91 47 44 66 92 79 59 103 49 x 83 17 102 85 80 141 48 100 110 57 64 60 96 37 52 84 96 85 24 45 25 51 39 85 66 86 113 62 58 114 101 110 87 87
37 101 155 85 94 79 106 72 88 82 35 4 142 133 70 83 x 100 51 115 76 146 127 90 37 62 89 59 85 88 66 115 21 59 107 80 104 81 86 40 81 71 128 92 79 52 69 48 80 57
63 35 200 19 78 106 92 59 61 49 75 96 76 97 57 17 100 x 119 79 74 142 65 117 94 65 76 68 113 54 69 101 89 95 7 62 42 68 56 102 67 103 114 56 48 109 118 105 95 93
80 84 185 100 137 117 112 89 58 112 44 47 113 117 87 102 51 119 x 99 94 162 144 128 67 79 98 76 115 65 75 112 30 102 115 73 121 51 67 83 87 120 134 76 96 82 112 78 101 100
131 81 165 87 137 99 57 53 41 114 128 113 60 18 55 85 115 79 99 x 41 63 124 105 78 53 36 56 106 48 69 94 114 62 86 55 101 48 50 77 34 107 35 23 64 90 177 89 62 60
105 76 162 82 111 75 54 58 36 99 103 72 82 59 56 80 76 74 94 41 x 104 119 64 72 48 75 51 98 43 54 89 89 21 81 50 96 43 45 36 29 83 76 18 65 65 137 61 57 19
175 144 158 143 181 140 50 116 104 155 150 142 123 81 118 141 146 142 162 63 104 x 187 147 119 116 99 119 147 104 110 147 136 111 149 96 164 111 102 106 75 148 28 86 127 119 207 123 91 109
94 66 199 50 59 129 137 81 92 114 140 127 107 106 79 48 127 65 144 124 119 187 x 140 142 71 98 68 94 85 100 124 144 133 72 93 23 99 87 133 112 134 159 101 88 127 99 131 135 135
59 105 167 102 137 11 101 79 70 75 120 92 116 123 77 100 90 117 128 105 64 147 140 x 69 69 92 72 87 63 69 106 106 47 117 55 117 77 61 62 76 19 119 82 86 54 135 58 82 45
74 103 118 112 111 80 69 81 73 45 51 41 128 96 79 110 37 94 67 78 72 119 142 69 x 71 98 74 48 73 79 116 37 55 87 65 119 80 71 36 44 88 91 55 88 15 106 11 43 53
86 39 174 55 84 58 66 10 48 100 97 66 103 71 8 57 62 65 79 53 48 116 71 69 71 x 27 3 105 50 68 53 83 69 58 54 48 55 48 84 41 66 88 30 17 73 124 77 69 67
97 46 191 62 111 81 83 17 40 96 110 93 95 54 19 64 89 76 98 36 75 99 98 92 98 27 x 30 88 33 51 60 96 84 69 37 75 47 31 103 58 89 71 57 28 100 151 104 83 86
89 42 177 58 81 61 69 13 51 103 94 63 106 74 11 60 59 68 76 56 51 119 68 72 74 3 30 x 102 47 65 56 80 72 61 51 45 58 45 87 44 69 91 33 20 76 121 80 72 70
98 101 166 98 137 95 97 105 66 93 99 89 121 124 107 96 85 113 115 106 98 147 94 87 48 105 88 102 x 59 65 102 85 81 120 51 117 73 57 62 72 103 119 83 116 33 154 37 61 79
83 47 162 39 98 52 54 50 7 67 81 84 62 66 52 37 88 54 65 48 43 104 85 63 73 50 33 47 59 x 22 47 67 55 61 8 62 14 2 74 29 60 76 25 61 78 138 82 50 57
95 36 168 50 113 58 60 65 29 45 59 62 84 87 67 52 66 69 75 69 54 110 100 69 79 68 51 65 65 22 x 65 45 33 76 14 77 36 20 52 35 66 82 46 76 81 127 77 63 35
123 72 205 86 137 95 97 43 54 72 124 119 109 112 45 84 115 101 112 94 89 147 124 106 116 53 60 56 102 47 65 x 110 98 95 51 101 61 45 117 72 103 119 71 54 125 177 127 97 100
50 81 155 95 107 98 86 93 74 82 14 17 129 132 91 96 21 89 30 114 89 136 144 106 37 83 96 80 85 67 45 110 x 72 96 59 121 81 65 53 80 90 108 91 100 52 82 48 80 70
88 69 169 83 94 58 61 79 57 78 86 55 103 80 77 85 59 95 102 62 21 111 133 47 55 69 84 72 81 55 33 98 72 x 102 47 110 64 53 19 36 66 83 39 86 48 120 44 64 2
70 42 205 26 85 113 99 52 57 42 82 103 83 104 50 24 107 7 115 86 81 149 72 117 87 58 69 61 120 61 76 95 96 102 x 69 49 64 63 109 74 110 121 63 41 102 125 98 100 100
91 50 154 47 106 44 46 54 15 59 73 76 70 73 56 45 80 62 73 55 50 96 93 55 65 54 37 51 51 8 14 51 59 47 69 x 70 22 6 66 21 52 68 32 65 77 141 76 49 49
71 43 176 27 36 106 114 58 69 91 117 104 84 119 56 25 104 42 121 101 96 164 23 117 119 48 75 45 117 62 77 101 121 110 49 70 x 76 64 110 89 111 136 78 65 121 76 125 112 112
97 33 169 49 112 66 61 62 7 81 95 85 62 66 63 51 81 68 51 48 43 111 99 77 80 55 47 58 73 14 36 61 81 64 64 22 76 x 16 79 36 74 83 25 66 78 144 82 50 62
85 49 160 41 100 50 52 48 9 65 79 82 64 68 50 39 86 56 67 50 45 102 87 61 71 48 31 45 57 2 20 45 65 53 63 6 64 16 x 72 27 58 74 27 59 80 140 82 52 55
69 67 154 83 75 73 76 94 72 81 67 36 118 95 92 85 40 102 83 77 36 106 133 62 36 84 103 87 62 74 52 117 53 19 109 66 110 79 72 x 51 81 98 54 101 29 101 25 57 17
112 69 133 68 125 65 25 51 29 80 94 85 84 52 49 66 81 67 87 34 29 75 112 76 44 41 58 44 72 29 35 72 80 36 74 21 89 36 27 51 x 73 47 11 58 56 150 55 28 34
40 102 164 88 147 8 98 76 67 94 104 73 113 125 74 86 71 103 120 107 83 148 134 19 88 66 89 69 103 60 66 103 90 66 110 52 111 74 58 81 73 x 120 84 83 73 138 77 101 64
158 116 130 115 167 112 22 88 76 127 122 125 95 53 90 113 128 114 134 35 76 28 159 119 91 88 71 91 119 76 82 119 108 83 121 68 136 83 74 98 47 120 x 58 99 91 190 95 63 81
108 58 144 64 114 76 36 40 18 91 105 90 73 41 38 62 92 56 76 23 18 86 101 82 55 30 57 33 83 25 46 71 91 39 63 32 78 25 27 54 11 84 58 x 47 67 154 66 39 37
87 40 191 56 101 75 83 11 65 83 114 83 104 82 9 58 79 48 96 64 65 127 88 86 88 17 28 20 116 61 76 54 100 86 41 65 65 66 59 101 58 83 99 47 x 90 141 94 86 84
89 96 133 112 104 65 81 83 71 60 66 56 126 108 81 114 52 109 82 90 65 119 127 54 15 73 100 76 33 78 81 125 52 48 102 77 121 78 80 29 56 73 91 67 90 x 121 4 28 46
98 119 180 103 40 146 168 134 137 151 96 65 160 195 132 101 69 118 112 177 137 207 99 135 106 124 151 121 154 138 127 177 82 120 125 141 76 144 140 101 150 138 190 154 141 121 x 117 144 118
85 92 129 108 100 69 80 87 75 56 62 52 130 107 85 110 48 105 78 89 61 123 131 58 11 77 104 80 37 82 77 127 48 44 98 76 125 82 82 25 55 77 95 66 94 4 117 x 32 42
117 83 161 89 104 93 53 79 43 88 94 84 98 80 77 87 80 95 101 62 57 91 135 82 43 69 83 72 61 50 63 97 80 64 100 49 112 50 52 57 28 101 63 39 86 28 144 32 x 62
86 71 167 85 92 56 59 77 55 80 84 53 101 78 75 87 57 93 100 60 19 109 135 45 53 67 86 70 79 57 35 100 70 2 100 49 112 62 55 17 34 64 81 37 84 46 118 42 62 x
