100 
30 
0 1 2 3 4 5 6 7 8 9 10 11 12 13 14 15 16 17 18 19 20 21 22 23 24 25 26 27 28 29 30 31 32 33 34 35 36 37 38 39 40 41 42 43 44 45 46 47 48 49 50 51 52 53 54 55 56 57 58 59 60 61 62 63 64 65 66 67 68 69 70 71 72 73 74 75 76 77 78 79 80 81 82 83 84 85 86 87 88 89 90 91 92 93 94 95 96 97 98 99 
64 13 87 82 37 30 17 96 7 77 46 97 90 25 23 40 11 19 35 73 67 69 36 54 61 28 0 80 66 3 
0
x 4.13 2.25 6.72 1.42 1.42 6.72 x 6.41 2.25 5.01 6.72 5.84 2.84 0.01 x x 8.5 3.17 6.09 3.17 5.11 1.42 6.09 3.17 3.62 3.17 6.72 5.84 3.17 x 3.17 1.01 5.11 3.01 5.84 6.09 6.01 3.62 2.84 3.62 6.33 5.01 3.62 3.62 7.08 3.17 2.25 x 1.42 8.5 x 7.08 5.01 2.84 3.17 x 3.01 3.17 2.01 2.84 5.11 3.62 x 3.17 6.72 7.22 6.72 3.17 2.25 5.01 x x 3.62 5.11 x 5.11 6.09 5.4 7.08 3.62 1.01 3.62 3.01 3.62 6.09 6.72 7.08 2.25 5.01 x 3.62 3.62 x 3.62 3.17 x 5.4 5.11 6.01 
4.13 x 5.11 9.91 5.01 5.01 7.08 3.01 5.11 6.01 1.42 7.08 9.23 6.09 4.13 1.01 2.25 7.29 7.01 2.01 3.62 2.25 3.62 2.01 1.01 6.33 3.62 4.48 2.25 1.01 8.07 6.41 4.48 7.82 1.42 2.25 7.63 8.07 3.17 6.72 7.08 2.25 7.22 6.33 7.08 6.09 7.29 3.17 3.01 5.01 7.29 2.25 6.09 7.22 6.09 3.62 1.01 4.48 7.29 5.01 6.09 6.72 1.42 2.25 5.01 7.08 5.4 7.08 2.25 6.33 1.42 1.01 5.84 4.48 2.25 0.01 2.25 2.01 6.33 6.09 3.17 5.11 7.22 5.67 3.17 8.61 9.91 6.09 5.11 1.42 0.01 7.63 7.08 3.01 7.22 2.25 0.01 1.42 6.72 8.07 
2.25 5.11 x 8.26 1.01 1.01 8.95 6.41 8.5 1.42 6.33 8.95 7.29 1.01 2.25 5.01 x 10.64 2.25 7.08 2.25 6.72 3.62 7.08 x 1.42 2.25 8.61 6.09 x 5.4 5.01 3.17 7.01 x 6.09 8.26 8.07 5.67 x 2.01 7.01 7.08 1.42 2.01 9.23 3.62 2.01 6.41 1.01 10.64 x 9.23 7.08 1.01 2.25 5.4 1.42 3.62 x 1.01 7.29 x x 5.4 8.95 9.23 8.95 5.01 3.17 6.33 5.4 6.33 5.84 6.72 5.11 6.72 7.08 7.63 9.23 5.67 2.01 5.11 5.11 5.67 8.01 8.26 9.23 0.01 6.33 5.11 x 2.01 6.41 5.11 5.01 5.11 6.01 7.29 8.07 
6.72 9.91 8.26 x 7.29 7.29 6.01 8.07 8.26 7.08 10.01 6.01 1.01 8.07 6.72 10.64 10.83 9.01 7.01 11.41 9.86 9.44 6.41 11.41 9.23 9.07 9.86 9.5 12.05 9.23 3.01 3.62 5.84 2.25 8.5 12.05 x 3.01 7.22 x 8.01 12.05 3.17 9.07 8.01 8.07 5.01 8.95 8.07 7.29 9.01 10.83 8.07 3.17 8.07 9.86 9.23 9.5 5.01 5.01 8.07 x 10.01 10.83 5.01 6.01 9.23 6.01 7.82 5.11 10.01 9.23 x 5.84 9.44 9.91 9.44 11.41 5.11 8.07 7.22 6.33 3.17 x 7.22 2.01 0.01 8.07 8.26 10.01 9.91 x 8.01 8.07 3.17 7.82 9.91 11.32 x 3.01 
1.42 5.01 1.01 7.29 x 0.01 8.07 5.84 7.82 1.01 6.09 8.07 6.33 1.42 1.42 5.11 x 9.91 2.01 7.01 2.84 6.33 2.84 7.01 x 2.25 2.84 8.07 6.33 x x x 2.25 6.01 x 6.33 7.29 7.08 5.01 3.17 2.25 7.08 6.09 2.25 2.25 8.5 2.84 2.25 5.84 0.01 9.91 x 8.5 6.09 1.42 2.84 5.11 2.25 2.84 3.17 1.42 6.33 x x x 8.07 8.61 8.07 x 2.25 6.09 5.11 5.4 5.01 6.33 5.01 6.33 7.01 6.72 8.5 5.01 1.01 x x 5.01 7.01 7.29 8.5 1.01 6.09 5.01 3.62 2.25 5.84 x x 5.01 6.09 6.33 7.08 
1.42 5.01 1.01 7.29 0.01 x 8.07 5.84 7.82 1.01 6.09 8.07 6.33 1.42 1.42 5.11 x 9.91 2.01 7.01 2.84 6.33 2.84 7.01 x 2.25 2.84 8.07 6.33 x x x 2.25 6.01 x 6.33 7.29 7.08 5.01 3.17 2.25 7.08 6.09 2.25 2.25 8.5 2.84 2.25 5.84 0.01 9.91 x 8.5 6.09 1.42 2.84 5.11 2.25 2.84 3.17 1.42 6.33 x x x 8.07 8.61 8.07 x 2.25 6.09 5.11 5.4 5.01 6.33 5.01 6.33 7.01 6.72 8.5 5.01 1.01 x x 5.01 7.01 7.29 8.5 1.01 6.09 5.01 3.62 2.25 5.84 x x 5.01 6.09 6.33 7.08 
6.72 7.08 8.95 6.01 8.07 8.07 x x 2.84 8.61 6.33 0.01 6.09 9.44 6.72 8.07 9.01 3.01 9.23 7.63 9.23 5.4 5.4 7.63 7.01 10.31 9.23 x 9.23 7.01 6.72 5.01 5.84 x 6.01 9.23 2.01 3.01 x 6.41 10.01 8.55 3.17 10.31 10.01 2.25 7.82 8.26 x 8.07 3.01 9.01 2.25 3.17 9.44 9.23 6.09 9.5 7.82 5.01 9.44 2.25 8.01 9.01 3.62 0.01 3.62 0.01 5.01 7.08 6.33 6.09 2.84 3.17 5.4 7.08 5.4 7.63 1.42 2.25 x 7.22 5.84 x x x 6.01 2.25 8.95 6.33 7.08 7.22 10.01 x 5.84 5.01 7.08 8.26 2.25 3.01 
x 3.01 6.41 8.07 5.84 5.84 x x 2.25 6.72 2.25 x 7.63 7.22 x x 5.11 x 7.63 3.62 5.84 1.42 3.17 3.62 3.17 7.82 5.84 2.25 5.11 3.17 7.08 5.11 x 5.84 2.25 5.11 5.01 5.67 1.01 6.01 8.07 x 5.01 7.82 8.07 3.17 7.08 5.01 0.01 5.84 x 5.11 3.17 5.01 7.22 5.84 2.01 6.41 7.08 x 7.22 x x 5.11 3.17 x 2.84 x 1.42 6.09 2.25 2.01 3.62 2.25 1.42 3.01 1.42 3.62 3.62 3.17 1.01 5.4 6.09 x 1.01 6.41 8.07 3.17 6.41 2.25 3.01 7.01 8.07 0.01 6.09 1.42 3.01 x x 5.67 
6.41 5.11 8.5 8.26 7.82 7.82 2.84 2.25 x 8.61 x 2.84 8.07 9.23 6.41 6.09 7.29 2.25 9.44 5.11 8.07 3.01 5.01 5.11 5.4 9.91 8.07 1.42 7.01 5.4 8.07 6.09 5.84 6.09 x 7.01 x 5.4 2.84 7.29 10.01 6.09 5.11 9.91 10.01 1.01 8.55 7.22 2.25 7.82 2.25 7.29 1.01 5.11 9.23 8.07 x 8.61 8.55 5.4 9.23 x 6.33 7.29 x 2.84 1.01 2.84 3.62 7.63 x x x 3.17 3.01 5.11 3.01 5.11 3.17 1.01 2.84 7.22 7.08 5.11 2.84 6.33 8.26 1.01 8.5 x 5.11 8.26 10.01 2.25 7.08 3.62 5.11 6.01 x 5.4 
2.25 6.01 1.42 7.08 1.01 1.01 8.61 6.72 8.61 x 7.08 8.61 6.09 1.01 2.25 6.09 5.4 10.64 1.01 8.01 3.62 7.29 3.62 8.01 5.01 2.01 3.62 8.95 7.29 5.01 x x 2.84 6.09 5.11 7.29 7.63 7.29 5.84 3.01 1.42 8.07 6.33 2.01 1.42 9.23 2.25 3.17 6.72 1.01 10.64 5.4 9.23 6.33 1.01 3.62 6.09 2.84 2.25 3.62 1.01 6.72 5.11 5.4 5.01 8.61 9.44 8.61 5.4 2.01 7.08 6.09 5.84 5.67 7.29 6.01 7.29 8.01 7.22 9.23 5.84 1.42 x x 5.84 7.08 7.08 9.23 1.42 7.08 6.01 3.17 1.42 6.72 x 5.4 6.01 7.08 6.72 7.29 
5.01 1.42 6.33 10.01 6.09 6.09 6.33 2.25 x 7.08 x 6.33 9.44 7.29 5.01 2.25 3.62 6.09 8.07 1.42 5.01 1.01 x 1.42 2.25 7.63 5.01 3.17 3.01 2.25 8.55 6.72 5.11 7.82 2.01 3.01 7.22 7.82 2.84 7.29 8.26 2.25 7.08 7.63 8.26 5.01 8.07 x 2.25 6.09 6.09 3.62 5.01 7.08 7.29 5.01 1.01 5.84 8.07 5.4 7.29 6.41 2.84 3.62 5.01 6.33 x 6.33 2.25 7.08 0.01 1.01 5.67 x 1.01 1.42 1.01 1.42 5.84 5.01 2.84 6.01 7.63 5.84 2.84 8.5 10.01 5.01 6.33 0.01 1.42 8.26 8.26 2.25 7.63 2.25 1.42 2.01 6.41 7.82 
6.72 7.08 8.95 6.01 8.07 8.07 0.01 x 2.84 8.61 6.33 x 6.09 9.44 6.72 8.07 9.01 3.01 9.23 7.63 9.23 5.4 5.4 7.63 7.01 10.31 9.23 x 9.23 7.01 6.72 5.01 5.84 x 6.01 9.23 2.01 3.01 x 6.41 10.01 8.55 3.17 10.31 10.01 2.25 7.82 8.26 x 8.07 3.01 9.01 2.25 3.17 9.44 9.23 6.09 9.5 7.82 5.01 9.44 2.25 8.01 9.01 3.62 0.01 3.62 0.01 5.01 7.08 6.33 6.09 2.84 3.17 5.4 7.08 5.4 7.63 1.42 2.25 x 7.22 5.84 x x x 6.01 2.25 8.95 6.33 7.08 7.22 10.01 x 5.84 5.01 7.08 8.26 2.25 3.01 
5.84 9.23 7.29 1.01 6.33 6.33 6.09 7.63 8.07 6.09 9.44 6.09 x 7.08 5.84 9.91 10.01 9.07 6.01 10.83 8.95 8.95 5.67 10.83 8.5 8.07 8.95 9.23 11.32 8.5 2.01 2.84 5.01 2.01 7.82 11.32 x 3.17 6.72 3.17 7.01 11.41 3.01 8.07 7.01 8.01 x 8.07 7.63 6.33 9.07 10.01 8.01 3.01 7.08 8.95 8.61 8.55 x x 7.08 x 9.23 10.01 x 6.09 9.07 6.09 7.22 x 9.44 8.61 x 5.4 8.95 9.23 8.95 10.83 5.01 8.01 6.72 5.4 2.25 3.62 6.72 2.25 1.01 8.01 7.29 9.44 9.23 3.01 7.01 7.63 2.25 7.22 9.23 10.64 x 3.17 
2.84 6.09 1.01 8.07 1.42 1.42 9.44 7.22 9.23 1.01 7.29 9.44 7.08 x 2.84 6.01 5.11 11.32 1.42 8.07 3.17 7.63 x 8.07 5.11 1.01 3.17 9.44 7.08 5.11 5.11 5.11 3.62 7.08 5.4 7.08 8.55 8.26 6.41 x 1.01 8.01 7.29 1.01 1.01 9.91 3.17 3.01 7.22 1.42 11.32 5.11 9.91 7.29 0.01 3.17 6.33 2.25 3.17 x 0.01 7.63 5.01 5.11 5.84 9.44 10.01 9.44 5.84 3.01 7.29 6.33 6.72 6.41 7.63 6.09 7.63 8.07 8.07 9.91 6.41 2.25 5.01 5.4 6.41 8.07 8.07 9.91 1.01 7.29 6.09 x 1.01 7.22 5.01 5.84 6.09 7.01 7.63 8.26 
0.01 4.13 2.25 6.72 1.42 1.42 6.72 x 6.41 2.25 5.01 6.72 5.84 2.84 x x x 8.5 3.17 6.09 3.17 5.11 1.42 6.09 3.17 3.62 3.17 6.72 5.84 3.17 x 3.17 1.01 5.11 3.01 5.84 6.09 6.01 3.62 2.84 3.62 6.33 5.01 3.62 3.62 7.08 3.17 2.25 x 1.42 8.5 x 7.08 5.01 2.84 3.17 x 3.01 3.17 2.01 2.84 5.11 3.62 x 3.17 6.72 7.22 6.72 3.17 2.25 5.01 x x 3.62 5.11 x 5.11 6.09 5.4 7.08 3.62 1.01 3.62 3.01 3.62 6.09 6.72 7.08 2.25 5.01 x 3.62 3.62 x 3.62 3.17 x 5.4 5.11 6.01 
x 1.01 5.01 10.64 5.11 5.11 8.07 x 6.09 6.09 2.25 8.07 9.91 6.01 x x 1.42 8.26 7.08 2.25 3.17 3.17 x 2.25 1.42 6.09 3.17 5.4 1.42 1.42 8.61 7.08 5.01 8.61 2.25 1.42 8.55 8.95 x 7.22 7.01 2.01 8.07 6.09 7.01 7.08 7.63 3.01 x 5.11 8.26 1.42 7.08 8.07 6.01 3.17 2.01 x 7.63 5.67 6.01 7.63 1.01 1.42 5.84 8.07 6.33 8.07 3.17 6.72 2.25 2.01 6.72 5.4 3.17 1.01 3.17 2.25 7.29 7.08 x 5.4 7.82 6.41 x 9.44 10.64 7.08 5.01 2.25 1.01 8.07 7.01 x 7.82 3.17 1.01 1.01 7.63 8.95 
x 2.25 x 10.83 x x 9.01 5.11 7.29 5.4 3.62 9.01 10.01 5.11 x 1.42 x 9.5 6.33 3.62 2.01 x x 3.62 2.01 5.01 2.01 6.72 2.01 2.01 8.5 7.22 5.01 8.95 3.01 2.01 9.23 9.5 5.01 7.08 6.09 3.17 8.55 5.01 6.09 8.26 7.22 2.25 5.11 x 9.5 0.01 8.26 8.55 5.11 2.01 3.17 3.01 7.22 5.84 5.11 8.26 1.01 0.01 6.33 9.01 7.63 9.01 x 6.41 3.62 3.17 7.29 6.09 x 2.25 x 3.62 8.07 8.26 5.01 5.01 7.82 6.72 5.01 9.86 10.83 8.26 x 3.62 2.25 7.82 6.09 5.11 7.82 x 2.25 2.25 8.26 9.5 
8.5 7.29 10.64 9.01 9.91 9.91 3.01 x 2.25 10.64 6.09 3.01 9.07 11.32 8.5 8.26 9.5 x 11.41 7.01 10.31 5.11 7.08 7.01 7.63 12.05 10.31 3.01 9.07 7.63 9.5 7.63 7.82 7.08 6.72 9.07 5.01 6.01 5.01 8.95 12.05 8.01 6.09 12.05 12.05 1.42 10.31 9.44 x 9.91 0.01 9.5 1.42 6.09 11.32 10.31 6.33 10.83 10.31 7.22 11.32 5.11 8.55 9.5 5.84 3.01 2.01 3.01 5.84 9.44 6.09 6.33 5.4 5.01 5.11 7.29 5.11 7.01 x 1.42 5.01 9.23 8.55 6.72 5.01 7.01 9.01 1.42 10.64 6.09 7.29 9.86 12.05 x 8.55 5.84 7.29 8.07 5.11 6.01 
3.17 7.01 2.25 7.01 2.01 2.01 9.23 7.63 9.44 1.01 8.07 9.23 6.01 1.42 3.17 7.08 6.33 11.41 x 9.01 x 8.26 x 9.01 6.01 2.25 x 9.86 8.26 6.01 x x 3.62 6.33 6.09 8.26 8.07 7.63 6.72 3.17 1.01 9.07 6.72 2.25 1.01 10.01 2.01 x 7.63 2.01 11.41 6.33 10.01 6.72 1.42 x 7.08 3.62 2.01 x 1.42 7.22 6.09 6.33 5.67 9.23 10.31 9.23 6.33 2.25 8.07 7.08 6.41 6.41 8.26 7.01 8.26 9.01 7.82 10.01 6.72 2.25 x 5.01 6.72 7.29 7.01 10.01 2.25 8.07 7.01 3.01 1.01 7.63 x 6.33 7.01 8.07 7.22 7.63 
6.09 2.01 7.08 11.41 7.01 7.01 7.63 3.62 5.11 8.01 1.42 7.63 10.83 8.07 6.09 2.25 3.62 7.01 9.01 x 5.4 2.25 5.4 0.01 3.01 8.26 5.4 x 2.25 3.01 9.86 8.07 6.33 9.23 3.17 2.25 8.61 9.23 x 8.55 9.07 1.01 8.5 8.26 9.07 6.09 9.23 5.11 3.62 7.01 7.01 3.62 6.09 8.5 8.07 5.4 2.25 6.33 9.23 6.72 8.07 7.82 3.17 3.62 6.41 7.63 5.01 7.63 3.62 8.26 1.42 2.25 7.08 5.67 2.25 2.01 2.25 0.01 7.22 6.09 x 7.08 8.95 7.22 x 9.91 11.41 6.09 7.08 1.42 2.01 9.5 9.07 3.62 8.95 3.62 2.01 1.42 7.82 9.23 
3.17 3.62 2.25 9.86 2.84 2.84 9.23 5.84 8.07 3.62 5.01 9.23 8.95 3.17 3.17 3.17 2.01 10.31 x 5.4 x 5.67 x 5.4 2.84 3.01 0.01 7.82 x 2.84 7.22 6.33 x 8.26 3.62 x 9.01 9.07 5.4 5.84 x 5.11 8.07 3.01 x 8.95 5.67 1.01 5.84 2.84 10.31 2.01 8.95 8.07 3.17 0.01 x 1.01 5.67 5.11 3.17 8.01 2.25 2.01 6.01 9.23 8.61 9.23 x 5.01 5.01 x 7.01 6.09 5.67 3.62 5.67 5.4 8.07 8.95 5.4 3.62 6.72 6.09 5.4 9.23 9.86 8.95 2.25 5.01 3.62 6.41 x 5.84 6.72 x 3.62 x 8.01 9.07 
5.11 2.25 6.72 9.44 6.33 6.33 5.4 1.42 3.01 7.29 1.01 5.4 8.95 7.63 5.11 3.17 x 5.11 8.26 2.25 5.67 x x 2.25 2.84 8.07 5.67 2.25 x 2.84 8.26 6.33 5.01 7.22 2.25 x 6.41 7.08 2.25 7.08 8.55 3.17 6.41 8.07 8.55 x 8.01 5.01 1.42 6.33 5.11 x x 6.41 7.63 5.67 1.42 6.41 8.01 5.11 7.63 5.67 3.62 x x 5.4 3.17 5.4 2.01 7.01 1.01 1.42 5.01 3.62 0.01 2.25 0.01 2.25 5.01 x 2.25 6.09 7.29 5.4 2.25 7.82 9.44 x 6.72 1.01 2.25 8.07 8.55 1.42 7.29 2.01 2.25 3.01 5.67 7.08 
1.42 3.62 3.62 6.41 2.84 2.84 5.4 3.17 5.01 3.62 x 5.4 5.67 x 1.42 x x 7.08 x 5.4 x x x 5.4 2.84 5.01 x 5.4 5.67 2.84 x 2.84 1.01 x 2.25 5.67 5.01 5.11 2.25 3.17 5.01 5.84 x 5.01 5.01 5.67 x 3.01 3.17 2.84 7.08 x 5.67 x x x 3.17 x x 1.42 x x 3.62 x 2.01 5.4 5.84 5.4 2.01 3.01 x 3.17 3.01 2.25 x 3.62 x 5.4 x 5.67 2.25 2.25 3.62 2.25 2.25 5.4 6.41 5.67 3.62 x 3.62 x 5.01 3.17 3.62 2.01 3.62 5.01 x 5.11 
6.09 2.01 7.08 11.41 7.01 7.01 7.63 3.62 5.11 8.01 1.42 7.63 10.83 8.07 6.09 2.25 3.62 7.01 9.01 0.01 5.4 2.25 5.4 x 3.01 8.26 5.4 x 2.25 3.01 9.86 8.07 6.33 9.23 3.17 2.25 8.61 9.23 x 8.55 9.07 1.01 8.5 8.26 9.07 6.09 9.23 5.11 3.62 7.01 7.01 3.62 6.09 8.5 8.07 5.4 2.25 6.33 9.23 6.72 8.07 7.82 3.17 3.62 6.41 7.63 5.01 7.63 3.62 8.26 1.42 2.25 7.08 5.67 2.25 2.01 2.25 0.01 7.22 6.09 x 7.08 8.95 7.22 x 9.91 11.41 6.09 7.08 1.42 2.01 9.5 9.07 3.62 8.95 3.62 2.01 1.42 7.82 9.23 
3.17 1.01 x 9.23 x x 7.01 3.17 5.4 5.01 2.25 7.01 8.5 5.11 3.17 1.42 2.01 7.63 6.01 3.01 2.84 2.84 2.84 3.01 x 5.4 2.84 5.01 2.84 0.01 7.22 5.67 3.62 7.22 1.01 2.84 7.29 7.63 3.01 5.84 6.09 3.17 6.72 5.4 6.09 6.33 6.33 2.25 3.17 x 7.63 2.01 6.33 6.72 5.11 2.84 1.42 3.62 6.33 x 5.11 6.33 1.01 2.01 x 7.01 5.84 7.01 2.01 5.4 2.25 1.42 5.4 x 2.84 1.01 2.84 3.01 6.09 6.33 3.01 x 6.41 5.01 3.01 8.07 9.23 6.33 x 2.25 1.01 6.72 6.09 3.17 6.41 2.01 1.01 2.25 6.33 7.63 
3.62 6.33 1.42 9.07 2.25 2.25 10.31 7.82 9.91 2.01 7.63 10.31 8.07 1.01 3.62 6.09 5.01 12.05 2.25 8.26 3.01 8.07 5.01 8.26 5.4 x 3.01 10.01 7.01 5.4 6.09 6.09 x 8.07 5.84 7.01 9.5 9.23 7.08 5.01 1.42 8.07 8.26 0.01 1.42 10.64 x 3.17 7.82 2.25 12.05 5.01 10.64 8.26 1.01 3.01 6.72 2.01 x 5.4 1.01 8.55 5.11 5.01 6.72 10.31 10.64 10.31 6.41 x 7.63 6.72 7.63 7.22 8.07 6.33 8.07 8.26 8.95 10.64 7.08 3.17 6.01 6.33 7.08 9.07 9.07 10.64 1.42 7.63 6.33 5.11 1.42 7.82 6.01 6.41 6.33 7.08 8.55 9.23 
3.17 3.62 2.25 9.86 2.84 2.84 9.23 5.84 8.07 3.62 5.01 9.23 8.95 3.17 3.17 3.17 2.01 10.31 x 5.4 0.01 5.67 x 5.4 2.84 3.01 x 7.82 x 2.84 7.22 6.33 x 8.26 3.62 x 9.01 9.07 5.4 5.84 x 5.11 8.07 3.01 x 8.95 5.67 1.01 5.84 2.84 10.31 2.01 8.95 8.07 3.17 0.01 x 1.01 5.67 5.11 3.17 8.01 2.25 2.01 6.01 9.23 8.61 9.23 x 5.01 5.01 x 7.01 6.09 5.67 3.62 5.67 5.4 8.07 8.95 5.4 3.62 6.72 6.09 5.4 9.23 9.86 8.95 2.25 5.01 3.62 6.41 x 5.84 6.72 x 3.62 x 8.01 9.07 
6.72 4.48 8.61 9.5 8.07 8.07 x 2.25 1.42 8.95 3.17 x 9.23 9.44 6.72 5.4 6.72 3.01 9.86 x 7.82 2.25 5.4 x 5.01 10.01 7.82 x 6.09 5.01 9.01 7.01 6.33 7.29 x 6.09 5.84 6.72 3.17 8.07 10.31 5.01 6.33 10.01 10.31 2.25 9.23 7.08 2.25 8.07 3.01 6.72 2.25 6.33 9.44 7.82 3.62 8.5 9.23 6.09 9.44 5.4 5.84 6.72 5.01 x 1.01 x 3.62 8.26 3.17 3.62 5.11 x 2.25 x 2.25 x x 2.25 3.17 7.63 8.01 6.01 3.17 7.63 9.5 2.25 8.61 3.17 x 9.07 10.31 2.25 8.01 3.62 x 5.11 5.4 6.72 
5.84 2.25 6.09 12.05 6.33 6.33 9.23 5.11 7.01 7.29 3.01 9.23 11.32 7.08 5.84 1.42 2.01 9.07 8.26 2.25 x x 5.67 2.25 2.84 7.01 x 6.09 x 2.84 10.01 8.5 6.41 10.01 3.62 0.01 9.86 10.31 5.4 8.61 8.07 1.42 9.44 7.01 8.07 8.01 8.95 x 5.11 6.33 9.07 2.01 8.01 9.44 7.08 x 3.17 5.01 8.95 7.08 7.08 8.95 2.25 2.01 7.22 9.23 7.08 9.23 x 8.07 3.01 3.17 8.07 6.72 x 2.25 x 2.25 8.55 8.01 5.4 6.72 9.23 7.82 5.4 10.83 12.05 8.01 6.09 3.01 2.25 9.44 8.07 5.11 9.23 x 2.25 1.01 8.95 10.31 
3.17 1.01 x 9.23 x x 7.01 3.17 5.4 5.01 2.25 7.01 8.5 5.11 3.17 1.42 2.01 7.63 6.01 3.01 2.84 2.84 2.84 3.01 0.01 5.4 2.84 5.01 2.84 x 7.22 5.67 3.62 7.22 1.01 2.84 7.29 7.63 3.01 5.84 6.09 3.17 6.72 5.4 6.09 6.33 6.33 2.25 3.17 x 7.63 2.01 6.33 6.72 5.11 2.84 1.42 3.62 6.33 x 5.11 6.33 1.01 2.01 x 7.01 5.84 7.01 2.01 5.4 2.25 1.42 5.4 x 2.84 1.01 2.84 3.01 6.09 6.33 3.01 x 6.41 5.01 3.01 8.07 9.23 6.33 x 2.25 1.01 6.72 6.09 3.17 6.41 2.01 1.01 2.25 6.33 7.63 
x 8.07 5.4 3.01 x x 6.72 7.08 8.07 x 8.55 6.72 2.01 5.11 x 8.61 8.5 9.5 x 9.86 7.22 8.26 x 9.86 7.22 6.09 7.22 9.01 10.01 7.22 x 2.01 3.62 2.84 6.72 10.01 5.01 x 6.09 1.42 5.01 10.31 3.62 6.09 5.01 8.26 2.01 6.41 7.08 x 9.5 8.5 8.26 3.62 5.11 7.22 7.63 6.72 2.01 3.17 5.11 x 7.82 8.5 x 6.72 9.07 6.72 6.33 2.25 8.55 7.63 x 5.01 8.26 8.07 8.26 9.86 5.4 8.26 6.09 3.62 1.01 3.01 6.09 3.62 3.01 8.26 5.4 8.55 8.07 1.01 5.01 7.08 1.01 6.33 8.07 9.44 x x 
3.17 6.41 5.01 3.62 x x 5.01 5.11 6.09 x 6.72 5.01 2.84 5.11 3.17 7.08 7.22 7.63 x 8.07 6.33 6.33 2.84 8.07 5.67 6.09 6.33 7.01 8.5 5.67 2.01 x 2.25 2.01 5.01 8.5 3.62 3.17 x 1.42 5.4 8.61 2.25 6.09 5.4 6.33 2.84 5.4 5.11 x 7.63 7.22 6.33 2.25 5.11 6.33 5.84 6.09 2.84 1.42 5.11 2.84 6.41 7.22 2.01 5.01 7.08 5.01 x 2.25 6.72 5.84 2.25 3.01 6.33 6.41 6.33 8.07 3.62 6.33 x 3.01 1.01 1.01 x 3.01 3.62 6.33 5.01 6.72 6.41 2.25 5.4 5.11 1.01 x 6.41 7.82 2.84 3.17 
1.01 4.48 3.17 5.84 2.25 2.25 5.84 x 5.84 2.84 5.11 5.84 5.01 3.62 1.01 5.01 5.01 7.82 3.62 6.33 x 5.01 1.01 6.33 3.62 x x 6.33 6.41 3.62 3.62 2.25 x x 3.17 6.41 5.11 5.01 3.17 2.25 x 6.72 x x x 6.41 3.01 3.17 x 2.25 7.82 5.01 6.41 x 3.62 x x x 3.01 1.01 3.62 x x 5.01 2.25 5.84 6.72 5.84 3.01 2.01 5.11 x 3.17 2.84 5.01 x 5.01 6.33 x 6.41 3.17 1.42 2.84 2.01 3.17 5.11 5.84 6.41 3.17 5.11 x 3.17 x x 2.84 3.01 x 5.84 x 5.01 
5.11 7.82 7.01 2.25 6.01 6.01 x 5.84 6.09 6.09 7.82 x 2.01 7.08 5.11 8.61 8.95 7.08 6.33 9.23 8.26 7.22 x 9.23 7.22 8.07 8.26 7.29 10.01 7.22 2.84 2.01 x x 6.41 10.01 2.25 1.42 5.01 3.17 7.29 9.91 1.01 8.07 7.29 6.01 x 7.29 5.84 6.01 7.08 8.95 6.01 1.01 7.08 8.26 7.08 8.07 x 3.17 7.08 2.01 8.07 8.95 2.84 x 7.08 x 5.67 x 7.82 7.08 2.25 3.62 7.22 7.82 7.22 9.23 3.01 6.01 5.01 5.01 2.25 2.25 5.01 1.01 2.25 6.01 7.01 7.82 7.82 3.62 7.29 5.84 2.25 5.67 7.82 9.23 2.01 1.42 
3.01 1.42 x 8.5 x x 6.01 2.25 x 5.11 2.01 6.01 7.82 5.4 3.01 2.25 3.01 6.72 6.09 3.17 3.62 2.25 2.25 3.17 1.01 5.84 3.62 x 3.62 1.01 6.72 5.01 3.17 6.41 x 3.62 6.33 6.72 2.01 5.4 6.33 3.62 5.84 5.84 6.33 5.4 6.09 2.84 2.25 x 6.72 3.01 5.4 5.84 5.4 3.62 1.01 x 6.09 3.62 5.4 5.4 2.01 3.01 3.62 6.01 5.01 6.01 1.01 5.11 2.01 1.01 x 3.17 2.25 1.42 2.25 3.17 5.11 5.4 2.01 x 5.84 x 2.01 7.22 8.5 5.4 x 2.01 1.42 6.33 6.33 2.25 5.84 1.01 1.42 2.84 5.4 6.72 
5.84 2.25 6.09 12.05 6.33 6.33 9.23 5.11 7.01 7.29 3.01 9.23 11.32 7.08 5.84 1.42 2.01 9.07 8.26 2.25 x x 5.67 2.25 2.84 7.01 x 6.09 0.01 2.84 10.01 8.5 6.41 10.01 3.62 x 9.86 10.31 5.4 8.61 8.07 1.42 9.44 7.01 8.07 8.01 8.95 x 5.11 6.33 9.07 2.01 8.01 9.44 7.08 x 3.17 5.01 8.95 7.08 7.08 8.95 2.25 2.01 7.22 9.23 7.08 9.23 x 8.07 3.01 3.17 8.07 6.72 x 2.25 x 2.25 8.55 8.01 5.4 6.72 9.23 7.82 5.4 10.83 12.05 8.01 6.09 3.01 2.25 9.44 8.07 5.11 9.23 x 2.25 1.01 8.95 10.31 
6.09 7.63 8.26 x 7.29 7.29 2.01 5.01 x 7.63 7.22 2.01 x 8.55 6.09 8.55 9.23 5.01 8.07 8.61 9.01 6.41 5.01 8.61 7.29 9.5 9.01 5.84 9.86 7.29 5.01 3.62 5.11 2.25 6.33 9.86 x 1.01 x 5.01 8.95 9.44 1.42 9.5 8.95 x 6.41 8.01 5.01 7.29 5.01 9.23 x 1.42 8.55 9.01 6.72 9.07 6.41 x 8.55 1.01 8.26 9.23 3.01 2.01 5.4 2.01 5.4 5.84 7.22 6.72 2.01 3.17 6.41 7.63 6.41 8.61 1.42 x x 6.33 x 3.17 x 2.01 x x 8.26 7.22 7.63 5.67 8.95 5.01 x 5.4 7.63 8.95 1.01 1.01 
6.01 8.07 8.07 3.01 7.08 7.08 3.01 5.67 5.4 7.29 7.82 3.01 3.17 8.26 6.01 8.95 9.5 6.01 7.63 9.23 9.07 7.08 5.11 9.23 7.63 9.23 9.07 6.72 10.31 7.63 x 3.17 5.01 1.42 6.72 10.31 1.01 x 5.01 x 8.55 10.01 1.01 9.23 8.55 5.11 5.84 8.07 5.67 7.08 6.01 9.5 5.11 1.01 8.26 9.07 7.22 9.01 5.84 x 8.26 1.42 8.55 9.5 3.17 3.01 6.33 3.01 5.84 5.4 7.82 7.22 2.25 3.62 7.08 8.07 7.08 9.23 2.25 5.11 5.01 6.09 3.62 3.01 5.01 1.01 3.01 5.11 8.07 7.82 8.07 5.01 8.55 5.67 3.62 5.84 8.07 9.44 1.42 0.01 
3.62 3.17 5.67 7.22 5.01 5.01 x 1.01 2.84 5.84 2.84 x 6.72 6.41 3.62 x 5.01 5.01 6.72 x 5.4 2.25 2.25 x 3.01 7.08 5.4 3.17 5.4 3.01 6.09 x 3.17 5.01 2.01 5.4 x 5.01 x 5.01 7.22 5.01 x 7.08 7.22 3.62 6.09 x 1.01 5.01 5.01 5.01 3.62 x 6.41 5.4 2.25 5.84 6.09 3.01 6.41 3.62 x 5.01 2.25 x 3.62 x 1.01 5.11 2.84 2.25 2.84 1.42 2.25 3.17 2.25 x 3.17 3.62 0.01 x 5.11 3.17 0.01 5.67 7.22 3.62 5.67 2.84 3.17 6.01 7.22 1.01 5.11 1.01 3.17 x 3.62 5.01 
2.84 6.72 x x 3.17 3.17 6.41 6.01 7.29 3.01 7.29 6.41 3.17 x 2.84 7.22 7.08 8.95 3.17 8.55 5.84 7.08 3.17 8.55 5.84 5.01 5.84 8.07 8.61 5.84 1.42 1.42 2.25 3.17 5.4 8.61 5.01 x 5.01 x x 8.95 3.62 5.01 x 7.63 1.42 5.01 6.01 3.17 8.95 7.08 7.63 3.62 x 5.84 6.33 5.4 1.42 2.01 x x 6.41 7.08 3.17 6.41 8.26 6.41 5.11 1.01 7.29 6.33 3.62 x 7.08 6.72 7.08 8.55 5.01 7.63 5.01 2.25 1.01 2.25 5.01 x x 7.63 x 7.29 6.72 1.01 x 6.01 1.01 5.11 6.72 8.07 x x 
3.62 7.08 2.01 8.01 2.25 2.25 10.01 8.07 10.01 1.42 8.26 10.01 7.01 1.01 3.62 7.01 6.09 12.05 1.01 9.07 x 8.55 5.01 9.07 6.09 1.42 x 10.31 8.07 6.09 5.01 5.4 x 7.29 6.33 8.07 8.95 8.55 7.22 x x 9.01 7.63 1.42 0.01 10.64 3.01 x 8.07 2.25 12.05 6.09 10.64 7.63 1.01 x 7.29 3.17 3.01 5.01 1.01 8.07 6.01 6.09 6.41 10.01 10.83 10.01 6.72 3.17 8.26 7.29 7.22 7.08 8.55 7.08 8.55 9.07 8.61 10.64 7.22 2.84 5.11 5.84 7.22 8.26 8.01 10.64 2.01 8.26 7.08 x 0.01 8.07 5.11 6.72 7.08 8.01 8.07 8.55 
6.33 2.25 7.01 12.05 7.08 7.08 8.55 x 6.09 8.07 2.25 8.55 11.41 8.01 6.33 2.01 3.17 8.01 9.07 1.01 5.11 3.17 5.84 1.01 3.17 8.07 5.11 5.01 1.42 3.17 10.31 8.61 6.72 9.91 3.62 1.42 9.44 10.01 5.01 8.95 9.01 x 9.23 8.07 9.01 7.08 9.5 5.01 x 7.08 8.01 3.17 7.08 9.23 8.01 5.11 2.84 6.09 9.5 7.22 8.01 8.61 3.01 3.17 7.08 8.55 6.01 8.55 x 8.55 2.25 2.84 7.82 6.41 3.17 2.25 3.17 1.01 8.07 7.08 5.01 7.29 9.44 7.82 5.01 10.64 12.05 7.08 7.01 2.25 2.25 9.86 9.01 x 9.44 x 2.25 1.01 8.61 10.01 
5.01 7.22 7.08 3.17 6.09 6.09 3.17 5.01 5.11 6.33 7.08 3.17 3.01 7.29 5.01 8.07 8.55 6.09 6.72 8.5 8.07 6.41 x 8.5 6.72 8.26 8.07 6.33 9.44 6.72 3.62 2.25 x 1.01 5.84 9.44 1.42 1.01 x 3.62 7.63 9.23 x 8.26 7.63 5.01 5.01 7.08 5.01 6.09 6.09 8.55 5.01 0.01 7.29 8.07 6.41 8.01 5.01 3.01 7.29 1.01 7.63 8.55 2.25 3.17 6.09 3.17 5.01 x 7.08 6.41 1.42 2.84 6.41 7.22 6.41 8.5 2.01 5.01 x 5.11 2.84 2.01 x 1.42 3.17 5.01 7.08 7.08 7.22 x 7.63 5.01 2.84 5.01 7.22 8.61 1.01 1.01 
3.62 6.33 1.42 9.07 2.25 2.25 10.31 7.82 9.91 2.01 7.63 10.31 8.07 1.01 3.62 6.09 5.01 12.05 2.25 8.26 3.01 8.07 5.01 8.26 5.4 0.01 3.01 10.01 7.01 5.4 6.09 6.09 x 8.07 5.84 7.01 9.5 9.23 7.08 5.01 1.42 8.07 8.26 x 1.42 10.64 x 3.17 7.82 2.25 12.05 5.01 10.64 8.26 1.01 3.01 6.72 2.01 x 5.4 1.01 8.55 5.11 5.01 6.72 10.31 10.64 10.31 6.41 x 7.63 6.72 7.63 7.22 8.07 6.33 8.07 8.26 8.95 10.64 7.08 3.17 6.01 6.33 7.08 9.07 9.07 10.64 1.42 7.63 6.33 5.11 1.42 7.82 6.01 6.41 6.33 7.08 8.55 9.23 
3.62 7.08 2.01 8.01 2.25 2.25 10.01 8.07 10.01 1.42 8.26 10.01 7.01 1.01 3.62 7.01 6.09 12.05 1.01 9.07 x 8.55 5.01 9.07 6.09 1.42 x 10.31 8.07 6.09 5.01 5.4 x 7.29 6.33 8.07 8.95 8.55 7.22 x 0.01 9.01 7.63 1.42 x 10.64 3.01 x 8.07 2.25 12.05 6.09 10.64 7.63 1.01 x 7.29 3.17 3.01 5.01 1.01 8.07 6.01 6.09 6.41 10.01 10.83 10.01 6.72 3.17 8.26 7.29 7.22 7.08 8.55 7.08 8.55 9.07 8.61 10.64 7.22 2.84 5.11 5.84 7.22 8.26 8.01 10.64 2.01 8.26 7.08 x 0.01 8.07 5.11 6.72 7.08 8.01 8.07 8.55 
7.08 6.09 9.23 8.07 8.5 8.5 2.25 3.17 1.01 9.23 5.01 2.25 8.01 9.91 7.08 7.08 8.26 1.42 10.01 6.09 8.95 x 5.67 6.09 6.33 10.64 8.95 2.25 8.01 6.33 8.26 6.33 6.41 6.01 5.4 8.01 x 5.11 3.62 7.63 10.64 7.08 5.01 10.64 10.64 x 8.95 8.07 3.17 8.5 1.42 8.26 0.01 5.01 9.91 8.95 5.11 9.44 8.95 5.84 9.91 x 7.29 8.26 x 2.25 1.42 2.25 x 8.07 5.01 5.11 x 3.62 x 6.09 x 6.09 3.01 0.01 3.62 7.82 7.29 5.4 3.62 6.09 8.07 0.01 9.23 5.01 6.09 8.55 10.64 3.17 7.29 x 6.09 7.01 x 5.11 
3.17 7.29 3.62 5.01 2.84 2.84 7.82 7.08 8.55 2.25 8.07 7.82 x 3.17 3.17 7.63 7.22 10.31 2.01 9.23 5.67 8.01 x 9.23 6.33 x 5.67 9.23 8.95 6.33 2.01 2.84 3.01 x 6.09 8.95 6.41 5.84 6.09 1.42 3.01 9.5 5.01 x 3.01 8.95 x 5.01 7.08 2.84 10.31 7.22 8.95 5.01 3.17 5.67 7.08 5.01 0.01 3.17 3.17 5.67 6.72 7.22 x 7.82 9.5 7.82 6.01 1.01 8.07 7.08 5.01 5.4 8.01 7.29 8.01 9.23 6.41 8.95 6.09 2.25 2.25 3.62 6.09 5.4 5.01 8.95 3.62 8.07 7.29 1.01 3.01 7.08 2.25 6.01 7.29 8.55 5.67 5.84 
2.25 3.17 2.01 8.95 2.25 2.25 8.26 5.01 7.22 3.17 x 8.26 8.07 3.01 2.25 3.01 2.25 9.44 x 5.11 1.01 5.01 3.01 5.11 2.25 3.17 1.01 7.08 x 2.25 6.41 5.4 3.17 7.29 2.84 x 8.01 8.07 x 5.01 x 5.01 7.08 3.17 x 8.07 5.01 x 5.01 2.25 9.44 2.25 8.07 7.08 3.01 1.01 3.62 1.42 5.01 x 3.01 7.01 2.01 2.25 5.01 8.26 7.82 8.26 3.62 x x 3.62 6.01 5.11 5.01 3.17 5.01 5.11 7.08 8.07 x 2.84 5.84 5.11 x 8.26 8.95 8.07 2.01 x 3.17 5.67 x 5.01 5.84 3.62 3.17 x 7.01 8.07 
x 3.01 6.41 8.07 5.84 5.84 x 0.01 2.25 6.72 2.25 x 7.63 7.22 x x 5.11 x 7.63 3.62 5.84 1.42 3.17 3.62 3.17 7.82 5.84 2.25 5.11 3.17 7.08 5.11 x 5.84 2.25 5.11 5.01 5.67 1.01 6.01 8.07 x 5.01 7.82 8.07 3.17 7.08 5.01 x 5.84 x 5.11 3.17 5.01 7.22 5.84 2.01 6.41 7.08 x 7.22 x x 5.11 3.17 x 2.84 x 1.42 6.09 2.25 2.01 3.62 2.25 1.42 3.01 1.42 3.62 3.62 3.17 1.01 5.4 6.09 x 1.01 6.41 8.07 3.17 6.41 2.25 3.01 7.01 8.07 0.01 6.09 1.42 3.01 x x 5.67 
1.42 5.01 1.01 7.29 0.01 0.01 8.07 5.84 7.82 1.01 6.09 8.07 6.33 1.42 1.42 5.11 x 9.91 2.01 7.01 2.84 6.33 2.84 7.01 x 2.25 2.84 8.07 6.33 x x x 2.25 6.01 x 6.33 7.29 7.08 5.01 3.17 2.25 7.08 6.09 2.25 2.25 8.5 2.84 2.25 5.84 x 9.91 x 8.5 6.09 1.42 2.84 5.11 2.25 2.84 3.17 1.42 6.33 x x x 8.07 8.61 8.07 x 2.25 6.09 5.11 5.4 5.01 6.33 5.01 6.33 7.01 6.72 8.5 5.01 1.01 x x 5.01 7.01 7.29 8.5 1.01 6.09 5.01 3.62 2.25 5.84 x x 5.01 6.09 6.33 7.08 
8.5 7.29 10.64 9.01 9.91 9.91 3.01 x 2.25 10.64 6.09 3.01 9.07 11.32 8.5 8.26 9.5 0.01 11.41 7.01 10.31 5.11 7.08 7.01 7.63 12.05 10.31 3.01 9.07 7.63 9.5 7.63 7.82 7.08 6.72 9.07 5.01 6.01 5.01 8.95 12.05 8.01 6.09 12.05 12.05 1.42 10.31 9.44 x 9.91 x 9.5 1.42 6.09 11.32 10.31 6.33 10.83 10.31 7.22 11.32 5.11 8.55 9.5 5.84 3.01 2.01 3.01 5.84 9.44 6.09 6.33 5.4 5.01 5.11 7.29 5.11 7.01 x 1.42 5.01 9.23 8.55 6.72 5.01 7.01 9.01 1.42 10.64 6.09 7.29 9.86 12.05 x 8.55 5.84 7.29 8.07 5.11 6.01 
x 2.25 x 10.83 x x 9.01 5.11 7.29 5.4 3.62 9.01 10.01 5.11 x 1.42 0.01 9.5 6.33 3.62 2.01 x x 3.62 2.01 5.01 2.01 6.72 2.01 2.01 8.5 7.22 5.01 8.95 3.01 2.01 9.23 9.5 5.01 7.08 6.09 3.17 8.55 5.01 6.09 8.26 7.22 2.25 5.11 x 9.5 x 8.26 8.55 5.11 2.01 3.17 3.01 7.22 5.84 5.11 8.26 1.01 0.01 6.33 9.01 7.63 9.01 x 6.41 3.62 3.17 7.29 6.09 x 2.25 x 3.62 8.07 8.26 5.01 5.01 7.82 6.72 5.01 9.86 10.83 8.26 x 3.62 2.25 7.82 6.09 5.11 7.82 x 2.25 2.25 8.26 9.5 
7.08 6.09 9.23 8.07 8.5 8.5 2.25 3.17 1.01 9.23 5.01 2.25 8.01 9.91 7.08 7.08 8.26 1.42 10.01 6.09 8.95 x 5.67 6.09 6.33 10.64 8.95 2.25 8.01 6.33 8.26 6.33 6.41 6.01 5.4 8.01 x 5.11 3.62 7.63 10.64 7.08 5.01 10.64 10.64 0.01 8.95 8.07 3.17 8.5 1.42 8.26 x 5.01 9.91 8.95 5.11 9.44 8.95 5.84 9.91 x 7.29 8.26 x 2.25 1.42 2.25 x 8.07 5.01 5.11 x 3.62 x 6.09 x 6.09 3.01 0.01 3.62 7.82 7.29 5.4 3.62 6.09 8.07 0.01 9.23 5.01 6.09 8.55 10.64 3.17 7.29 x 6.09 7.01 x 5.11 
5.01 7.22 7.08 3.17 6.09 6.09 3.17 5.01 5.11 6.33 7.08 3.17 3.01 7.29 5.01 8.07 8.55 6.09 6.72 8.5 8.07 6.41 x 8.5 6.72 8.26 8.07 6.33 9.44 6.72 3.62 2.25 x 1.01 5.84 9.44 1.42 1.01 x 3.62 7.63 9.23 0.01 8.26 7.63 5.01 5.01 7.08 5.01 6.09 6.09 8.55 5.01 x 7.29 8.07 6.41 8.01 5.01 3.01 7.29 1.01 7.63 8.55 2.25 3.17 6.09 3.17 5.01 x 7.08 6.41 1.42 2.84 6.41 7.22 6.41 8.5 2.01 5.01 x 5.11 2.84 2.01 x 1.42 3.17 5.01 7.08 7.08 7.22 x 7.63 5.01 2.84 5.01 7.22 8.61 1.01 1.01 
2.84 6.09 1.01 8.07 1.42 1.42 9.44 7.22 9.23 1.01 7.29 9.44 7.08 0.01 2.84 6.01 5.11 11.32 1.42 8.07 3.17 7.63 x 8.07 5.11 1.01 3.17 9.44 7.08 5.11 5.11 5.11 3.62 7.08 5.4 7.08 8.55 8.26 6.41 x 1.01 8.01 7.29 1.01 1.01 9.91 3.17 3.01 7.22 1.42 11.32 5.11 9.91 7.29 x 3.17 6.33 2.25 3.17 x 0.01 7.63 5.01 5.11 5.84 9.44 10.01 9.44 5.84 3.01 7.29 6.33 6.72 6.41 7.63 6.09 7.63 8.07 8.07 9.91 6.41 2.25 5.01 5.4 6.41 8.07 8.07 9.91 1.01 7.29 6.09 x 1.01 7.22 5.01 5.84 6.09 7.01 7.63 8.26 
3.17 3.62 2.25 9.86 2.84 2.84 9.23 5.84 8.07 3.62 5.01 9.23 8.95 3.17 3.17 3.17 2.01 10.31 x 5.4 0.01 5.67 x 5.4 2.84 3.01 0.01 7.82 x 2.84 7.22 6.33 x 8.26 3.62 x 9.01 9.07 5.4 5.84 x 5.11 8.07 3.01 x 8.95 5.67 1.01 5.84 2.84 10.31 2.01 8.95 8.07 3.17 x x 1.01 5.67 5.11 3.17 8.01 2.25 2.01 6.01 9.23 8.61 9.23 x 5.01 5.01 x 7.01 6.09 5.67 3.62 5.67 5.4 8.07 8.95 5.4 3.62 6.72 6.09 5.4 9.23 9.86 8.95 2.25 5.01 3.62 6.41 x 5.84 6.72 x 3.62 x 8.01 9.07 
x 1.01 5.4 9.23 5.11 5.11 6.09 2.01 x 6.09 1.01 6.09 8.61 6.33 x 2.01 3.17 6.33 7.08 2.25 x 1.42 3.17 2.25 1.42 6.72 x 3.62 3.17 1.42 7.63 5.84 x 7.08 1.01 3.17 6.72 7.22 2.25 6.33 7.29 2.84 6.41 6.72 7.29 5.11 7.08 3.62 2.01 5.11 6.33 3.17 5.11 6.41 6.33 x x 5.01 7.08 x 6.33 5.84 2.25 3.17 x 6.09 x 6.09 1.42 6.09 1.01 0.01 5.01 3.62 1.42 1.01 1.42 2.25 5.4 5.11 2.25 5.01 6.72 5.01 2.25 7.82 9.23 5.11 5.4 1.01 1.01 7.29 7.29 2.01 6.72 1.42 1.01 2.25 5.84 7.22 
3.01 4.48 1.42 9.5 2.25 2.25 9.5 6.41 8.61 2.84 5.84 9.5 8.55 2.25 3.01 x 3.01 10.83 3.62 6.33 1.01 6.41 x 6.33 3.62 2.01 1.01 8.5 5.01 3.62 6.72 6.09 x 8.07 x 5.01 9.07 9.01 5.84 5.4 3.17 6.09 8.01 2.01 3.17 9.44 5.01 1.42 6.41 2.25 10.83 3.01 9.44 8.01 2.25 1.01 5.01 x 5.01 5.01 2.25 8.07 3.17 3.01 6.09 9.5 9.23 9.5 5.01 x 5.84 5.01 7.08 6.33 6.41 x 6.41 6.33 8.26 9.44 5.84 3.17 6.33 6.01 5.84 9.07 9.5 9.44 1.42 5.84 x 5.84 3.17 6.41 6.33 5.01 x 5.11 8.07 9.01 
3.17 7.29 3.62 5.01 2.84 2.84 7.82 7.08 8.55 2.25 8.07 7.82 x 3.17 3.17 7.63 7.22 10.31 2.01 9.23 5.67 8.01 x 9.23 6.33 x 5.67 9.23 8.95 6.33 2.01 2.84 3.01 x 6.09 8.95 6.41 5.84 6.09 1.42 3.01 9.5 5.01 x 3.01 8.95 0.01 5.01 7.08 2.84 10.31 7.22 8.95 5.01 3.17 5.67 7.08 5.01 x 3.17 3.17 5.67 6.72 7.22 x 7.82 9.5 7.82 6.01 1.01 8.07 7.08 5.01 5.4 8.01 7.29 8.01 9.23 6.41 8.95 6.09 2.25 2.25 3.62 6.09 5.4 5.01 8.95 3.62 8.07 7.29 1.01 3.01 7.08 2.25 6.01 7.29 8.55 5.67 5.84 
2.01 5.01 x 5.01 3.17 3.17 5.01 x 5.4 3.62 5.4 5.01 x x 2.01 5.67 5.84 7.22 x 6.72 5.11 5.11 1.42 6.72 x 5.4 5.11 6.09 7.08 x 3.17 1.42 1.01 3.17 3.62 7.08 x x 3.01 2.01 5.01 7.22 3.01 5.4 5.01 5.84 3.17 x x 3.17 7.22 5.84 5.84 3.01 x 5.11 x 5.01 3.17 x x 3.17 5.01 5.84 1.42 5.01 6.33 5.01 3.17 2.25 5.4 x 2.25 2.25 5.11 5.01 5.11 6.72 3.62 5.84 3.01 2.25 2.25 1.01 3.01 x 5.01 5.84 x 5.4 5.01 3.01 5.01 x 2.25 3.17 5.01 6.41 3.17 x 
2.84 6.09 1.01 8.07 1.42 1.42 9.44 7.22 9.23 1.01 7.29 9.44 7.08 0.01 2.84 6.01 5.11 11.32 1.42 8.07 3.17 7.63 x 8.07 5.11 1.01 3.17 9.44 7.08 5.11 5.11 5.11 3.62 7.08 5.4 7.08 8.55 8.26 6.41 x 1.01 8.01 7.29 1.01 1.01 9.91 3.17 3.01 7.22 1.42 11.32 5.11 9.91 7.29 0.01 3.17 6.33 2.25 3.17 x x 7.63 5.01 5.11 5.84 9.44 10.01 9.44 5.84 3.01 7.29 6.33 6.72 6.41 7.63 6.09 7.63 8.07 8.07 9.91 6.41 2.25 5.01 5.4 6.41 8.07 8.07 9.91 1.01 7.29 6.09 x 1.01 7.22 5.01 5.84 6.09 7.01 7.63 8.26 
5.11 6.72 7.29 x 6.33 6.33 2.25 x x 6.72 6.41 2.25 x 7.63 5.11 7.63 8.26 5.11 7.22 7.82 8.01 5.67 x 7.82 6.33 8.55 8.01 5.4 8.95 6.33 x 2.84 x 2.01 5.4 8.95 1.01 1.42 3.62 x 8.07 8.61 1.01 8.55 8.07 x 5.67 7.01 x 6.33 5.11 8.26 x 1.01 7.63 8.01 5.84 8.07 5.67 3.17 7.63 x 7.29 8.26 2.01 2.25 5.11 2.25 x 5.01 6.41 5.84 1.01 2.25 5.67 6.72 5.67 7.82 1.01 x 3.62 5.4 3.62 2.25 3.62 2.25 x x 7.29 6.41 6.72 5.01 8.07 x 3.62 x 6.72 8.07 0.01 1.42 
3.62 1.42 x 10.01 x x 8.01 x 6.33 5.11 2.84 8.01 9.23 5.01 3.62 1.01 1.01 8.55 6.09 3.17 2.25 3.62 3.62 3.17 1.01 5.11 2.25 5.84 2.25 1.01 7.82 6.41 x 8.07 2.01 2.25 8.26 8.55 x 6.41 6.01 3.01 7.63 5.11 6.01 7.29 6.72 2.01 x x 8.55 1.01 7.29 7.63 5.01 2.25 2.25 3.17 6.72 5.01 5.01 7.29 x 1.01 5.4 8.01 6.72 8.01 3.01 5.84 2.84 2.25 6.33 5.11 3.62 1.42 3.62 3.17 7.08 7.29 x x 7.08 5.84 x 8.95 10.01 7.29 x 2.84 1.42 7.22 6.01 x 7.08 3.01 1.42 2.01 7.29 8.55 
x 2.25 x 10.83 x x 9.01 5.11 7.29 5.4 3.62 9.01 10.01 5.11 x 1.42 0.01 9.5 6.33 3.62 2.01 x x 3.62 2.01 5.01 2.01 6.72 2.01 2.01 8.5 7.22 5.01 8.95 3.01 2.01 9.23 9.5 5.01 7.08 6.09 3.17 8.55 5.01 6.09 8.26 7.22 2.25 5.11 x 9.5 0.01 8.26 8.55 5.11 2.01 3.17 3.01 7.22 5.84 5.11 8.26 1.01 x 6.33 9.01 7.63 9.01 x 6.41 3.62 3.17 7.29 6.09 x 2.25 x 3.62 8.07 8.26 5.01 5.01 7.82 6.72 5.01 9.86 10.83 8.26 x 3.62 2.25 7.82 6.09 5.11 7.82 x 2.25 2.25 8.26 9.5 
3.17 5.01 5.4 5.01 x x 3.62 3.17 x 5.01 5.01 3.62 x 5.84 3.17 5.84 6.33 5.84 5.67 6.41 6.01 x 2.01 6.41 x 6.72 6.01 5.01 7.22 x x 2.01 2.25 2.84 3.62 7.22 3.01 3.17 2.25 3.17 6.41 7.08 2.25 6.72 6.41 x x 5.01 3.17 x 5.84 6.33 x 2.25 5.84 6.01 x 6.09 x 1.42 5.84 2.01 5.4 6.33 x 3.62 5.11 3.62 2.84 3.62 5.01 x 1.01 1.01 x 5.01 x 6.41 2.25 x 2.25 3.62 3.01 1.01 2.25 3.62 5.01 x 5.4 5.01 5.01 x 6.41 3.17 3.01 2.84 5.01 6.41 2.01 3.17 
6.72 7.08 8.95 6.01 8.07 8.07 0.01 x 2.84 8.61 6.33 0.01 6.09 9.44 6.72 8.07 9.01 3.01 9.23 7.63 9.23 5.4 5.4 7.63 7.01 10.31 9.23 x 9.23 7.01 6.72 5.01 5.84 x 6.01 9.23 2.01 3.01 x 6.41 10.01 8.55 3.17 10.31 10.01 2.25 7.82 8.26 x 8.07 3.01 9.01 2.25 3.17 9.44 9.23 6.09 9.5 7.82 5.01 9.44 2.25 8.01 9.01 3.62 x 3.62 0.01 5.01 7.08 6.33 6.09 2.84 3.17 5.4 7.08 5.4 7.63 1.42 2.25 x 7.22 5.84 x x x 6.01 2.25 8.95 6.33 7.08 7.22 10.01 x 5.84 5.01 7.08 8.26 2.25 3.01 
7.22 5.4 9.23 9.23 8.61 8.61 3.62 2.84 1.01 9.44 x 3.62 9.07 10.01 7.22 6.33 7.63 2.01 10.31 5.01 8.61 3.17 5.84 5.01 5.84 10.64 8.61 1.01 7.08 5.84 9.07 7.08 6.72 7.08 5.01 7.08 5.4 6.33 3.62 8.26 10.83 6.01 6.09 10.64 10.83 1.42 9.5 7.82 2.84 8.61 2.01 7.63 1.42 6.09 10.01 8.61 x 9.23 9.5 6.33 10.01 5.11 6.72 7.63 5.11 3.62 x 3.62 x 8.55 x x 5.01 x 3.17 5.4 3.17 5.01 x 1.42 3.62 8.07 8.07 6.09 3.62 7.29 9.23 1.42 9.23 x 5.4 9.23 10.83 2.84 8.07 x 5.4 6.09 5.11 6.33 
6.72 7.08 8.95 6.01 8.07 8.07 0.01 x 2.84 8.61 6.33 0.01 6.09 9.44 6.72 8.07 9.01 3.01 9.23 7.63 9.23 5.4 5.4 7.63 7.01 10.31 9.23 x 9.23 7.01 6.72 5.01 5.84 x 6.01 9.23 2.01 3.01 x 6.41 10.01 8.55 3.17 10.31 10.01 2.25 7.82 8.26 x 8.07 3.01 9.01 2.25 3.17 9.44 9.23 6.09 9.5 7.82 5.01 9.44 2.25 8.01 9.01 3.62 0.01 3.62 x 5.01 7.08 6.33 6.09 2.84 3.17 5.4 7.08 5.4 7.63 1.42 2.25 x 7.22 5.84 x x x 6.01 2.25 8.95 6.33 7.08 7.22 10.01 x 5.84 5.01 7.08 8.26 2.25 3.01 
3.17 2.25 5.01 7.82 x x 5.01 1.42 3.62 5.4 2.25 5.01 7.22 5.84 3.17 3.17 x 5.84 6.33 3.62 x 2.01 2.01 3.62 2.01 6.41 x 3.62 x 2.01 6.33 x 3.01 5.67 1.01 x 5.4 5.84 1.01 5.11 6.72 x 5.01 6.41 6.72 x 6.01 3.62 1.42 x 5.84 x x 5.01 5.84 x 1.42 5.01 6.01 3.17 5.84 x 3.01 x 2.84 5.01 x 5.01 x 5.01 2.25 1.42 3.62 2.25 2.01 2.25 2.01 3.62 x x 1.01 x 5.4 3.62 1.01 6.41 7.82 x 5.01 2.25 2.25 6.09 6.72 1.42 5.4 0.01 2.25 3.62 x 5.84 
2.25 6.33 3.17 5.11 2.25 2.25 7.08 6.09 7.63 2.01 7.08 7.08 x 3.01 2.25 6.72 6.41 9.44 2.25 8.26 5.01 7.01 3.01 8.26 5.4 x 5.01 8.26 8.07 5.4 2.25 2.25 2.01 x 5.11 8.07 5.84 5.4 5.11 1.01 3.17 8.55 x x 3.17 8.07 1.01 x 6.09 2.25 9.44 6.41 8.07 x 3.01 5.01 6.09 x 1.01 2.25 3.01 5.01 5.84 6.41 3.62 7.08 8.55 7.08 5.01 x 7.08 6.09 x x 7.01 6.33 7.01 8.26 5.67 8.07 5.11 1.42 2.01 2.84 5.11 5.11 5.11 8.07 3.17 7.08 6.33 1.42 3.17 6.09 2.01 5.01 6.33 7.63 5.01 5.4 
5.01 1.42 6.33 10.01 6.09 6.09 6.33 2.25 x 7.08 0.01 6.33 9.44 7.29 5.01 2.25 3.62 6.09 8.07 1.42 5.01 1.01 x 1.42 2.25 7.63 5.01 3.17 3.01 2.25 8.55 6.72 5.11 7.82 2.01 3.01 7.22 7.82 2.84 7.29 8.26 2.25 7.08 7.63 8.26 5.01 8.07 x 2.25 6.09 6.09 3.62 5.01 7.08 7.29 5.01 1.01 5.84 8.07 5.4 7.29 6.41 2.84 3.62 5.01 6.33 x 6.33 2.25 7.08 x 1.01 5.67 x 1.01 1.42 1.01 1.42 5.84 5.01 2.84 6.01 7.63 5.84 2.84 8.5 10.01 5.01 6.33 0.01 1.42 8.26 8.26 2.25 7.63 2.25 1.42 2.01 6.41 7.82 
x 1.01 5.4 9.23 5.11 5.11 6.09 2.01 x 6.09 1.01 6.09 8.61 6.33 x 2.01 3.17 6.33 7.08 2.25 x 1.42 3.17 2.25 1.42 6.72 x 3.62 3.17 1.42 7.63 5.84 x 7.08 1.01 3.17 6.72 7.22 2.25 6.33 7.29 2.84 6.41 6.72 7.29 5.11 7.08 3.62 2.01 5.11 6.33 3.17 5.11 6.41 6.33 x 0.01 5.01 7.08 x 6.33 5.84 2.25 3.17 x 6.09 x 6.09 1.42 6.09 1.01 x 5.01 3.62 1.42 1.01 1.42 2.25 5.4 5.11 2.25 5.01 6.72 5.01 2.25 7.82 9.23 5.11 5.4 1.01 1.01 7.29 7.29 2.01 6.72 1.42 1.01 2.25 5.84 7.22 
x 5.84 6.33 x 5.4 5.4 2.84 3.62 x 5.84 5.67 2.84 x 6.72 x 6.72 7.29 5.4 6.41 7.08 7.01 5.01 3.01 7.08 5.4 7.63 7.01 5.11 8.07 5.4 x 2.25 3.17 2.25 x 8.07 2.01 2.25 2.84 3.62 7.22 7.82 1.42 7.63 7.22 x 5.01 6.01 3.62 5.4 5.4 7.29 x 1.42 6.72 7.01 5.01 7.08 5.01 2.25 6.72 1.01 6.33 7.29 1.01 2.84 5.01 2.84 3.62 x 5.67 5.01 x 1.42 5.01 5.84 5.01 7.08 1.42 x 2.84 x 3.17 1.42 2.84 2.84 x x 6.33 5.67 5.84 x 7.22 3.62 3.17 3.62 5.84 7.22 1.01 2.25 
3.62 4.48 5.84 5.84 5.01 5.01 3.17 2.25 3.17 5.67 x 3.17 5.4 6.41 3.62 5.4 6.09 5.01 6.41 5.67 6.09 3.62 2.25 5.67 x 7.22 6.09 x 6.72 x 5.01 3.01 2.84 3.62 3.17 6.72 3.17 3.62 1.42 x 7.08 6.41 2.84 7.22 7.08 3.62 5.4 5.11 2.25 5.01 5.01 6.09 3.62 2.84 6.41 6.09 3.62 6.33 5.4 2.25 6.41 2.25 5.11 6.09 1.01 3.17 x 3.17 2.25 x x 3.62 1.42 x 3.62 x 3.62 5.67 2.01 3.62 1.42 x x 2.01 1.42 x 5.84 3.62 5.84 x x 5.11 7.08 2.25 x 2.25 x 5.84 2.25 3.62 
5.11 2.25 6.72 9.44 6.33 6.33 5.4 1.42 3.01 7.29 1.01 5.4 8.95 7.63 5.11 3.17 x 5.11 8.26 2.25 5.67 0.01 x 2.25 2.84 8.07 5.67 2.25 x 2.84 8.26 6.33 5.01 7.22 2.25 x 6.41 7.08 2.25 7.08 8.55 3.17 6.41 8.07 8.55 x 8.01 5.01 1.42 6.33 5.11 x x 6.41 7.63 5.67 1.42 6.41 8.01 5.11 7.63 5.67 3.62 x x 5.4 3.17 5.4 2.01 7.01 1.01 1.42 5.01 3.62 x 2.25 0.01 2.25 5.01 x 2.25 6.09 7.29 5.4 2.25 7.82 9.44 x 6.72 1.01 2.25 8.07 8.55 1.42 7.29 2.01 2.25 3.01 5.67 7.08 
x 0.01 5.11 9.91 5.01 5.01 7.08 3.01 5.11 6.01 1.42 7.08 9.23 6.09 x 1.01 2.25 7.29 7.01 2.01 3.62 2.25 3.62 2.01 1.01 6.33 3.62 x 2.25 1.01 8.07 6.41 x 7.82 1.42 2.25 7.63 8.07 3.17 6.72 7.08 2.25 7.22 6.33 7.08 6.09 7.29 3.17 3.01 5.01 7.29 2.25 6.09 7.22 6.09 3.62 1.01 x 7.29 5.01 6.09 6.72 1.42 2.25 5.01 7.08 5.4 7.08 2.25 6.33 1.42 1.01 5.84 x 2.25 x 2.25 2.01 6.33 6.09 3.17 5.11 7.22 5.67 3.17 8.61 9.91 6.09 5.11 1.42 0.01 7.63 7.08 3.01 7.22 2.25 0.01 1.42 6.72 8.07 
5.11 2.25 6.72 9.44 6.33 6.33 5.4 1.42 3.01 7.29 1.01 5.4 8.95 7.63 5.11 3.17 x 5.11 8.26 2.25 5.67 0.01 x 2.25 2.84 8.07 5.67 2.25 x 2.84 8.26 6.33 5.01 7.22 2.25 x 6.41 7.08 2.25 7.08 8.55 3.17 6.41 8.07 8.55 x 8.01 5.01 1.42 6.33 5.11 x x 6.41 7.63 5.67 1.42 6.41 8.01 5.11 7.63 5.67 3.62 x x 5.4 3.17 5.4 2.01 7.01 1.01 1.42 5.01 3.62 0.01 2.25 x 2.25 5.01 x 2.25 6.09 7.29 5.4 2.25 7.82 9.44 x 6.72 1.01 2.25 8.07 8.55 1.42 7.29 2.01 2.25 3.01 5.67 7.08 
6.09 2.01 7.08 11.41 7.01 7.01 7.63 3.62 5.11 8.01 1.42 7.63 10.83 8.07 6.09 2.25 3.62 7.01 9.01 0.01 5.4 2.25 5.4 0.01 3.01 8.26 5.4 x 2.25 3.01 9.86 8.07 6.33 9.23 3.17 2.25 8.61 9.23 x 8.55 9.07 1.01 8.5 8.26 9.07 6.09 9.23 5.11 3.62 7.01 7.01 3.62 6.09 8.5 8.07 5.4 2.25 6.33 9.23 6.72 8.07 7.82 3.17 3.62 6.41 7.63 5.01 7.63 3.62 8.26 1.42 2.25 7.08 5.67 2.25 2.01 2.25 x 7.22 6.09 x 7.08 8.95 7.22 x 9.91 11.41 6.09 7.08 1.42 2.01 9.5 9.07 3.62 8.95 3.62 2.01 1.42 7.82 9.23 
5.4 6.33 7.63 5.11 6.72 6.72 1.42 3.62 3.17 7.22 5.84 1.42 5.01 8.07 5.4 7.29 8.07 x 7.82 7.22 8.07 5.01 x 7.22 6.09 8.95 8.07 x 8.55 6.09 5.4 3.62 x 3.01 5.11 8.55 1.42 2.25 3.17 5.01 8.61 8.07 2.01 8.95 8.61 3.01 6.41 7.08 3.62 6.72 x 8.07 3.01 2.01 8.07 8.07 5.4 8.26 6.41 3.62 8.07 1.01 7.08 8.07 2.25 1.42 x 1.42 x 5.67 5.84 5.4 1.42 2.01 5.01 6.33 5.01 7.22 x 3.01 3.17 5.84 x 2.84 3.17 3.17 5.11 3.01 7.63 5.84 6.33 5.84 8.61 3.62 x x 6.33 7.63 1.01 2.25 
7.08 6.09 9.23 8.07 8.5 8.5 2.25 3.17 1.01 9.23 5.01 2.25 8.01 9.91 7.08 7.08 8.26 1.42 10.01 6.09 8.95 x 5.67 6.09 6.33 10.64 8.95 2.25 8.01 6.33 8.26 6.33 6.41 6.01 5.4 8.01 x 5.11 3.62 7.63 10.64 7.08 5.01 10.64 10.64 0.01 8.95 8.07 3.17 8.5 1.42 8.26 0.01 5.01 9.91 8.95 5.11 9.44 8.95 5.84 9.91 x 7.29 8.26 x 2.25 1.42 2.25 x 8.07 5.01 5.11 x 3.62 x 6.09 x 6.09 3.01 x 3.62 7.82 7.29 5.4 3.62 6.09 8.07 0.01 9.23 5.01 6.09 8.55 10.64 3.17 7.29 x 6.09 7.01 x 5.11 
3.62 3.17 5.67 7.22 5.01 5.01 x 1.01 2.84 5.84 2.84 x 6.72 6.41 3.62 x 5.01 5.01 6.72 x 5.4 2.25 2.25 x 3.01 7.08 5.4 3.17 5.4 3.01 6.09 x 3.17 5.01 2.01 5.4 x 5.01 0.01 5.01 7.22 5.01 x 7.08 7.22 3.62 6.09 x 1.01 5.01 5.01 5.01 3.62 x 6.41 5.4 2.25 5.84 6.09 3.01 6.41 3.62 x 5.01 2.25 x 3.62 x 1.01 5.11 2.84 2.25 2.84 1.42 2.25 3.17 2.25 x 3.17 3.62 x x 5.11 3.17 0.01 5.67 7.22 3.62 5.67 2.84 3.17 6.01 7.22 1.01 5.11 1.01 3.17 x 3.62 5.01 
1.01 5.11 2.01 6.33 1.01 1.01 7.22 5.4 7.22 1.42 6.01 7.22 5.4 2.25 1.01 5.4 5.01 9.23 2.25 7.08 3.62 6.09 2.25 7.08 x 3.17 3.62 7.63 6.72 x 3.62 3.01 1.42 5.01 x 6.72 6.33 6.09 x 2.25 2.84 7.29 5.11 3.17 2.84 7.82 2.25 2.84 5.4 1.01 9.23 5.01 7.82 5.11 2.25 3.62 5.01 3.17 2.25 2.25 2.25 5.4 x 5.01 3.62 7.22 8.07 7.22 x 1.42 6.01 5.01 x x 6.09 5.11 6.09 7.08 5.84 7.82 x x 3.17 3.17 x 6.01 6.33 7.82 2.01 6.01 5.11 2.84 2.84 5.4 3.17 x 5.11 6.33 5.4 6.09 
3.62 7.22 5.11 3.17 x x 5.84 6.09 7.08 x 7.63 5.84 2.25 5.01 3.62 7.82 7.82 8.55 x 8.95 6.72 7.29 3.62 8.95 6.41 6.01 6.72 8.01 9.23 6.41 1.01 1.01 2.84 2.25 5.84 9.23 x 3.62 5.11 1.01 5.11 9.44 2.84 6.01 5.11 7.29 2.25 5.84 6.09 x 8.55 7.82 7.29 2.84 5.01 6.72 6.72 6.33 2.25 2.25 5.01 3.62 7.08 7.82 3.01 5.84 8.07 5.84 5.4 2.01 7.63 6.72 3.17 x 7.29 7.22 7.29 8.95 x 7.29 5.11 3.17 x 2.01 5.11 3.17 3.17 7.29 5.11 7.63 7.22 1.42 5.11 6.09 0.01 5.4 7.22 8.61 3.62 3.62 
3.01 5.67 5.11 x x x x x 5.11 x 5.84 x 3.62 5.4 3.01 6.41 6.72 6.72 5.01 7.22 6.09 5.4 2.25 7.22 5.01 6.33 6.09 6.01 7.82 5.01 3.01 1.01 2.01 2.25 x 7.82 3.17 3.01 3.17 2.25 5.84 7.82 2.01 6.33 5.84 5.4 3.62 5.11 x x 6.72 6.72 5.4 2.01 5.4 6.09 5.01 6.01 3.62 1.01 5.4 2.25 5.84 6.72 1.01 x 6.09 x 3.62 2.84 5.84 5.01 1.42 2.01 5.4 5.67 5.4 7.22 2.84 5.4 3.17 3.17 2.01 x 3.17 3.17 x 5.4 5.11 5.84 5.67 3.17 5.84 x 2.01 3.62 5.67 7.08 2.25 3.01 
3.62 3.17 5.67 7.22 5.01 5.01 x 1.01 2.84 5.84 2.84 x 6.72 6.41 3.62 x 5.01 5.01 6.72 x 5.4 2.25 2.25 x 3.01 7.08 5.4 3.17 5.4 3.01 6.09 x 3.17 5.01 2.01 5.4 x 5.01 0.01 5.01 7.22 5.01 x 7.08 7.22 3.62 6.09 x 1.01 5.01 5.01 5.01 3.62 x 6.41 5.4 2.25 5.84 6.09 3.01 6.41 3.62 x 5.01 2.25 x 3.62 x 1.01 5.11 2.84 2.25 2.84 1.42 2.25 3.17 2.25 x 3.17 3.62 0.01 x 5.11 3.17 x 5.67 7.22 3.62 5.67 2.84 3.17 6.01 7.22 1.01 5.11 1.01 3.17 x 3.62 5.01 
6.09 8.61 8.01 2.01 7.01 7.01 x 6.41 6.33 7.08 8.5 x 2.25 8.07 6.09 9.44 9.86 7.01 7.29 9.91 9.23 7.82 5.4 9.91 8.07 9.07 9.23 7.63 10.83 8.07 3.62 3.01 5.11 1.01 7.22 10.83 2.01 1.01 5.67 x 8.26 10.64 1.42 9.07 8.26 6.09 5.4 8.26 6.41 7.01 7.01 9.86 6.09 1.42 8.07 9.23 7.82 9.07 5.4 x 8.07 2.25 8.95 9.86 3.62 x 7.29 x 6.41 5.11 8.5 7.82 2.84 x 7.82 8.61 7.82 9.91 3.17 6.09 5.67 6.01 3.17 3.17 5.67 x 2.01 6.09 8.01 8.5 8.61 x 8.26 6.41 3.17 6.41 8.61 10.01 2.25 1.01 
6.72 9.91 8.26 0.01 7.29 7.29 6.01 8.07 8.26 7.08 10.01 6.01 1.01 8.07 6.72 10.64 10.83 9.01 7.01 11.41 9.86 9.44 6.41 11.41 9.23 9.07 9.86 9.5 12.05 9.23 3.01 3.62 5.84 2.25 8.5 12.05 x 3.01 7.22 x 8.01 12.05 3.17 9.07 8.01 8.07 5.01 8.95 8.07 7.29 9.01 10.83 8.07 3.17 8.07 9.86 9.23 9.5 5.01 5.01 8.07 x 10.01 10.83 5.01 6.01 9.23 6.01 7.82 5.11 10.01 9.23 x 5.84 9.44 9.91 9.44 11.41 5.11 8.07 7.22 6.33 3.17 x 7.22 2.01 x 8.07 8.26 10.01 9.91 x 8.01 8.07 3.17 7.82 9.91 11.32 x 3.01 
7.08 6.09 9.23 8.07 8.5 8.5 2.25 3.17 1.01 9.23 5.01 2.25 8.01 9.91 7.08 7.08 8.26 1.42 10.01 6.09 8.95 x 5.67 6.09 6.33 10.64 8.95 2.25 8.01 6.33 8.26 6.33 6.41 6.01 5.4 8.01 x 5.11 3.62 7.63 10.64 7.08 5.01 10.64 10.64 0.01 8.95 8.07 3.17 8.5 1.42 8.26 0.01 5.01 9.91 8.95 5.11 9.44 8.95 5.84 9.91 x 7.29 8.26 x 2.25 1.42 2.25 x 8.07 5.01 5.11 x 3.62 x 6.09 x 6.09 3.01 0.01 3.62 7.82 7.29 5.4 3.62 6.09 8.07 x 9.23 5.01 6.09 8.55 10.64 3.17 7.29 x 6.09 7.01 x 5.11 
2.25 5.11 0.01 8.26 1.01 1.01 8.95 6.41 8.5 1.42 6.33 8.95 7.29 1.01 2.25 5.01 x 10.64 2.25 7.08 2.25 6.72 3.62 7.08 x 1.42 2.25 8.61 6.09 x 5.4 5.01 3.17 7.01 x 6.09 8.26 8.07 5.67 x 2.01 7.01 7.08 1.42 2.01 9.23 3.62 2.01 6.41 1.01 10.64 x 9.23 7.08 1.01 2.25 5.4 1.42 3.62 x 1.01 7.29 x x 5.4 8.95 9.23 8.95 5.01 3.17 6.33 5.4 6.33 5.84 6.72 5.11 6.72 7.08 7.63 9.23 5.67 2.01 5.11 5.11 5.67 8.01 8.26 9.23 x 6.33 5.11 x 2.01 6.41 5.11 5.01 5.11 6.01 7.29 8.07 
5.01 1.42 6.33 10.01 6.09 6.09 6.33 2.25 x 7.08 0.01 6.33 9.44 7.29 5.01 2.25 3.62 6.09 8.07 1.42 5.01 1.01 x 1.42 2.25 7.63 5.01 3.17 3.01 2.25 8.55 6.72 5.11 7.82 2.01 3.01 7.22 7.82 2.84 7.29 8.26 2.25 7.08 7.63 8.26 5.01 8.07 x 2.25 6.09 6.09 3.62 5.01 7.08 7.29 5.01 1.01 5.84 8.07 5.4 7.29 6.41 2.84 3.62 5.01 6.33 x 6.33 2.25 7.08 0.01 1.01 5.67 x 1.01 1.42 1.01 1.42 5.84 5.01 2.84 6.01 7.63 5.84 2.84 8.5 10.01 5.01 6.33 x 1.42 8.26 8.26 2.25 7.63 2.25 1.42 2.01 6.41 7.82 
x 0.01 5.11 9.91 5.01 5.01 7.08 3.01 5.11 6.01 1.42 7.08 9.23 6.09 x 1.01 2.25 7.29 7.01 2.01 3.62 2.25 3.62 2.01 1.01 6.33 3.62 x 2.25 1.01 8.07 6.41 x 7.82 1.42 2.25 7.63 8.07 3.17 6.72 7.08 2.25 7.22 6.33 7.08 6.09 7.29 3.17 3.01 5.01 7.29 2.25 6.09 7.22 6.09 3.62 1.01 x 7.29 5.01 6.09 6.72 1.42 2.25 5.01 7.08 5.4 7.08 2.25 6.33 1.42 1.01 5.84 x 2.25 0.01 2.25 2.01 6.33 6.09 3.17 5.11 7.22 5.67 3.17 8.61 9.91 6.09 5.11 1.42 x 7.63 7.08 3.01 7.22 2.25 0.01 1.42 6.72 8.07 
3.62 7.63 x x 3.62 3.62 7.22 7.01 8.26 3.17 8.26 7.22 3.01 x 3.62 8.07 7.82 9.86 3.01 9.5 6.41 8.07 x 9.5 6.72 5.11 6.41 9.07 9.44 6.72 1.01 2.25 3.17 3.62 6.33 9.44 5.67 5.01 6.01 1.01 x 9.86 x 5.11 x 8.55 1.01 5.67 7.01 3.62 9.86 7.82 8.55 x x 6.41 7.29 5.84 1.01 3.01 x 5.01 7.22 7.82 x 7.22 9.23 7.22 6.09 1.42 8.26 7.29 x 5.11 8.07 7.63 8.07 9.5 5.84 8.55 6.01 2.84 1.42 3.17 6.01 x x 8.55 x 8.26 7.63 x x 7.01 1.42 6.09 7.63 8.95 5.01 5.01 
3.62 7.08 2.01 8.01 2.25 2.25 10.01 8.07 10.01 1.42 8.26 10.01 7.01 1.01 3.62 7.01 6.09 12.05 1.01 9.07 x 8.55 5.01 9.07 6.09 1.42 x 10.31 8.07 6.09 5.01 5.4 x 7.29 6.33 8.07 8.95 8.55 7.22 x 0.01 9.01 7.63 1.42 0.01 10.64 3.01 x 8.07 2.25 12.05 6.09 10.64 7.63 1.01 x 7.29 3.17 3.01 5.01 1.01 8.07 6.01 6.09 6.41 10.01 10.83 10.01 6.72 3.17 8.26 7.29 7.22 7.08 8.55 7.08 8.55 9.07 8.61 10.64 7.22 2.84 5.11 5.84 7.22 8.26 8.01 10.64 2.01 8.26 7.08 x x 8.07 5.11 6.72 7.08 8.01 8.07 8.55 
x 3.01 6.41 8.07 5.84 5.84 x 0.01 2.25 6.72 2.25 x 7.63 7.22 x x 5.11 x 7.63 3.62 5.84 1.42 3.17 3.62 3.17 7.82 5.84 2.25 5.11 3.17 7.08 5.11 x 5.84 2.25 5.11 5.01 5.67 1.01 6.01 8.07 x 5.01 7.82 8.07 3.17 7.08 5.01 0.01 5.84 x 5.11 3.17 5.01 7.22 5.84 2.01 6.41 7.08 x 7.22 x x 5.11 3.17 x 2.84 x 1.42 6.09 2.25 2.01 3.62 2.25 1.42 3.01 1.42 3.62 3.62 3.17 1.01 5.4 6.09 x 1.01 6.41 8.07 3.17 6.41 2.25 3.01 7.01 8.07 x 6.09 1.42 3.01 x x 5.67 
3.62 7.22 5.11 3.17 x x 5.84 6.09 7.08 x 7.63 5.84 2.25 5.01 3.62 7.82 7.82 8.55 x 8.95 6.72 7.29 3.62 8.95 6.41 6.01 6.72 8.01 9.23 6.41 1.01 1.01 2.84 2.25 5.84 9.23 x 3.62 5.11 1.01 5.11 9.44 2.84 6.01 5.11 7.29 2.25 5.84 6.09 x 8.55 7.82 7.29 2.84 5.01 6.72 6.72 6.33 2.25 2.25 5.01 3.62 7.08 7.82 3.01 5.84 8.07 5.84 5.4 2.01 7.63 6.72 3.17 x 7.29 7.22 7.29 8.95 x 7.29 5.11 3.17 0.01 2.01 5.11 3.17 3.17 7.29 5.11 7.63 7.22 1.42 5.11 6.09 x 5.4 7.22 8.61 3.62 3.62 
3.17 2.25 5.01 7.82 x x 5.01 1.42 3.62 5.4 2.25 5.01 7.22 5.84 3.17 3.17 x 5.84 6.33 3.62 x 2.01 2.01 3.62 2.01 6.41 x 3.62 x 2.01 6.33 x 3.01 5.67 1.01 x 5.4 5.84 1.01 5.11 6.72 x 5.01 6.41 6.72 x 6.01 3.62 1.42 x 5.84 x x 5.01 5.84 x 1.42 5.01 6.01 3.17 5.84 x 3.01 x 2.84 5.01 x 5.01 0.01 5.01 2.25 1.42 3.62 2.25 2.01 2.25 2.01 3.62 x x 1.01 x 5.4 3.62 1.01 6.41 7.82 x 5.01 2.25 2.25 6.09 6.72 1.42 5.4 x 2.25 3.62 x 5.84 
x 0.01 5.11 9.91 5.01 5.01 7.08 3.01 5.11 6.01 1.42 7.08 9.23 6.09 x 1.01 2.25 7.29 7.01 2.01 3.62 2.25 3.62 2.01 1.01 6.33 3.62 x 2.25 1.01 8.07 6.41 x 7.82 1.42 2.25 7.63 8.07 3.17 6.72 7.08 2.25 7.22 6.33 7.08 6.09 7.29 3.17 3.01 5.01 7.29 2.25 6.09 7.22 6.09 3.62 1.01 x 7.29 5.01 6.09 6.72 1.42 2.25 5.01 7.08 5.4 7.08 2.25 6.33 1.42 1.01 5.84 x 2.25 0.01 2.25 2.01 6.33 6.09 3.17 5.11 7.22 5.67 3.17 8.61 9.91 6.09 5.11 1.42 0.01 7.63 7.08 3.01 7.22 2.25 x 1.42 6.72 8.07 
5.4 1.42 6.01 11.32 6.09 6.09 8.26 x 6.01 7.08 2.01 8.26 10.64 7.01 5.4 1.01 2.25 8.07 8.07 1.42 x 3.01 5.01 1.42 2.25 7.08 x 5.11 1.01 2.25 9.44 7.82 5.84 9.23 2.84 1.01 8.95 9.44 x 8.07 8.01 1.01 8.61 7.08 8.01 7.01 8.55 x x 6.09 8.07 2.25 7.01 8.61 7.01 x 2.25 5.11 8.55 6.41 7.01 8.07 2.01 2.25 6.41 8.26 6.09 8.26 3.62 7.63 2.01 2.25 7.22 5.84 3.01 1.42 3.01 1.42 7.63 7.01 x 6.33 8.61 7.08 x 10.01 11.32 7.01 6.01 2.01 1.42 8.95 8.01 x 8.61 3.62 1.42 x 8.07 9.44 
5.11 6.72 7.29 x 6.33 6.33 2.25 x x 6.72 6.41 2.25 x 7.63 5.11 7.63 8.26 5.11 7.22 7.82 8.01 5.67 x 7.82 6.33 8.55 8.01 5.4 8.95 6.33 x 2.84 x 2.01 5.4 8.95 1.01 1.42 3.62 x 8.07 8.61 1.01 8.55 8.07 x 5.67 7.01 x 6.33 5.11 8.26 x 1.01 7.63 8.01 5.84 8.07 5.67 3.17 7.63 0.01 7.29 8.26 2.01 2.25 5.11 2.25 x 5.01 6.41 5.84 1.01 2.25 5.67 6.72 5.67 7.82 1.01 x 3.62 5.4 3.62 2.25 3.62 2.25 x x 7.29 6.41 6.72 5.01 8.07 x 3.62 x 6.72 8.07 x 1.42 
6.01 8.07 8.07 3.01 7.08 7.08 3.01 5.67 5.4 7.29 7.82 3.01 3.17 8.26 6.01 8.95 9.5 6.01 7.63 9.23 9.07 7.08 5.11 9.23 7.63 9.23 9.07 6.72 10.31 7.63 x 3.17 5.01 1.42 6.72 10.31 1.01 0.01 5.01 x 8.55 10.01 1.01 9.23 8.55 5.11 5.84 8.07 5.67 7.08 6.01 9.5 5.11 1.01 8.26 9.07 7.22 9.01 5.84 x 8.26 1.42 8.55 9.5 3.17 3.01 6.33 3.01 5.84 5.4 7.82 7.22 2.25 3.62 7.08 8.07 7.08 9.23 2.25 5.11 5.01 6.09 3.62 3.01 5.01 1.01 3.01 5.11 8.07 7.82 8.07 5.01 8.55 5.67 3.62 5.84 8.07 9.44 1.42 x 
