89
42
0 1 2 3 4 5 6 7 8 9 10 11 12 13 14 15 16 17 18 19 20 21 22 23 24 25 26 27 28 29 30 31 32 33 34 35 36 37 38 39 40 41 42 43 44 45 46 47 48 49 50 51 52 53 54 55 56 57 58 59 60 61 62 63 64 65 66 67 68 69 70 71 72 73 74 75 76 77 78 79 80 81 82 83 84 85 86 87 88 
4 6 7 9 10 11 15 17 18 19 20 21 24 27 31 33 40 42 44 48 49 50 54 58 59 60 61 63 64 65 66 67 68 69 72 75 76 77 78 79 81 88 
77
x 0.57322 0.28162 0.11583 0.24713 0.17542 0.45596 x 0.08283 0.59181 0.60229 0.41608 0.69254 0.6493 0.58674 0.62579 x 0.68987 x 0.12949 0.51233 0.16798 0.50167 x 0.6576 x 0.54776 0.51512 0.37783 0.39363 0.4246 0.24285 0.83605 0.4531 x 0.45418 0.45729 0.44922 0.38188 0.64578 0.53721 0.3824 0.65852 0.64931 0.18725 0.65038 x 0.12241 0.28245 0.52802 0.17714 0.04357 0.13069 0.62857 0.24781 0.29243 0.2883 0.70338 x x 0.22008 0.6941 x 0.34812 0.5242 0.36615 x 0.78533 0.11002 x 0.15332 0.2214 0.34609 0.41423 x 0.62287 0.19739 0.69464 0.61662 0.45223 x x 0.36634 0.39615 0.09463 0.17597 0.18247 0.23723 x 
0.57322 x 0.59787 x 0.73168 0.60341 0.55762 0.60218 0.49322 x 0.3943 x x 0.45138 0.65189 1.12401 0.39738 0.90126 0.99839 x 0.14206 0.42294 x 0.87263 0.44276 0.56458 x 0.39003 x 0.74953 0.96463 0.56394 0.96737 0.99083 x x 0.37777 x 0.30358 x x 0.26665 0.09175 1.14467 0.43225 0.59292 0.94211 0.58355 x 0.90246 0.49203 0.53492 0.69039 0.23567 0.39492 0.43609 0.83064 x 0.88295 0.46531 0.73084 0.733 0.81021 x 0.96147 0.93752 0.28212 0.76117 0.58462 0.21321 0.70671 0.40887 0.84183 0.16275 0.85042 x 0.38267 0.81295 0.13997 0.98418 0.43092 0.20643 x x 0.48386 0.66701 0.75087 x 0.76714 
0.28162 0.59787 x 0.38545 0.51911 0.11352 x 0.79173 x 0.86389 0.78246 x x 0.8392 x x 0.79873 0.96933 0.73814 x 0.60415 0.24107 x 0.88814 0.84297 0.83046 x 0.70774 x 0.67522 x 0.04613 1.11095 0.66832 0.92312 0.7355 0.65221 0.70951 x 0.9162 0.77849 0.33409 x 0.88421 0.39985 0.88144 1.04375 0.40266 x x 0.42649 0.29826 0.26676 0.74439 0.44823 0.51837 0.31186 0.98454 1.10443 0.75428 0.48538 0.95016 0.30999 0.61514 0.79073 x 0.39048 x 0.17407 x 0.26007 x 0.27162 0.4451 0.79121 0.86693 x 0.96426 0.69493 0.67358 0.47729 0.58039 0.51473 x x 0.16772 0.31875 0.51793 x 
0.11583 x 0.38545 x x x x 0.50357 x 0.52363 0.61532 0.30095 0.59882 x 0.54159 0.51175 0.63479 0.60507 0.3825 0.03964 x 0.27601 x 0.51604 0.66503 0.57401 0.5472 0.52509 x 0.29915 0.31816 0.35085 x x x 0.36461 x x 0.41955 0.57906 0.42248 0.48848 0.73402 0.53511 x 0.6255 0.68395 0.08433 0.36259 0.42114 0.18596 x 0.1571 0.67362 x 0.29919 x x x x x x 0.26434 0.23333 0.40976 x x 0.74207 0.21181 0.48769 x 0.3343 x 0.50189 0.41008 0.50753 x 0.6282 0.67753 0.34318 0.27134 x 0.41471 0.30144 0.17541 x 0.1699 0.16235 0.19379 
0.24713 0.73168 0.51911 x x x 0.3803 x 0.28273 0.43311 x 0.17033 0.47725 0.6457 0.47865 0.39871 x 0.49282 x 0.12048 0.63172 0.39495 0.5307 0.3987 0.65896 0.53501 0.53736 0.52868 0.1479 x 0.24071 0.48491 0.65394 0.26417 x 0.25375 x x 0.46125 0.48837 0.30757 0.60001 0.80408 x 0.30054 0.5832 0.57369 0.15766 0.48939 0.28922 0.23967 0.25359 0.27566 0.71029 0.33886 x 0.38525 0.49279 0.69514 x 0.04098 0.57188 0.35379 x x 0.3503 0.45964 0.6744 x x 0.29552 x 0.48355 0.59178 0.28468 0.38755 0.40848 x 0.7321 0.25501 0.31008 0.56388 x 0.25719 0.28433 0.37508 0.26417 0.1208 x 
0.17542 0.60341 0.11352 x x x x 0.70632 0.21278 0.76597 0.72843 0.56722 0.86644 0.78164 0.75374 0.74953 x x 0.6262 0.29839 0.58279 0.19425 x x 0.7874 0.75379 x 0.64745 0.54646 0.56666 0.53141 0.08817 x 0.55974 x 0.62864 0.59008 0.6183 x 0.81947 0.66664 0.35727 0.69467 0.77351 0.32305 0.8057 0.94117 0.29781 0.11786 0.69432 0.33704 0.20005 0.15702 0.71644 0.37834 0.44071 0.23942 0.87788 1.01295 x 0.3721 0.86207 0.22785 0.50174 0.67723 x 0.35672 0.94964 0.06544 0.39326 0.15459 0.19466 0.23888 0.44208 0.68126 x 0.23792 x 0.68123 0.56405 0.39989 0.54663 0.4678 0.48159 0.22472 0.0721 0.21423 0.41244 0.46626 
0.45596 0.55762 x x 0.3803 x x 0.08622 0.40836 0.20109 0.27252 0.43979 x x 0.13553 x x 0.34494 0.56931 0.38204 0.41873 0.47742 x x 0.29707 0.15522 x x 0.31743 x 0.59864 x 0.43676 0.61491 0.74274 x 0.18464 0.04807 0.26341 x 0.59186 0.58157 0.59422 0.68548 0.30809 0.20514 0.394 0.3481 0.7349 0.38677 0.28312 0.422 0.56754 x 0.27095 x 0.71727 0.38876 x x 0.41061 0.24417 x 0.40927 x x 0.39951 0.32979 0.55756 0.53282 0.59222 x 0.79489 0.49113 0.32533 0.63673 0.45334 x 0.48863 0.60006 0.23289 0.3512 0.30008 0.63277 0.3973 0.63191 0.59134 0.26959 0.37035 
x 0.60218 0.79173 0.50357 x 0.70632 0.08622 x x 0.16112 0.26596 0.48775 0.36732 0.25546 0.05414 0.7052 0.27935 0.30562 0.61435 0.46396 0.46041 x 0.24799 x 0.27243 0.09503 x 0.2189 x 0.3127 0.65693 0.74607 0.37011 0.6707 0.77447 0.27418 0.2251 0.10275 0.32428 x 0.63254 0.65357 x x x x 0.34 0.43232 0.82109 x x 0.50818 0.6518 0.43929 0.3525 0.27641 0.79984 0.3566 0.31909 x x 0.16012 0.76784 0.46679 0.50884 x 0.47348 0.24363 x 0.60125 x x 0.87938 0.55423 0.34369 0.66761 0.53532 0.2125 x x x 0.39837 0.36362 x 0.48328 0.7178 0.67345 x 0.43349 
0.08283 0.49322 x x 0.28273 0.21278 0.40836 x x 0.56455 0.52853 0.4523 x 0.57816 0.54282 0.67705 0.54696 x 0.54739 0.16396 x 0.11261 0.42752 0.60018 0.58544 x 0.48002 0.44344 0.39247 0.39669 0.48769 0.25581 0.81231 x 0.7496 0.44985 0.3855 0.40946 0.30278 0.61634 0.58665 0.32 0.57737 0.7 0.11357 0.59322 0.74764 0.12864 0.32952 0.5431 x 0.04173 0.21174 0.5467 0.17279 0.22871 0.36769 x 0.80455 0.47586 x x 0.34082 0.38433 0.55592 x 0.21171 0.73738 0.15328 x 0.23316 0.17689 0.41658 0.33643 x x 0.12837 0.66421 x 0.51254 x x 0.28499 0.46725 0.01311 0.23694 0.26528 0.23482 0.33612 
0.59181 x 0.86389 0.52363 0.43311 0.76597 0.20109 0.16112 0.56455 x 0.4256 0.41093 0.20655 0.40848 0.12812 0.59449 0.43791 0.14604 0.5247 x x x 0.40677 0.15178 0.42557 0.23995 0.33956 x 0.30804 0.25503 x 0.8201 x 0.60077 0.65773 0.19186 x 0.17041 x 0.05563 x x 0.78603 x x 0.25725 x 0.47089 0.87354 0.28854 0.44012 x 0.6804 0.60038 0.45722 x 0.8129 x 0.26206 0.31214 0.47251 0.15916 0.78081 0.41239 0.39994 0.77941 0.5948 0.26156 x 0.7314 0.70399 x 0.9044 0.69176 0.22893 x x 0.10462 0.67603 0.58277 x x 0.50099 x 0.55571 0.76257 0.68729 0.36221 0.39579 
0.60229 0.3943 0.78246 0.61532 x 0.72843 0.27252 0.26596 0.52853 0.4256 x 0.70595 x x x 0.9417 x 0.56653 0.83603 0.57906 0.26115 0.54288 0.10103 0.5698 x 0.19288 0.09166 x x x 0.85188 0.73733 0.59558 0.87116 1.01448 0.51727 0.14618 0.32019 0.2355 x 0.8609 0.54134 0.39277 x 0.4159 0.20642 0.58767 x x 0.65839 0.4341 0.5597 x 0.18482 0.35582 0.31678 0.88935 0.61988 0.49499 0.11828 0.63914 0.3558 x x 0.75014 0.93376 x 0.3688 0.67773 0.47715 x 0.57813 0.94509 0.41294 x 0.90879 0.50331 0.45229 x x x 0.23031 x 0.87487 0.51543 0.76448 x 0.4973 0.62255 
0.41608 x x 0.30095 0.17033 0.56722 0.43979 0.48775 0.4523 0.41093 0.70595 x x 0.72101 0.4974 0.2457 0.72432 0.41771 x x 0.76799 0.56478 0.63277 x 0.73631 0.58147 0.61737 0.62288 x 0.17537 0.18371 0.64928 0.58437 0.18985 0.32122 0.22206 0.58347 0.39622 0.59172 0.45993 0.15776 0.76713 x x 0.45703 0.62197 x 0.32519 0.63831 x 0.39342 0.42391 0.42339 0.82714 0.48529 0.45023 x x 0.65915 0.59446 0.19699 x 0.46924 x 0.11005 0.40834 0.61785 x 0.50983 x 0.43895 0.62762 0.60288 0.74909 0.19602 0.22519 0.57652 0.50177 0.86324 0.17194 0.44921 0.69736 0.60622 x 0.45321 x 0.39408 x 0.11743 
0.69254 x x 0.59882 0.47725 0.86644 x 0.36732 x 0.20655 x x x 0.61318 0.33284 0.47845 0.64422 0.07814 0.45185 x 0.81301 x 0.61006 0.0878 0.63022 0.44459 x 0.58352 0.3294 0.30012 0.55304 0.93386 0.21951 0.55058 0.52685 0.23874 x x x 0.20808 0.44556 0.94368 x 0.47997 0.62838 0.45536 0.1339 0.57169 0.9614 0.2138 0.57458 0.67861 x x 0.6185 0.54691 0.85751 0.02552 0.3337 0.51837 x x 0.82708 x 0.31264 0.78518 0.76348 0.40519 0.80172 0.90474 0.77212 0.85437 0.95907 0.87287 0.19362 x 0.78039 0.21595 0.87939 x 0.57378 x 0.68607 0.6228 0.6816 x 0.7406 0.45662 0.4226 
0.6493 0.45138 0.8392 x 0.6457 0.78164 x 0.25546 0.57816 0.40848 x 0.72101 0.61318 x 0.28061 0.95102 x 0.54374 0.8507 0.61683 0.32115 0.5988 0.15463 0.55743 0.01711 0.16868 0.10854 0.13474 0.59863 0.54752 x 0.7938 0.55715 0.89271 1.0224 0.52156 0.19268 x 0.29225 0.40912 0.87325 0.603 0.44335 0.96528 0.46476 0.16722 0.55701 0.5711 x 0.65957 x x 0.77686 x 0.40562 0.35918 0.93448 0.59889 x 0.12745 0.66995 0.31843 0.90446 x 0.7567 0.97117 x 0.31829 0.72912 x 0.80083 0.63625 0.99405 0.47471 0.5965 x x 0.42149 0.32832 0.8786 0.39483 0.29209 0.32702 0.90257 x x 0.81535 0.52665 0.64515 
0.58674 0.65189 x 0.54159 0.47865 0.75374 0.13553 0.05414 0.54282 0.12812 x 0.4974 0.33284 0.28061 x 0.70348 0.31204 0.26567 x x 0.50987 0.61277 x 0.27883 0.29769 x x 0.26473 0.38113 x 0.67245 0.79594 0.31747 0.68423 x 0.27726 0.27636 0.13881 0.37791 0.1341 0.63551 0.70771 x x 0.44361 0.13276 0.29218 x 0.86753 0.3999 0.41693 0.55459 0.69278 x 0.40515 x 0.83787 x x 0.19258 0.51394 0.10875 0.80572 0.48361 0.50673 x 0.52756 0.20055 0.6905 0.65527 0.7173 0.67004 0.9204 0.60777 x 0.66369 0.5879 x 0.56116 0.66743 0.36815 0.44947 0.41743 0.71771 x 0.76246 0.71112 0.38186 0.455 
0.62579 1.12401 x 0.51175 0.39871 0.74953 x 0.7052 0.67705 0.59449 0.9417 0.2457 0.47845 0.95102 0.70348 x x 0.54513 0.12967 0.51328 x 0.78705 x 0.46106 x 0.80021 0.8513 x x 0.40611 0.22339 x x 0.19762 0.07557 0.43122 x 0.62421 0.83739 0.63234 0.09119 0.99671 1.19114 0.02399 0.69714 0.83462 x 0.55593 0.79386 x 0.63442 x x 1.07075 0.72912 0.69592 0.60978 x 0.80645 0.82687 x x 0.59036 0.30446 0.19681 0.46891 0.85741 x 0.70194 0.988 0.60135 0.84603 x 0.98938 x x 0.80477 0.6638 1.10879 0.18852 x 0.94304 0.85166 x x 0.6945 0.5449 0.49559 0.35711 
x 0.39738 0.79873 0.63479 x x x 0.27935 0.54696 0.43791 x 0.72432 0.64422 x 0.31204 x x 0.57756 x x 0.26737 x 0.11952 x 0.04844 0.20231 0.1084 0.10996 0.60244 0.55365 0.87101 0.75374 0.60169 0.89018 1.03205 0.53406 x x 0.25227 0.44421 0.87901 0.55292 0.39131 0.97474 0.43453 x x 0.55076 0.86289 0.67478 0.45337 x 0.75028 0.18062 x 0.33616 x 0.63145 0.49744 0.13422 0.65862 x x 0.68632 x 0.95324 x x x 0.4883 0.77383 0.59377 0.96353 0.42328 0.61239 0.92622 x x 0.2759 0.87688 0.36879 0.24114 0.28424 0.89426 0.53386 x 0.79181 x 0.6416 
0.68987 0.90126 0.96933 0.60507 0.49282 x 0.34494 0.30562 x 0.14604 0.56653 0.41771 0.07814 0.54374 0.26567 0.54513 0.57756 x 0.50614 0.57196 0.76087 0.77131 0.55256 0.09886 x 0.37598 x 0.52432 0.34812 x 0.59878 0.92743 0.16675 0.59942 0.59744 0.2409 0.52427 x 0.6078 x 0.50442 x x 0.54848 0.60544 0.38263 0.08156 0.56755 0.96578 0.26026 0.55649 0.67133 x 0.74434 0.58845 0.51364 0.87769 0.0573 0.26163 x 0.53379 x 0.84644 0.44224 0.36819 x x 0.32715 0.79986 0.86951 x 0.8356 0.97618 0.83297 0.22274 0.4987 0.75857 0.13802 x 0.58038 0.54436 x 0.64325 x 0.66833 0.85196 0.75667 0.4528 x 
x 0.99839 0.73814 0.3825 x 0.6262 0.56931 0.61435 0.54739 0.5247 0.83603 x 0.45185 0.8507 x 0.12967 x 0.50614 x 0.38362 0.89148 0.65749 0.76228 0.41166 0.86609 0.70872 0.74739 0.75281 x 0.30378 x 0.71271 x 0.10777 x 0.34326 0.71275 x 0.7164 0.56966 0.04057 0.86706 x 0.15273 0.56948 0.74766 0.58191 0.42664 0.678 x 0.50732 0.51373 0.47179 0.95537 0.60364 0.57477 0.50585 0.47589 0.76029 x 0.28192 0.68365 0.48307 x x x 0.72927 x 0.57624 x 0.48168 x 0.61216 0.86137 x 0.1288 0.67513 0.60759 0.98852 0.09028 x 0.82156 0.72852 0.19987 x x 0.42752 0.37152 0.23171 
0.12949 x x 0.03964 0.12048 0.29839 0.38204 0.46396 0.16396 x 0.57906 x x 0.61683 x 0.51328 x 0.57196 0.38362 x 0.54779 x x 0.48484 0.6279 0.53453 x 0.4887 0.24901 0.2688 x 0.37146 0.72443 x 0.58617 x x 0.36379 0.38901 0.54185 0.42275 0.48345 0.71226 0.53615 0.20449 0.58597 0.65009 0.05256 x x 0.15464 0.13315 x 0.64317 x 0.26406 0.33596 x 0.74441 0.49662 0.10191 x 0.30391 x 0.39715 0.35476 0.35517 0.70272 0.23466 0.47738 0.2178 0.33714 0.41991 0.4864 0.38292 0.50538 x 0.59101 0.65124 0.35324 0.23859 0.48451 0.38687 0.32301 0.16697 0.28003 0.20951 0.12446 0.17737 
0.51233 0.14206 0.60415 x 0.63172 0.58279 0.41873 0.46041 x x 0.26115 0.76799 0.81301 0.32115 0.50987 x 0.26737 0.76087 0.89148 0.54779 x 0.3894 0.21589 x 0.31496 0.42337 0.30168 0.24832 0.65922 0.62611 x 0.56366 0.82536 0.8953 x x 0.23667 0.46117 0.17717 0.64059 0.92449 0.30648 0.18049 1.03324 0.34405 0.45356 0.8004 0.49533 0.69044 0.77563 0.39587 0.47014 0.63924 x 0.29451 0.31786 0.79046 x 0.74287 0.32369 0.63712 x x 0.71209 0.84226 0.87721 0.22764 0.62324 0.54959 x 0.65889 0.39816 x 0.17232 x 0.99072 x 0.67092 0.10456 0.8867 0.3221 x 0.16375 0.87055 0.41799 0.63719 0.69475 0.52014 0.6601 
0.16798 0.42294 0.24107 0.27601 0.39495 0.19425 0.47742 x 0.11261 x 0.54288 0.56478 x 0.5988 0.61277 0.78705 x 0.77131 0.65749 x 0.3894 x 0.44418 0.70123 x 0.59272 0.51201 0.46679 0.5033 x 0.59155 x 0.89963 0.6199 0.85885 0.55363 0.41115 0.48767 0.3074 0.70051 0.6971 0.21444 x 0.81021 0.17049 0.64302 0.84 0.24107 x 0.65335 x 0.14384 0.26946 0.5222 0.21054 0.28475 0.40827 0.79535 0.87841 0.5138 0.37594 0.72102 0.38729 x 0.6685 0.51862 0.16255 0.79883 0.16272 0.22573 x 0.06593 0.43 0.26032 x x 0.04378 x x 0.6182 0.24464 x 0.27714 0.56401 0.11335 0.24859 0.33175 0.34314 0.44872 
0.50167 x x x 0.5307 x x 0.24799 0.42752 0.40677 0.10103 0.63277 0.61006 0.15463 x x 0.11952 0.55256 0.76228 x 0.21589 0.44418 x x x 0.2085 0.08874 0.03315 0.51329 0.46924 0.76852 0.63918 0.60963 0.78926 0.94809 0.46166 0.0508 0.26933 x 0.42779 0.78983 0.46097 0.37969 0.89084 0.31502 0.24323 0.58717 0.43442 0.7453 0.60449 0.33544 0.45894 x 0.20252 0.25484 x 0.78911 0.60158 x 0.10823 0.54908 0.37604 0.75989 x 0.68755 0.83743 0.30431 0.41449 0.57682 0.39937 x x x 0.33999 0.54466 x 0.40559 0.45603 0.26942 x 0.25026 0.16269 0.17437 0.78666 0.41442 x 0.67339 0.40996 0.54122 
x 0.87263 0.88814 0.51604 0.3987 x x x 0.60018 0.15178 0.5698 x 0.0878 0.55743 0.27883 0.46106 x 0.09886 0.41166 0.48484 x 0.70123 x x 0.57452 x x x 0.25213 0.21697 0.50082 0.84755 0.26558 x 0.51885 0.15277 0.50285 0.27457 0.5716 0.17563 0.41289 0.85698 0.91233 x 0.54077 0.40902 x 0.48552 0.87833 0.16477 x 0.59192 0.67023 x 0.53193 x 0.78237 0.0965 0.34924 x x 0.29833 x 0.34388 0.27577 0.71986 0.67738 0.39222 x 0.81904 0.69165 x 0.88214 x x 0.41612 x 0.20288 x x x 0.66674 0.60367 x x 0.76394 0.66285 0.37029 0.34683 
0.6576 0.44276 0.84297 0.66503 0.65896 0.7874 0.29707 0.27243 0.58544 0.42557 x 0.73631 0.63022 0.01711 0.29769 x 0.04844 x 0.86609 0.6279 0.31496 x x 0.57452 x 0.18574 0.12166 0.1425 0.61396 x 0.8891 x x 0.90717 1.03855 0.53787 0.20035 0.34284 0.29584 0.42599 0.88892 0.60117 x 0.9814 0.47226 0.18325 0.5734 x 0.90471 x 0.4867 x 0.78572 0.21925 0.41269 0.36869 0.94353 0.61587 x 0.1421 0.68265 x 0.91369 0.70209 x x 0.45833 0.33128 0.73572 x 0.80957 x 1.00172 0.4717 0.61313 x 0.5638 0.43794 0.31734 0.89319 0.40355 0.2895 0.32942 x x 0.82196 x x 0.65934 
x 0.56458 0.83046 0.57401 0.53501 0.75379 0.15522 0.09503 x 0.23995 0.19288 0.58147 0.44459 0.16868 x 0.80021 0.20231 0.37598 0.70872 0.53453 0.42337 0.59272 0.2085 x 0.18574 x 0.12194 0.1755 0.46057 0.40615 0.74804 0.78436 x 0.76271 x x x x 0.31899 x 0.72737 0.65474 0.57729 0.8128 0.43202 0.05232 0.39481 0.49741 0.87072 0.50127 x 0.56085 0.71559 0.37597 0.38257 0.3134 0.86804 0.43064 x x 0.56579 x x x 0.6038 0.87859 0.48237 x x 0.59696 x 0.64346 0.94168 0.54239 0.43793 0.76249 0.5616 0.25953 0.46258 0.74704 0.35447 0.37053 0.35962 0.78562 0.5291 0.7729 0.74298 x 0.52208 
0.54776 x x 0.5472 0.53736 x x x 0.48002 0.33956 0.09166 0.61737 x 0.10854 x 0.8513 0.1084 x 0.74739 x 0.30168 0.51201 0.08874 x 0.12166 0.12194 x 0.05579 x 0.44577 0.76777 0.70707 0.52709 0.78612 0.92377 x 0.10179 0.22871 0.21538 0.35319 x 0.54668 0.45684 0.86648 x 0.1545 0.51055 0.46461 0.80572 0.56674 x 0.50678 0.67358 x x x 0.83058 0.5349 x 0.02757 0.56142 0.29047 0.80015 x x x 0.38325 x 0.63262 0.48616 x 0.55571 0.89362 0.42804 0.50455 0.81788 0.47621 0.37684 0.34296 0.77234 0.2933 x 0.25476 0.79434 0.46713 0.71679 0.71 0.41814 0.53802 
0.51512 0.39003 0.70774 0.52509 0.52868 0.64745 x 0.2189 0.44344 x x 0.62288 0.58352 0.13474 0.26473 x 0.10996 0.52432 0.75281 0.4887 0.24832 0.46679 0.03315 x 0.1425 0.1755 0.05579 x 0.50211 x x 0.66206 x 0.78414 0.93546 x 0.05798 0.24892 0.16409 0.39789 x x x x 0.33008 0.21024 x 0.44118 0.76509 0.58666 0.34478 x x 0.22425 x 0.22704 x x x 0.0754 0.54928 x x 0.58164 0.6731 0.84342 x 0.38152 0.59447 0.431 0.66712 0.50747 0.85946 x 0.52589 0.83067 x 0.4249 0.29742 0.77134 x 0.19581 0.20228 0.78558 0.43039 0.68021 0.68335 0.40801 0.53554 
0.37783 x x x 0.1479 0.54646 0.31743 x 0.39247 0.30804 x x 0.3294 0.59863 0.38113 x 0.60244 0.34812 x 0.24901 0.65922 0.5033 0.51329 0.25213 0.61396 0.46057 x 0.50211 x 0.05581 0.29136 x 0.51196 0.30349 0.43541 0.11702 0.46469 0.27418 x x 0.27704 0.69148 0.83876 0.37834 0.37065 0.50243 0.42953 x 0.63519 0.15105 0.3072 0.37316 0.42287 0.71013 x 0.34248 0.53025 0.34526 x 0.47216 0.18839 0.45969 x x x 0.47537 0.52897 x 0.48344 0.66873 0.44318 0.56877 0.63039 0.65709 0.13701 0.33315 x 0.40668 0.75124 0.28715 0.34809 0.58782 0.50055 0.34056 x 0.52056 0.41144 0.16289 0.09487 
0.39363 0.74953 0.67522 0.29915 x 0.56666 x 0.3127 0.39669 0.25503 x 0.17537 0.30012 0.54752 x 0.40611 0.55365 x 0.30378 0.2688 0.62611 x 0.46924 0.21697 x 0.40615 0.44577 x 0.05581 x 0.34717 x 0.46864 0.35911 0.47951 x 0.42188 0.22139 0.44941 0.30892 0.32584 0.6818 0.80645 0.42218 x 0.44728 x x x 0.15618 0.29753 0.38286 0.45342 0.66863 x 0.31369 0.57053 0.31294 0.51526 0.4219 x 0.40469 0.53901 x 0.21892 0.52515 x 0.50888 x 0.65413 0.47507 0.5701 x 0.63706 0.11931 0.37491 0.50279 0.35561 0.71479 0.34261 0.32528 0.55444 0.47134 0.3955 0.3925 0.54713 0.44846 0.16188 0.14137 
0.4246 0.96463 x 0.31816 0.24071 0.53141 0.59864 0.65693 0.48769 x 0.85188 0.18371 0.55304 x 0.67245 0.22339 0.87101 0.59878 x x x 0.59155 0.76852 0.50082 0.8891 0.74804 0.76777 x 0.29136 0.34717 x x 0.76488 0.02872 0.28287 0.40231 x 0.55941 0.70171 0.6431 0.15584 0.80548 1.04032 0.24708 x x x 0.38117 0.57073 0.34016 0.47549 0.44959 0.37446 x 0.57641 0.56315 0.38837 0.57569 0.84284 0.74747 x 0.74877 0.36769 0.19022 x 0.25909 0.68635 0.85287 0.48821 x 0.38039 0.64563 0.49377 0.81751 0.37895 0.24032 0.61557 0.68539 0.97187 0.03532 x x x 0.07738 0.49342 0.47341 0.32283 0.35972 0.22977 
0.24285 0.56394 0.04613 0.35085 0.48491 0.08817 x 0.74607 0.25581 0.8201 0.73733 0.64928 0.93386 0.7938 0.79594 x 0.75374 0.92743 0.71271 0.37146 0.56366 x 0.63918 0.84755 x 0.78436 0.70707 0.66206 x x x x 1.06753 0.64775 0.90156 0.69515 0.60638 x 0.50192 0.87211 0.75322 x 0.65565 x 0.35394 x x 0.36219 x 0.77007 0.38173 x 0.24512 0.70294 0.40211 0.47238 0.31366 x x 0.70822 0.45278 0.90469 0.30705 0.58279 0.75902 x 0.34698 0.98714 0.13949 0.35073 0.24242 0.16585 0.28891 0.40812 x 0.84135 x 0.92001 0.65633 0.65186 0.43131 0.53758 0.46999 0.56967 0.26539 x x 0.4773 0.5446 
0.83605 0.96737 1.11095 x 0.65394 x 0.43676 0.37011 0.81231 x 0.59558 0.58437 0.21951 0.55715 0.31747 x 0.60169 0.16675 x 0.72443 0.82536 0.89963 0.60963 0.26558 x x 0.52709 x 0.51196 0.46864 0.76488 1.06753 x x 0.74277 0.40021 0.59371 0.41483 x 0.20041 0.66453 1.01832 x 0.69779 x 0.39064 0.08726 0.71405 1.11611 x x 0.81321 x 0.78031 0.70277 x 1.03914 0.19444 0.1464 x 0.6948 0.23981 1.00757 0.60824 0.53015 0.98448 0.83617 0.26525 0.94568 0.96881 x 0.96159 1.13567 x x 0.64983 0.88145 0.15848 x 0.74565 0.66103 0.76658 0.73281 0.83125 0.80369 1.00359 0.91637 0.60177 x 
0.4531 0.99083 0.66832 x 0.26417 0.55974 0.61491 0.6707 x 0.60077 0.87116 0.18985 0.55058 0.89271 0.68423 0.19762 0.89018 0.59942 0.10777 x 0.8953 0.6199 0.78926 x 0.90717 0.76271 0.78612 0.78414 0.30349 0.35911 0.02872 0.64775 x x 0.25509 0.41126 0.73865 0.57458 0.7254 0.64952 0.1364 0.83373 1.06589 0.22106 0.55867 0.80562 0.67755 0.40765 0.59759 x 0.5008 x x 0.97349 x x 0.41247 0.57379 0.84707 0.76528 x 0.75759 0.39275 x 0.24057 x x 0.86146 0.51685 0.83352 x 0.6742 0.5172 0.84455 0.38213 x x 0.69072 0.99614 0.01914 0.57413 x 0.73165 x x 0.50125 0.35047 x 0.24866 
x x 0.92312 x x x 0.74274 0.77447 0.7496 0.65773 1.01448 0.32122 0.52685 1.0224 x 0.07557 1.03205 0.59744 x 0.58617 x 0.85885 0.94809 0.51885 1.03855 x 0.92377 0.93546 0.43541 0.47951 0.28287 0.90156 0.74277 0.25509 x 0.50133 0.89989 0.69598 0.91288 x x 1.06952 1.2667 0.05735 x x 0.66001 0.62977 0.85203 0.37071 0.70953 0.71503 0.657 1.14551 0.80455 x 0.6611 0.55234 0.85894 0.89903 0.48429 x 0.64398 x 0.26591 0.51257 0.93216 0.91082 x 1.06195 x 0.91694 0.76292 1.0642 x 0.10688 0.87762 0.7215 1.1842 0.24974 0.76974 1.01856 0.92723 0.34397 0.75312 x 0.60555 0.5711 x 
0.45418 x 0.7355 0.36461 0.25375 0.62864 x 0.27418 0.44985 0.19186 0.51727 0.22206 0.23874 0.52156 0.27726 0.43122 0.53406 0.2409 0.34326 x x 0.55363 0.46166 0.15277 0.53787 x x x 0.11702 x 0.40231 0.69515 0.40021 0.41126 0.50133 x 0.41769 0.19709 0.46228 x 0.35907 0.72029 x 0.44442 0.39896 0.40548 x x 0.72631 0.14284 0.34129 0.43991 0.52005 x 0.39873 0.33552 0.63894 0.24926 0.44935 0.40005 0.2946 x 0.60739 0.22077 0.23544 0.59178 x 0.45058 0.56368 0.68765 0.54205 0.61939 0.73605 x 0.08504 0.39463 x 0.28967 x 0.39372 0.35442 0.56464 0.48885 0.45596 x x 0.51658 x 0.20866 
0.45729 0.37777 0.65221 x x 0.59008 0.18464 0.2251 0.3855 x 0.14618 0.58347 x 0.19268 0.27636 x x 0.52427 0.71275 x 0.23667 0.41115 0.0508 0.50285 0.20035 x 0.10179 0.05798 0.46469 0.42188 x 0.60638 0.59371 0.73865 0.89989 0.41769 x 0.22982 0.11505 0.40478 0.74078 x 0.40981 0.84271 0.27211 0.24823 0.5646 x 0.70779 x 0.28793 0.41509 0.58571 0.24704 x 0.17078 0.74365 0.57098 0.5245 0.10957 x x x 0.53852 0.64063 0.78841 0.28223 0.41763 0.53668 0.3914 0.60946 0.45398 0.8015 0.33727 0.50158 0.79638 0.37474 0.43718 x 0.72655 x 0.17329 x 0.73591 0.37245 x 0.62643 x 0.49075 
0.44922 x 0.70951 x x 0.6183 0.04807 0.10275 0.40946 0.17041 0.32019 0.39622 x x 0.13881 0.62421 x x x 0.36379 0.46117 0.48767 0.26933 0.27457 0.34284 x 0.22871 0.24892 0.27418 0.22139 0.55941 x 0.41483 0.57458 0.69598 0.19709 0.22982 x 0.29972 0.21447 x 0.60702 0.63821 x 0.31719 x x 0.33522 x 0.33874 0.28311 0.41845 0.55398 0.47164 x 0.21063 0.69966 0.34973 0.39513 0.20328 x 0.24495 0.66756 0.36933 0.43072 0.69617 0.42441 x x 0.56148 0.57851 0.54818 0.78161 x 0.27728 0.58977 0.46731 x 0.53414 0.55922 x 0.39234 0.33425 0.59699 0.39931 0.62459 0.57301 0.24504 0.33328 
0.38188 0.30358 x 0.41955 0.46125 x 0.26341 0.32428 0.30278 x 0.2355 0.59172 x 0.29225 0.37791 0.83739 0.25227 0.6078 0.7164 0.38901 0.17717 0.3074 x 0.5716 0.29584 0.31899 0.21538 0.16409 x 0.44941 0.70171 0.50192 x 0.7254 0.91288 0.46228 0.11505 0.29972 x 0.49862 0.74869 0.33578 0.35715 0.85673 0.19625 0.36302 x 0.33689 0.61109 0.60028 0.2344 0.33834 0.51256 0.2542 0.13713 x 0.66987 0.64945 0.63453 0.2246 0.47069 x x 0.53725 0.66512 0.73451 0.16797 x 0.4467 0.27916 0.53495 0.34431 0.71713 0.22997 x 0.81383 0.26799 0.53571 0.27221 x x 0.10583 0.04065 x 0.28982 0.53461 0.56064 0.34614 x 
0.64578 x 0.9162 0.57906 0.48837 0.81947 x x 0.61634 0.05563 x 0.45993 0.20808 0.40912 0.1341 0.63234 0.44421 x 0.56966 0.54185 0.64059 0.70051 0.42779 0.17563 0.42599 x 0.35319 0.39789 x 0.30892 0.6431 0.87211 0.20041 0.64952 x x 0.40478 0.21447 0.49862 x 0.5767 0.81887 x 0.63971 0.53031 x 0.15985 0.52531 0.92781 0.3281 0.49112 0.62003 0.73574 0.61411 0.50237 x x 0.19116 0.20685 0.32658 0.5279 x 0.83642 0.46489 0.44069 0.83386 0.63647 0.21873 0.75438 0.77057 x 0.76191 0.95994 0.72787 0.2719 0.58861 0.68144 0.04918 0.69489 0.63126 0.46076 x x 0.69959 0.60716 0.81724 0.7429 x 0.45007 
0.53721 x 0.77849 0.42248 0.30757 0.66664 0.59186 0.63254 0.58665 x 0.8609 0.15776 0.44556 0.87325 0.63551 0.09119 0.87901 0.50442 0.04057 0.42275 0.92449 0.6971 0.78983 0.41289 0.88892 0.72737 x x 0.27704 0.32584 0.15584 0.75322 0.66453 0.1364 x 0.35907 0.74078 x 0.74869 0.5767 x 0.90607 1.10141 0.11351 0.60604 0.76454 x x x x x 0.55341 x x 0.6386 0.60707 0.54272 x x x 0.32127 0.69334 0.52066 0.21376 0.13716 0.41386 0.76625 0.79464 0.61679 0.8969 0.52166 0.7567 0.64869 x 0.30544 0.08856 0.71415 x 1.02051 0.12131 0.60423 0.85416 0.76205 0.2319 x 0.61452 0.46709 x x 
0.3824 0.26665 0.33409 0.48848 0.60001 0.35727 0.58157 0.65357 0.32 x 0.54134 0.76713 0.94368 0.603 0.70771 0.99671 0.55292 x 0.86706 0.48345 0.30648 0.21444 0.46097 0.85698 0.60117 0.65474 0.54668 x 0.69148 0.6818 0.80548 x 1.01832 0.83373 1.06952 0.72029 x 0.60702 0.33578 0.81887 0.90607 x x 1.01953 x 0.69795 0.9716 x 0.439 0.83676 0.38499 x 0.47421 0.44843 0.32521 x 0.59492 0.94565 0.96883 0.559 0.58526 0.8091 x 0.70011 0.86624 0.72254 0.18263 0.86724 0.35526 x x 0.17049 0.58997 0.13424 0.79815 x 0.19194 0.86016 0.3794 0.83153 x x 0.29514 x 0.31651 0.42673 0.53794 0.52867 x 
0.65852 0.09175 x 0.73402 0.80408 0.69467 0.59422 x 0.57737 0.78603 0.39277 x x 0.44335 x 1.19114 0.39131 x x 0.71226 0.18049 x 0.37969 0.91233 x 0.57729 0.45684 x 0.83876 0.80645 1.04032 0.65565 x 1.06589 1.2667 x 0.40981 0.63821 0.35715 x 1.10141 x x 1.21111 0.50817 0.59842 0.96606 0.66054 0.78968 0.95608 x x 0.77819 0.21287 0.46525 x x 0.98013 x 0.4821 0.80614 0.74502 x 0.88819 1.0221 x x 0.76076 0.67452 0.30493 0.79513 x 0.93324 x x 1.16934 0.4712 0.83339 x 1.05831 0.49726 0.25215 0.33951 1.03472 0.56738 x x 0.6961 0.83583 
0.64931 1.14467 0.88421 0.53511 x 0.77351 0.68548 x 0.7 x x x 0.47997 0.96528 x 0.02399 0.97474 0.54848 0.15273 0.53615 1.03324 0.81021 0.89084 x 0.9814 0.8128 0.86648 x 0.37834 0.42218 0.24708 x 0.69779 0.22106 0.05735 0.44442 0.84271 x 0.85673 0.63971 0.11351 1.01953 1.21111 x 0.71869 0.8462 0.61372 0.57836 0.81766 0.31546 0.65578 x 0.61749 1.08845 0.74987 0.7154 x x x 0.84177 0.43455 0.76055 0.61374 0.32564 0.20907 0.49089 0.87912 0.85818 x 1.01029 0.6253 0.8694 0.7368 1.01102 0.3776 x 0.8276 0.6698 1.12779 x 0.71447 x 0.87161 0.31497 0.70303 0.71846 x 0.51611 0.37824 
0.18725 0.43225 0.39985 x 0.30054 0.32305 0.30809 x 0.11357 x 0.4159 0.45703 0.62838 0.46476 0.44361 0.69714 0.43453 0.60544 0.56948 0.20449 0.34405 0.17049 0.31502 0.54077 0.47226 0.43202 x 0.33008 0.37065 x x 0.35394 x 0.55867 x 0.39896 0.27211 0.31719 0.19625 0.53031 0.60604 x 0.50817 0.71869 x 0.4836 0.67196 x 0.4407 0.51399 0.06397 x 0.31757 0.44766 0.06057 0.11878 x 0.63282 x 0.363 0.29866 x 0.44706 0.39323 0.54965 0.53953 0.16083 x 0.26613 x x 0.23186 x 0.29238 x x x x 0.44803 0.55195 0.07763 0.28311 0.18617 0.52747 0.10061 0.3505 0.36442 0.20916 0.34084 
0.65038 0.59292 0.88144 0.6255 0.5832 0.8057 0.20514 x 0.59322 0.25725 0.20642 0.62197 0.45536 0.16722 0.13276 0.83462 x 0.38263 0.74766 0.58597 0.45356 0.64302 0.24323 0.40902 0.18325 0.05232 0.1545 0.21024 0.50243 0.44728 x x 0.39064 0.80562 x 0.40548 0.24823 x 0.36302 x 0.76454 0.69795 0.59842 0.8462 0.4836 x x x 0.92274 0.53217 0.47359 x 0.76774 0.39104 0.43329 0.36512 0.91991 0.43903 0.29032 0.13902 0.61487 x x 0.60174 0.63782 0.92842 0.52855 x 0.74601 0.63874 x 0.69269 0.99394 0.58194 x 0.79549 x 0.25546 0.48285 x 0.40614 0.40576 x 0.83173 0.58106 0.82518 0.79467 0.47467 x 
x 0.94211 1.04375 0.68395 0.57369 0.94117 0.394 0.34 0.74764 x 0.58767 x 0.1339 0.55701 0.29218 x x 0.08156 0.58191 0.65009 0.8004 0.84 0.58717 x 0.5734 0.39481 0.51055 x 0.42953 x x x 0.08726 0.67755 0.66001 x 0.5646 x x 0.15985 x 0.9716 0.96606 0.61372 0.67196 x x x 1.04346 0.33811 0.62614 0.7455 0.84025 0.77019 0.65038 0.57397 0.95876 0.10848 x 0.48446 0.61466 0.24246 x 0.5237 x 0.89979 0.78899 0.29916 x x x 0.90341 1.05679 0.88512 0.30376 0.56516 x x x 0.65846 0.60717 0.73761 0.69399 0.74474 0.73979 0.93004 0.83728 0.52937 0.52436 
0.12241 0.58355 0.40266 0.08433 0.15766 0.29781 0.3481 0.43232 0.12864 0.47089 x 0.32519 0.57169 0.5711 x 0.55593 0.55076 0.56755 0.42664 0.05256 0.49533 0.24107 0.43442 0.48552 x 0.49741 0.46461 0.44118 x x 0.38117 0.36219 0.71405 0.40765 0.62977 x x 0.33522 0.33689 0.52531 x x 0.66054 0.57836 x x x x 0.4027 0.4163 0.10254 0.10849 0.21951 0.59108 0.20231 x x x 0.72396 0.45327 0.14832 0.5796 0.33929 0.25774 0.42755 0.40304 0.3059 0.67412 0.23241 x 0.24418 0.3055 0.44707 x x x 0.2514 0.57433 0.59872 0.40182 0.18734 0.43197 0.33433 0.37532 x 0.29216 0.24671 0.11527 0.20827 
0.28245 x x 0.36259 0.48939 0.11786 0.7349 0.82109 0.32952 0.87354 x 0.63831 0.9614 x 0.86753 0.79386 0.86289 0.96578 0.678 x 0.69044 x 0.7453 0.87833 0.90471 0.87072 0.80572 0.76509 0.63519 x 0.57073 x 1.11611 0.59759 0.85203 0.72631 0.70779 x 0.61109 0.92781 x 0.439 0.78968 0.81766 0.4407 0.92274 1.04346 0.4027 x 0.7782 0.45201 0.31301 0.21541 0.82703 x 0.558 0.2105 0.97451 x x x 0.97544 0.2156 0.57683 0.74756 0.3718 0.46752 x 0.1774 0.48486 0.19957 0.29357 0.15889 0.54034 x x 0.34962 x 0.78597 x 0.51731 0.65861 0.58306 0.50934 0.34174 0.11468 x 0.51449 x 
0.52802 0.90246 x 0.42114 0.28922 0.69432 0.38677 x 0.5431 0.28854 0.65839 x 0.2138 0.65957 0.3999 x 0.67478 0.26026 x x 0.77563 0.65335 0.60449 0.16477 x 0.50127 0.56674 0.58666 0.15105 0.15618 0.34016 0.77007 x x 0.37071 0.14284 x 0.33874 0.60028 0.3281 x 0.83676 0.95608 0.31546 0.51399 0.53217 0.33811 0.4163 0.7782 x 0.45186 x 0.5635 0.8067 x 0.46788 0.65465 x 0.51363 x 0.32689 0.44684 0.62535 0.20746 x 0.57291 0.66855 x 0.63223 x 0.58207 x 0.75874 0.79305 x 0.26437 x 0.36294 0.86028 x 0.48119 x 0.62445 0.40905 0.54035 0.66413 0.54382 0.31082 0.22986 
0.17714 0.49203 0.42649 0.18596 0.23967 0.33704 0.28312 x x 0.44012 0.4341 0.39342 0.57458 x 0.41693 0.63442 0.45337 0.55649 0.50732 0.15464 0.39587 x 0.33544 x 0.4867 x x 0.34478 0.3072 0.29753 0.47549 0.38173 x 0.5008 0.70953 0.34129 0.28793 0.28311 0.2344 0.49112 x 0.38499 x 0.65578 0.06397 0.47359 0.62614 0.10254 0.45201 0.45186 x 0.13979 0.30041 0.48858 0.1014 x 0.45747 x 0.67819 0.36495 0.24149 0.52544 0.42726 0.33017 0.48571 x 0.22458 x 0.27462 0.36201 0.32469 0.27995 0.52267 x 0.4153 0.61828 0.20687 0.53866 0.49842 0.49319 x 0.33088 0.23335 0.47537 0.11636 0.35164 0.33858 0.14528 x 
0.04357 0.53492 0.29826 x 0.25359 0.20005 0.422 0.50818 0.04173 x 0.5597 0.42391 0.67861 x 0.55459 x x 0.67133 0.51373 0.13315 0.47014 0.14384 0.45894 0.59192 x 0.56085 0.50678 x 0.37316 0.38286 0.44959 x 0.81321 x 0.71503 0.43991 0.41509 0.41845 0.33834 0.62003 0.55341 x x x x x 0.7455 0.10849 0.31301 x 0.13979 x 0.17424 0.58521 x 0.25214 0.33171 x 0.81293 0.50081 0.23245 0.66265 0.30381 0.35565 x x 0.25343 0.75179 x 0.35793 0.19672 0.20416 0.38692 0.37777 0.50127 x 0.1662 0.66853 0.57456 x 0.21349 0.41639 0.3229 0.42689 0.05224 0.21217 0.22523 0.22218 0.30954 
0.13069 0.69039 0.26676 0.1571 0.27566 0.15702 0.56754 0.6518 0.21174 0.6804 x 0.42339 x 0.77686 0.69278 x 0.75028 x 0.47179 x 0.63924 0.26946 x 0.67023 0.78572 0.71559 0.67358 x 0.42287 0.45342 0.37446 0.24512 x x 0.657 0.52005 0.58571 0.55398 0.51256 0.73574 x 0.47421 0.77819 0.61749 0.31757 0.76774 0.84025 0.21951 0.21541 0.5635 0.30041 0.17424 x 0.75843 0.37809 0.41812 0.1581 0.76568 0.93823 0.66513 0.23672 x 0.12959 x x 0.24943 0.41551 0.89318 0.12251 0.49447 0.02471 0.30387 x 0.52852 0.55987 0.60055 0.30787 0.7849 0.74301 x 0.38218 0.58869 x 0.32559 0.22422 0.10394 0.06387 0.3184 0.33391 
0.62857 0.23567 0.74439 0.67362 0.71029 0.71644 x 0.43929 0.5467 0.60038 0.18482 0.82714 x x x 1.07075 0.18062 0.74434 0.95537 0.64317 x 0.5222 0.20252 x 0.21925 0.37597 x 0.22425 0.71013 0.66863 x 0.70294 0.78031 0.97349 1.14551 x 0.24704 0.47164 0.2542 0.61411 x 0.44843 0.21287 1.08845 0.44766 0.39104 0.77019 0.59108 0.82703 0.8067 0.48858 0.58521 0.75843 x 0.3904 x x x x 0.28849 0.72263 0.54058 x x 0.88749 0.98717 0.35987 x 0.67833 x x 0.5371 0.95002 0.31464 x 1.04265 0.47858 0.63533 0.10004 0.96275 0.40554 0.17096 x x 0.53428 x 0.81002 x 0.72877 
0.24781 0.39492 0.44823 x 0.33886 0.37834 0.27095 0.3525 0.17279 0.45722 0.35582 0.48529 0.6185 0.40562 0.40515 0.72912 x 0.58845 0.60364 x 0.29451 0.21054 0.25484 0.53193 0.41269 0.38257 x x x x 0.57641 0.40211 0.70277 x 0.80455 0.39873 x x 0.13713 0.50237 0.6386 0.32521 0.46525 0.74987 0.06057 0.43329 0.65038 0.20231 x x 0.1014 x 0.37809 0.3904 x 0.07765 x 0.62053 x x 0.34266 0.5126 0.50754 0.42486 0.57099 x 0.14646 x 0.32375 x 0.40109 x x 0.26945 0.47959 0.71038 0.18283 x x 0.59338 0.0448 x 0.13213 x x 0.40935 0.42426 0.23395 x 
0.29243 0.43609 0.51837 0.29919 x 0.44071 x 0.27641 0.22871 x 0.31678 0.45023 0.54691 0.35918 x 0.69592 0.33616 0.51364 0.57477 0.26406 0.31786 0.28475 x x 0.36869 0.3134 x 0.22704 0.34248 0.31369 0.56315 0.47238 x x x 0.33552 0.17078 0.21063 x x 0.60707 x x 0.7154 0.11878 0.36512 0.57397 x 0.558 0.46788 x 0.25214 0.41812 x 0.07765 x 0.57545 x 0.59447 0.24869 0.33546 0.43644 0.54531 0.3957 0.52614 0.61793 0.21703 0.51503 x 0.35784 0.44227 0.34163 0.63848 0.32947 x 0.67296 x 0.46897 0.41377 0.57589 x 0.24715 x 0.57378 0.21631 0.46363 0.45645 x 0.34438 
0.2883 0.83064 0.31186 x 0.38525 0.23942 0.71727 0.79984 0.36769 0.8129 0.88935 x 0.85751 0.93448 0.83787 0.60978 x 0.87769 0.50585 0.33596 0.79046 0.40827 0.78911 0.78237 0.94353 0.86804 0.83058 x 0.53025 0.57053 0.38837 0.31366 1.03914 0.41247 0.6611 0.63894 0.74365 0.69966 0.66987 x 0.54272 0.59492 x x x 0.91991 0.95876 x 0.2105 0.65465 0.45747 0.33171 0.1581 x x 0.57545 x x 1.07405 x 0.34435 x 0.03223 0.44735 0.59982 x 0.56395 1.03828 0.24603 x 0.13499 x x x 0.66394 0.62863 0.45016 x 0.89322 0.42367 0.54004 0.74298 x 0.3181 0.38047 0.16833 x 0.45693 0.43565 
0.70338 x 0.98454 x 0.49279 0.87788 0.38876 0.3566 x x 0.61988 x 0.02552 0.59889 x x 0.63145 0.0573 0.47589 x x 0.79535 0.60158 0.0965 0.61587 0.43064 0.5349 x 0.34526 0.31294 0.57569 x 0.19444 0.57379 0.55234 0.24926 0.57098 0.34973 0.64945 0.19116 x 0.94565 0.98013 x 0.63282 0.43903 0.10848 x 0.97451 x x x 0.76568 x 0.62053 x x x x 0.50754 0.53352 0.30513 0.84408 0.43172 0.3367 0.80543 0.76464 0.38263 0.81293 0.90526 0.78685 0.86044 0.97559 0.87166 0.21119 x 0.7854 0.19495 0.87099 x 0.57595 x 0.6836 0.64474 0.68922 x 0.75668 0.46665 0.43925 
x 0.88295 1.10443 x 0.69514 1.01295 x 0.31909 0.80455 0.26206 0.49499 0.65915 0.3337 x x 0.80645 0.49744 0.26163 0.76029 0.74441 0.74287 0.87841 x 0.34924 x x x x x 0.51526 0.84284 x 0.1464 0.84707 0.85894 0.44935 0.5245 0.39513 0.63453 0.20685 x 0.96883 x x x 0.29032 x 0.72396 x 0.51363 0.67819 0.81293 0.93823 x x 0.59447 1.07405 x x 0.4214 0.73455 x 1.0419 x x 1.04038 0.79084 0.13301 0.94864 0.91368 0.9622 0.93607 1.16387 0.8617 0.46505 0.76021 0.85395 0.15971 x 0.82839 x x 0.67497 0.90248 x 1.0159 0.948 0.6201 x 
x 0.46531 0.75428 x x x x x 0.47586 0.31214 0.11828 0.59446 0.51837 0.12745 0.19258 0.82687 0.13422 x x 0.49662 0.32369 0.5138 0.10823 x 0.1421 x 0.02757 0.0754 0.47216 0.4219 0.74747 0.70822 x 0.76528 0.89903 0.40005 0.10957 0.20328 0.2246 0.32658 x 0.559 0.4821 0.84177 0.363 0.13902 0.48446 0.45327 x x 0.36495 0.50081 0.66513 0.28849 x 0.24869 x 0.50754 0.4214 x 0.54469 0.26791 x x 0.63396 x 0.39131 0.30949 x 0.49976 0.68951 0.55997 0.88705 0.44354 0.47819 x 0.47945 0.3513 0.36876 0.75119 x 0.27018 x 0.77587 0.46313 0.71196 0.69954 0.40114 0.51776 
0.22008 0.73084 0.48538 x 0.04098 0.3721 0.41061 x x 0.47251 0.63914 0.19699 x 0.66995 0.51394 x 0.65862 0.53379 0.28192 0.10191 0.63712 0.37594 0.54908 x 0.68265 0.56579 0.56142 0.54928 0.18839 x x 0.45278 0.6948 x 0.48429 0.2946 x x 0.47069 0.5279 0.32127 0.58526 0.80614 0.43455 0.29866 0.61487 0.61466 0.14832 x 0.32689 0.24149 0.23245 0.23672 0.72263 0.34266 0.33546 0.34435 0.53352 0.73455 0.54469 x 0.60908 0.31285 0.13002 0.30636 x x 0.71103 0.3133 0.57893 0.25591 0.43634 0.4426 0.58604 0.32486 x 0.39334 0.57615 0.73906 x 0.31835 x 0.47395 0.23836 0.26884 0.33748 0.22328 0.14359 x 
0.6941 0.733 0.95016 x 0.57188 0.86207 0.24417 0.16012 x 0.15916 0.3558 x x 0.31843 0.10875 x x x 0.68365 x x 0.72102 0.37604 0.29833 x x 0.29047 x 0.45969 0.40469 0.74877 0.90469 0.23981 0.75759 x x x 0.24495 x x 0.69334 0.8091 0.74502 0.76055 x x 0.24246 0.5796 0.97544 0.44684 0.52544 0.66265 x 0.54058 0.5126 0.43644 x 0.30513 x 0.26791 0.60908 x 0.90764 0.56419 x 0.92194 0.63088 0.10424 0.7986 0.75446 0.82187 0.77767 1.02481 0.70359 0.38798 0.70938 0.69542 x x 0.73986 x 0.53676 0.51573 x 0.64069 0.86953 0.81307 0.48293 x 
x 0.81021 0.30999 0.26434 0.35379 0.22785 x 0.76784 0.34082 0.78081 x 0.46924 0.82708 0.90446 0.80572 0.59036 x 0.84644 0.48307 0.30391 x 0.38729 0.75989 x 0.91369 x 0.80015 x x 0.53901 0.36769 0.30705 1.00757 0.39275 0.64398 0.60739 x 0.66756 x 0.83642 0.52066 x x 0.61374 0.44706 x x 0.33929 0.2156 0.62535 0.42726 0.30381 0.12959 x 0.50754 0.54531 0.03223 0.84408 1.0419 x 0.31285 0.90764 x x 0.57306 0.15828 0.54046 1.00611 x 0.60765 0.10773 x 0.13369 x x x 0.42839 0.88523 0.86933 0.40296 0.51037 0.7172 0.62579 0.30006 0.35344 0.15576 0.09462 0.42472 0.40487 
0.34812 x 0.61514 0.23333 x 0.50174 0.40927 0.46679 0.38433 0.41239 x x x x 0.48361 0.30446 0.68632 0.44224 x x 0.71209 x x 0.34388 0.70209 x x 0.58164 x x 0.19022 0.58279 0.60824 x x 0.22077 0.53852 0.36933 0.53725 0.46489 0.21376 0.70011 0.88819 0.32564 0.39323 0.60174 0.5237 0.25774 0.57683 0.20746 0.33017 0.35565 x x 0.42486 0.3957 0.44735 0.43172 x x 0.13002 0.56419 x x 0.17647 x x 0.66841 0.44331 0.68694 0.37839 0.55942 0.55129 x x 0.28892 x x 0.80944 x x 0.64226 0.54911 0.23598 x x x x x 
0.5242 0.96147 0.79073 0.40976 x 0.67723 x 0.50884 0.55592 0.39994 0.75014 0.11005 0.31264 0.7567 0.50673 0.19681 x 0.36819 x 0.39715 0.84226 0.6685 0.68755 0.27577 x 0.6038 x 0.6731 x 0.21892 x 0.75902 0.53015 0.24057 0.26591 0.23544 0.64063 0.43072 0.66512 0.44069 0.13716 0.86624 1.0221 0.20907 0.54965 0.63782 x 0.42755 0.74756 x 0.48571 x x 0.88749 0.57099 0.52614 0.59982 0.3367 x 0.63396 0.30636 x 0.57306 0.17647 x 0.49701 0.70959 0.6591 0.61955 0.84756 x 0.73234 x 0.83902 0.17131 0.15924 0.67748 x 0.93284 0.22159 0.53156 0.77073 0.68427 0.32177 0.55582 0.63666 x 0.34054 x 
0.36615 0.93752 x x 0.3503 x x x x 0.77941 0.93376 0.40834 0.78518 0.97117 x 0.46891 0.95324 x x 0.35476 0.87721 0.51862 0.83743 0.71986 x 0.87859 x 0.84342 0.47537 0.52515 0.25909 x 0.98448 x 0.51257 0.59178 0.78841 0.69617 0.73451 0.83386 0.41386 0.72254 x 0.49089 0.53953 0.92842 0.89979 0.40304 0.3718 0.57291 x x 0.24943 0.98717 x 0.61793 x 0.80543 1.04038 x x 0.92194 0.15828 x 0.49701 x 0.65897 1.02466 0.36763 0.74387 0.23745 0.55206 0.25381 x 0.59638 0.49438 0.55602 0.88075 0.9817 x x 0.82118 0.7253 0.18205 x 0.30983 x 0.45395 0.38383 
x 0.28212 0.39048 x 0.45964 0.35672 0.39951 0.47348 0.21171 0.5948 x 0.61785 0.76348 x 0.52756 0.85741 x x 0.72927 0.35517 0.22764 0.16255 0.30431 0.67738 0.45833 0.48237 0.38325 x 0.52897 x 0.68635 0.34698 0.83617 x 0.93216 x 0.28223 0.42441 0.16797 0.63647 0.76625 0.18263 x 0.87912 0.16083 0.52855 0.78899 0.3059 0.46752 0.66855 0.22458 0.25343 0.41551 0.35987 0.14646 0.21703 0.56395 0.76464 0.79084 0.39131 x 0.63088 0.54046 x 0.70959 0.65897 x 0.69469 0.32197 0.14252 0.434 x 0.59202 0.13216 x 0.84248 0.11882 x 0.32937 0.70768 0.19105 0.19126 x 0.67384 0.20195 x 0.47357 0.36916 x 
0.78533 0.76117 x 0.74207 0.6744 0.94964 0.32979 0.24363 0.73738 0.26156 0.3688 x 0.40519 0.31829 0.20055 x x 0.32715 x 0.70272 0.62324 0.79883 0.41449 0.39222 0.33128 x x 0.38152 x 0.50888 0.85287 0.98714 0.26525 0.86146 0.91082 0.45058 0.41763 x x 0.21873 0.79464 0.86724 0.76076 0.85818 x x 0.29916 0.67412 x x x 0.75179 0.89318 x x 0.51503 1.03828 0.38263 0.13301 0.30949 0.71103 0.10424 1.00611 0.66841 0.6591 1.02466 0.69469 x x 0.80893 x 0.8522 1.12083 0.75295 x 0.80713 0.76996 0.19147 0.64527 0.84365 0.55596 0.57696 0.57217 0.90436 x x 0.9115 x x 
0.11002 0.58462 0.17407 0.21181 x 0.06544 0.55756 x 0.15328 x 0.67773 0.50983 0.80172 0.72912 0.6905 0.70194 x 0.79986 0.57624 0.23466 0.54959 0.16272 0.57682 x 0.73572 x 0.63262 0.59447 0.48344 x 0.48821 0.13949 0.94568 0.51685 x 0.56368 0.53668 x 0.4467 0.75438 0.61679 0.35526 0.67452 x 0.26613 0.74601 x 0.23241 0.1774 0.63223 0.27462 x 0.12251 0.67833 0.32375 x 0.24603 0.81293 0.94864 x 0.3133 0.7986 x 0.44331 0.61955 0.36763 0.32197 x x x 0.13029 0.18503 0.272 0.42189 0.6175 0.70453 0.20542 0.80309 0.65088 0.51947 0.34161 0.50744 0.42308 0.44497 x 0.08858 x x 0.40558 
x 0.21321 x 0.48769 x 0.39326 0.53282 0.60125 x 0.7314 0.47715 x 0.90474 x 0.65527 0.988 0.4883 0.86951 x 0.47738 x 0.22573 0.39937 0.81904 x 0.59696 0.48616 0.431 0.66873 0.65413 x 0.35073 0.96881 0.83352 1.06195 0.68765 0.3914 0.56148 0.27916 0.77057 0.8969 x 0.30493 1.01029 x 0.63874 x x 0.48486 x 0.36201 0.35793 0.49447 x x 0.35784 x 0.90526 0.91368 0.49976 0.57893 0.75446 0.60765 0.68694 0.84756 0.74387 0.14252 0.80893 x x x 0.19904 0.63054 0.06846 0.76793 x 0.19255 0.81036 0.31675 0.82983 x 0.24716 0.23874 0.78467 x x 0.55723 x 0.63534 
0.15332 0.70671 0.26007 x 0.29552 0.15459 0.59222 x 0.23316 0.70399 x 0.43895 0.77212 0.80083 0.7173 0.60135 0.77383 x 0.48168 0.2178 0.65889 x x 0.69165 0.80957 x x 0.66712 0.44318 0.47507 0.38039 0.24242 x x x 0.54205 0.60946 0.57851 0.53495 x 0.52166 x 0.79513 0.6253 x x x 0.24418 0.19957 0.58207 0.32469 0.19672 0.02471 x 0.40109 0.44227 0.13499 0.78685 0.9622 0.68951 0.25591 0.82187 0.10773 0.37839 x 0.23745 0.434 x 0.13029 x x 0.31467 x x 0.58012 0.6102 0.32408 0.80853 0.76236 x 0.40606 0.6095 x x 0.24583 0.09317 x x x 
0.2214 0.40887 x 0.3343 x 0.19466 x x 0.17689 x 0.57813 0.62762 0.85437 0.63625 0.67004 0.84603 0.59377 0.8356 x 0.33714 0.39816 0.06593 x x x 0.64346 0.55571 0.50747 0.56877 0.5701 0.64563 0.16585 0.96159 0.6742 0.91694 0.61939 0.45398 0.54818 0.34431 0.76191 0.7567 0.17049 x 0.8694 0.23186 0.69269 0.90341 0.3055 0.29357 x 0.27995 0.20416 0.30387 0.5371 x 0.34163 x 0.86044 0.93607 0.55997 0.43634 0.77767 x 0.55942 0.73234 0.55206 x 0.8522 0.18503 0.19904 0.31467 x 0.433 0.24824 x 0.84116 0.08235 0.80767 0.49245 0.67358 0.30278 0.3723 0.30964 0.61325 0.1787 x 0.36766 0.40899 0.51225 
0.34609 0.84183 0.27162 x 0.48355 0.23888 0.79489 0.87938 0.41658 0.9044 0.94509 0.60288 0.95907 0.99405 0.9204 x 0.96353 0.97618 0.61216 0.41991 x 0.43 x 0.88214 1.00172 0.94168 0.89362 0.85946 0.63039 x 0.49377 0.28891 1.13567 0.5172 0.76292 0.73605 0.8015 0.78161 0.71713 0.95994 0.64869 0.58997 0.93324 0.7368 x 0.99394 1.05679 0.44707 0.15889 0.75874 0.52267 0.38692 x 0.95002 x 0.63848 x 0.97559 1.16387 0.88705 0.4426 1.02481 0.13369 0.55129 x 0.25381 0.59202 1.12083 0.272 0.63054 x 0.433 x x 0.76551 0.73407 0.4737 x 0.91905 0.52902 0.60036 0.77924 0.69477 0.4219 0.42968 0.18343 0.21952 0.54387 0.5365 
0.41423 0.16275 0.4451 0.50189 0.59178 0.44208 0.49113 0.55423 0.33643 0.69176 0.41294 0.74909 0.87287 0.47471 0.60777 0.98938 0.42328 0.83297 0.86137 0.4864 0.17232 0.26032 0.33999 x 0.4717 0.54239 0.42804 x 0.65709 0.63706 0.81751 0.40812 x 0.84455 1.0642 x 0.33727 x 0.22997 0.72787 x 0.13424 x 1.01102 0.29238 0.58194 0.88512 x 0.54034 0.79305 x 0.37777 0.52852 0.31464 0.26945 0.32947 x 0.87166 0.8617 0.44354 0.58604 0.70359 x x 0.83902 x 0.13216 0.75295 0.42189 0.06846 x 0.24824 x x x 0.97397 0.22067 0.76558 0.25124 0.83935 x 0.18271 0.19134 0.80267 0.32816 0.50464 0.58959 0.49925 0.63319 
x 0.85042 0.79121 0.41008 0.28468 0.68126 0.32533 0.34369 x 0.22893 x 0.19602 0.19362 0.5965 x x 0.61239 0.22274 x 0.38292 x x 0.54466 x 0.61313 0.43793 0.50455 0.52589 0.13701 0.11931 0.37895 x x 0.38213 x 0.08504 0.50158 0.27728 x 0.2719 0.30544 0.79815 x 0.3776 x x 0.30376 x x x 0.4153 0.50127 0.55987 x 0.47959 x 0.66394 0.21119 0.46505 0.47819 0.32486 0.38798 x x 0.17131 0.59638 x x 0.6175 0.76793 0.58012 x 0.76551 x x 0.32667 0.62136 0.31008 0.80327 0.36339 0.43576 0.64966 0.5733 0.44254 0.5118 x 0.54725 0.2811 0.2291 
0.62287 x 0.86693 0.50753 0.38755 x 0.63673 0.66761 x x 0.90879 0.22519 x x 0.66369 x 0.92622 0.4987 0.1288 0.50538 0.99072 x x 0.41612 x 0.76249 0.81788 0.83067 0.33315 0.37491 0.24032 0.84135 0.64983 x 0.10688 0.39463 0.79638 0.58977 0.81383 0.58861 0.08856 x 1.16934 x x 0.79549 0.56516 x x 0.26437 0.61828 x 0.60055 1.04265 0.71038 0.67296 0.62863 x 0.76021 x x 0.70938 x 0.28892 0.15924 0.49438 0.84248 0.80713 0.70453 x 0.6102 0.84116 0.73407 0.97397 0.32667 x 0.79589 0.61899 1.08408 0.20506 x x x 0.31387 0.67151 0.70307 0.55549 x 0.34096 
0.19739 0.38267 x x 0.40848 0.23792 0.45334 0.53532 0.12837 x 0.50331 0.57652 0.78039 x 0.5879 0.80477 x 0.75857 0.67513 x x 0.04378 0.40559 x 0.5638 0.5616 0.47621 x x 0.50279 0.61557 x 0.88145 x 0.87762 x 0.37474 0.46731 0.26799 0.68144 0.71415 0.19194 0.4712 0.8276 x x x 0.2514 0.34962 x 0.20687 0.1662 0.30787 0.47858 0.18283 x 0.45016 0.7854 0.85395 0.47945 0.39334 0.69542 0.42839 x 0.67748 0.55602 0.11882 0.76996 0.20542 0.19255 0.32408 0.08235 0.4737 0.22067 0.62136 0.79589 x x 0.44588 0.64078 0.22127 0.30919 0.23608 0.59236 0.12458 x 0.36905 0.34438 0.45939 
0.69464 0.81295 0.96426 0.6282 x x x 0.2125 0.66421 0.10462 0.45229 0.50177 0.21595 0.42149 x 0.6638 x 0.13802 0.60759 0.59101 0.67092 x 0.45603 0.20288 0.43794 0.25953 0.37684 0.4249 0.40668 0.35561 0.68539 0.92001 0.15848 0.69072 0.7215 0.28967 0.43718 x 0.53571 0.04918 x 0.86016 0.83339 0.6698 x 0.25546 x 0.57433 x 0.36294 0.53866 0.66853 0.7849 0.63533 x 0.46897 x 0.19495 0.15971 0.3513 0.57615 x 0.88523 x x 0.88075 x 0.19147 0.80309 0.81036 0.80853 0.80767 x 0.76558 0.31008 0.61899 x x 0.71979 x 0.5057 0.6104 0.57443 x x x x 0.46661 0.49696 
0.61662 0.13997 0.69493 0.67753 0.7321 0.68123 0.48863 x x 0.67603 x 0.86324 0.87939 0.32832 0.56116 1.10879 0.2759 x 0.98852 0.65124 0.10456 x 0.26942 x 0.31734 0.46258 0.34296 0.29742 0.75124 0.71479 0.97187 0.65633 x 0.99614 1.1842 x x 0.53414 0.27221 0.69489 1.02051 0.3794 x 1.12779 0.44803 0.48285 x 0.59872 0.78597 0.86028 0.49842 0.57456 0.74301 0.10004 x 0.41377 0.89322 0.87099 x 0.36876 0.73906 x 0.86933 0.80944 0.93284 0.9817 0.32937 0.64527 0.65088 0.31675 0.76236 0.49245 0.91905 0.25124 0.80327 1.08408 0.44588 0.71979 x 0.98702 0.42203 0.16825 0.26516 0.97364 x 0.73786 0.79897 x x 
0.45223 0.98418 0.67358 0.34318 0.25501 0.56405 0.60006 x 0.51254 0.58277 x 0.17194 x 0.8786 0.66743 0.18852 0.87688 0.58038 0.09028 0.35324 0.8867 0.6182 x x 0.89319 0.74704 0.77234 0.77134 0.28715 0.34261 0.03532 0.65186 0.74565 0.01914 0.24974 0.39372 0.72655 0.55922 x 0.63126 0.12131 0.83153 1.05831 x 0.55195 x 0.65846 0.40182 x x 0.49319 x x 0.96275 0.59338 0.57589 0.42367 x 0.82839 0.75119 x 0.73986 0.40296 x 0.22159 x 0.70768 0.84365 0.51947 0.82983 x 0.67358 0.52902 0.83935 0.36339 0.20506 0.64078 x 0.98702 x x x 0.72297 0.11066 0.51767 0.50706 x 0.37106 0.23592 
x 0.43092 0.47729 0.27134 0.31008 0.39989 0.23289 x x x x 0.44921 0.57378 0.39483 0.36815 x 0.36879 0.54436 x 0.23859 0.3221 0.24464 0.25026 x 0.40355 0.35447 0.2933 x 0.34809 0.32528 x 0.43131 0.66103 0.57413 0.76974 0.35442 x x x 0.46076 0.60423 x 0.49726 0.71447 0.07763 0.40614 0.60717 0.18734 0.51731 0.48119 x 0.21349 0.38218 0.40554 0.0448 x 0.54004 0.57595 x x 0.31835 x 0.51037 x 0.53156 x 0.19105 0.55596 0.34161 x 0.40606 0.30278 0.60036 x 0.43576 x 0.22127 0.5057 0.42203 x x 0.25381 0.15849 0.55544 x x 0.42315 x 0.33863 
x 0.20643 0.58039 x 0.56388 0.54663 0.3512 0.39837 x x 0.23031 0.69736 x 0.29209 0.44947 0.94304 0.24114 x 0.82156 0.48451 x x 0.16269 0.66674 0.2895 0.37053 x 0.19581 0.58782 0.55444 x 0.53758 0.76658 x 1.01856 0.56464 0.17329 0.39234 0.10583 x 0.85416 x 0.25215 x 0.28311 0.40576 0.73761 0.43197 0.65861 x 0.33088 0.41639 0.58869 0.17096 x 0.24715 0.74298 x x 0.27018 x 0.53676 0.7172 0.64226 0.77073 0.82118 0.19126 0.57696 0.50744 0.24716 0.6095 0.3723 0.77924 0.18271 0.64966 x 0.30919 0.6104 0.16825 x 0.25381 x 0.09766 0.80624 0.3649 0.59592 0.64159 0.45064 0.5905 
0.36634 x 0.51473 0.41471 x 0.4678 0.30008 0.36362 0.28499 0.50099 x 0.60622 0.68607 0.32702 0.41743 0.85166 0.28424 0.64325 0.72852 0.38687 0.16375 0.27714 0.17437 0.60367 0.32942 0.35962 0.25476 0.20228 0.50055 0.47134 x 0.46999 0.73281 0.73165 0.92723 0.48885 x 0.33425 0.04065 x 0.76205 0.29514 0.33951 0.87161 0.18617 x 0.69399 0.33433 0.58306 0.62445 0.23335 0.3229 x x 0.13213 x x 0.6836 0.67497 x 0.47395 0.51573 0.62579 0.54911 0.68427 0.7253 x 0.57217 0.42308 0.23874 x 0.30964 0.69477 0.19134 0.5733 x 0.23608 0.57443 0.26516 0.72297 0.15849 0.09766 x x x 0.51153 0.54753 0.35702 0.49693 
0.39615 x x 0.30144 0.25719 0.48159 0.63277 x 0.46725 x 0.87487 x 0.6228 0.90257 0.71771 x 0.89426 x 0.19987 0.32301 0.87055 0.56401 0.78666 x x 0.78562 0.79434 0.78558 0.34056 0.3955 0.07738 0.56967 0.83125 x 0.34397 0.45596 0.73591 0.59699 x 0.69959 0.2319 x 1.03472 0.31497 0.52747 0.83173 0.74474 0.37532 0.50934 0.40905 0.47537 0.42689 0.32559 x x 0.57378 0.3181 0.64474 0.90248 0.77587 0.23836 x 0.30006 0.23598 0.32177 0.18205 0.67384 0.90436 0.44497 0.78467 x 0.61325 0.4219 0.80267 0.44254 0.31387 0.59236 x 0.97364 0.11066 0.55544 0.80624 x x 0.47474 0.41886 0.26809 0.3776 x 
0.09463 0.48386 x 0.17541 0.28433 0.22472 0.3973 0.48328 0.01311 0.55571 0.51543 0.45321 0.6816 x x x 0.53386 0.66833 x 0.16697 0.41799 0.11335 0.41442 x x 0.5291 0.46713 0.43039 x 0.3925 0.49342 0.26539 0.80369 x 0.75312 x 0.37245 0.39931 0.28982 0.60716 x 0.31651 0.56738 0.70303 0.10061 0.58106 0.73979 x 0.34174 0.54035 0.11636 0.05224 0.22422 0.53428 x 0.21631 0.38047 0.68922 x 0.46313 0.26884 0.64069 0.35344 x 0.55582 x 0.20195 x x x 0.24583 0.1787 0.42968 0.32816 0.5118 0.67151 0.12458 x x 0.51767 x 0.3649 x 0.47474 x 0.24993 0.27704 0.23085 x 
0.17597 0.66701 0.16772 x 0.37508 0.0721 0.63191 0.7178 0.23694 0.76257 0.76448 x x x 0.76246 0.6945 x 0.85196 x 0.28003 0.63719 0.24859 x 0.76394 0.82196 0.7729 0.71679 0.68021 0.52056 0.54713 0.47341 x 1.00359 0.50125 x x x 0.62459 0.53461 0.81724 0.61452 0.42673 x 0.71846 0.3505 0.82518 0.93004 0.29216 0.11468 0.66413 0.35164 0.21217 0.10394 x 0.40935 0.46363 0.16833 x 1.0159 0.71196 0.33748 0.86953 0.15576 x 0.63666 0.30983 x x 0.08858 x 0.09317 x 0.18343 0.50464 x 0.70307 x x 0.73786 0.50706 x 0.59592 0.51153 0.41886 0.24993 x 0.15112 x 0.43428 
0.18247 0.75087 0.31875 0.1699 0.26417 0.21423 0.59134 0.67345 0.26528 0.68729 x 0.39408 0.7406 0.81535 0.71112 0.5449 0.79181 0.75667 0.42752 0.20951 0.69475 0.33175 0.67339 0.66285 x 0.74298 0.71 0.68335 0.41144 0.44846 0.32283 x 0.91637 0.35047 0.60555 0.51658 0.62643 0.57301 0.56064 0.7429 0.46709 0.53794 x x 0.36442 0.79467 0.83728 0.24671 x 0.54382 0.33858 0.22523 0.06387 0.81002 0.42426 0.45645 x 0.75668 0.948 0.69954 0.22328 0.81307 0.09462 x x x 0.47357 0.9115 x 0.55723 x 0.36766 0.21952 0.58959 0.54725 0.55549 0.36905 x 0.79897 x 0.42315 0.64159 0.54753 0.26809 0.27704 0.15112 x 0.33015 0.3182 
0.23723 x 0.51793 0.16235 0.1208 0.41244 0.26959 x 0.23482 0.36221 0.4973 x 0.45662 0.52665 0.38186 0.49559 x 0.4528 0.37152 0.12446 0.52014 0.34314 0.40996 0.37029 x x 0.41814 0.40801 0.16289 0.16188 0.35972 0.4773 0.60177 x 0.5711 x x 0.24504 0.34614 x x 0.52867 0.6961 0.51611 0.20916 0.47467 0.52937 0.11527 0.51449 0.31082 0.14528 0.22218 0.3184 x 0.23395 x 0.45693 0.46665 0.6201 0.40114 0.14359 0.48293 0.42472 x 0.34054 0.45395 0.36916 x x x x 0.40899 0.54387 0.49925 0.2811 x 0.34438 0.46661 x 0.37106 x 0.45064 0.35702 0.3776 0.23085 x 0.33015 x 0.13996 
x 0.76714 x 0.19379 x 0.46626 0.37035 0.43349 0.33612 0.39579 0.62255 0.11743 0.4226 0.64515 0.455 0.35711 0.6416 x 0.23171 0.17737 0.6601 0.44872 0.54122 0.34683 0.65934 0.52208 0.53802 0.53554 0.09487 0.14137 0.22977 0.5446 x 0.24866 x 0.20866 0.49075 0.33328 x 0.45007 x x 0.83583 0.37824 0.34084 x 0.52436 0.20827 x 0.22986 x 0.30954 0.33391 0.72877 x 0.34438 0.43565 0.43925 x 0.51776 x x 0.40487 x x 0.38383 x x 0.40558 0.63534 x 0.51225 0.5365 0.63319 0.2291 0.34096 0.45939 0.49696 x 0.23592 0.33863 0.5905 0.49693 x x 0.43428 0.3182 0.13996 x 
