50
24
ddd gggggggg lllllll aaaaaa jjjjjjj kkkkkk vvvv ccccc qqqqqqqq jjjjjjjj ii zzzzzzz zzzz rr nnn gggg l mmm xxx xxxx www uuuu qq qqqqqqq bbbbb ppp a aaaaa bb fffff hhhhh fffffff cccccccc xxxxxxx iiiiii hhhhhhh oooooooo aaaa kkkkkkkk fff vvv ssssss ffff w tt ttttt ddddd pppppppp oooo kkkkkkk 
gggggggg uuuu xxxx fffffff ccccc l aaaaaa ppp fffff kkkkkkk jjjjjjj tt ttttt zzzzzzz cccccccc qqqqqqq vvvv gggg w ffff vvv a ddd oooooooo 
gggggggg
x 38.2753 49.93 85.2115 86.977 43.566 23.1948 21.9545 27.0185 41.0122 51.0392 85.703 75.3127 46.4004 64.0781 69.8928 95.462 28.4605 66.4003 32.2025 46.1411 23.4094 28.0179 60.2993 34.9857 28.1603 84.0952 55.9017 85.0 42.4382 31.4006 59.9333 55.4437 13.4536 66.5733 15.5242 38.0132 36.1248 31.0161 40.4969 53.3385 88.7525 36.2353 37.6431 54.9181 64.846 62.0967 53.2353 22.6274 60.208 
38.2753 x 21.587 69.0797 86.267 33.3017 35.0571 43.0465 62.2977 38.5876 45.3431 98.8433 55.9732 69.3542 91.0879 71.0634 96.1769 23.7697 87.0976 6.3246 21.0238 55.5428 55.2268 46.8722 3.6056 62.6418 68.942 29.8329 90.0 67.0671 68.1542 33.541 22.2036 42.45 35.2278 49.98 37.1214 5.831 61.8142 16.4012 89.1852 96.7988 55.4437 56.5685 66.8506 94.0213 42.1545 88.8876 48.2597 42.9418 
49.93 21.587 x 47.8539 68.8186 20.025 35.5106 44.4185 67.8012 28.0179 30.3645 86.8332 34.5398 65.5134 87.6641 55.4617 78.8162 23.4307 80.025 23.0217 4.4721 59.6406 56.356 27.6586 24.1868 67.424 47.8853 8.2462 74.686 64.56 74.6525 12.0416 8.0623 48.1664 16.6433 56.6392 28.2843 18.0 64.0078 9.434 93.2952 82.4621 51.923 52.6308 57.1402 91.9239 21.095 92.7847 50.2494 22.6716 
85.2115 69.0797 47.8539 x 35.1283 42.0119 62.6498 68.1542 90.2497 44.5533 34.9285 66.4078 13.6015 71.4003 88.459 34.6699 43.1045 58.0775 74.2024 68.9638 48.1041 81.9329 74.8465 25.0 71.1688 88.7694 2.2361 39.8246 47.0744 73.4983 97.3088 36.8917 51.0392 76.4853 41.7253 83.678 47.5184 64.5136 81.8596 53.4509 108.4528 56.0892 63.9531 63.5295 53.0754 94.7629 26.9258 107.6151 72.4224 26.6833 
86.977 86.267 68.8186 35.1283 x 53.0754 64.4748 65.521 81.0247 49.6488 41.1096 33.2866 43.7379 54.5894 64.4127 17.088 10.0 66.8506 48.3735 83.6301 66.8431 74.3303 66.2722 41.3401 87.046 79.0063 33.0606 62.7694 13.0384 58.3095 87.023 61.7171 74.9466 74.7262 70.0071 79.2465 52.1536 80.6226 71.0 70.0357 91.214 21.5407 54.3323 53.2353 36.0139 71.1196 50.0899 90.2497 67.2681 47.0106 
43.566 33.3017 20.025 42.0119 53.0754 x 22.3607 30.0 54.037 8.2462 12.0416 67.3573 31.7805 46.4866 68.4105 37.8021 62.9365 16.1245 60.075 30.6105 16.2788 45.4533 40.3609 17.0294 33.9706 53.1507 41.1096 19.3132 56.8595 46.0977 61.2209 21.9545 28.0 36.6742 31.7805 44.7772 9.434 27.5862 48.1664 17.4929 77.4661 64.0078 33.541 34.0147 37.1214 73.0548 19.2354 76.8375 35.4683 16.7631 
23.1948 35.0571 35.5106 62.6498 64.4748 22.3607 x 8.9443 32.5576 18.1108 28.0179 67.8012 53.7587 34.3657 56.0357 47.4236 73.3553 12.6491 52.811 29.2746 31.0644 24.2074 21.1896 38.0789 33.3766 32.0156 61.4003 38.8973 63.8201 32.0156 39.598 42.45 42.9418 14.3178 51.0882 22.4722 15.1327 30.0167 28.6356 27.313 57.8014 68.6804 20.6155 21.8403 35.4683 59.1354 41.5933 57.3062 14.7648 39.0 
21.9545 43.0465 44.4185 68.1542 65.521 30.0 8.9443 x 24.0832 24.1661 33.2415 64.3506 60.4152 27.5136 48.3735 48.5077 73.736 21.5407 46.9574 37.0 39.9625 15.5563 12.3693 44.3847 41.0122 23.3452 66.7083 47.5079 63.0635 24.5153 31.241 50.9313 51.8845 9.2195 59.8164 15.5242 21.4709 38.3275 19.6977 36.2491 48.8774 66.8506 15.0 16.4012 33.0151 51.0 49.0918 48.3735 5.831 46.1411 
27.0185 62.2977 67.8012 90.2497 81.0247 54.037 32.5576 24.0832 x 47.7074 55.9017 69.7782 83.7257 28.7924 40.0 65.123 87.5728 44.4072 46.8722 55.9732 63.4114 8.6023 15.5242 67.6018 59.4811 2.2361 88.6002 71.4493 75.1332 24.3516 7.2111 74.9533 74.8866 20.1246 83.6301 12.3693 45.2217 58.6941 10.198 59.0762 26.9258 76.243 27.2947 28.1603 45.0999 39.3573 73.0068 26.6833 18.6011 69.8928 
41.0122 38.5876 28.0179 44.5533 49.6488 8.2462 18.1108 24.1661 47.7074 x 10.0499 60.5392 36.2491 38.2753 60.1664 33.3017 59.203 17.2047 52.0096 34.8281 24.0208 39.1152 33.3017 20.2485 38.6005 46.6154 43.2897 27.5136 51.7397 38.0132 54.9181 29.9666 36.0555 32.0156 39.9249 39.5601 3.0 32.7567 41.0366 24.0416 70.0928 58.2495 25.5539 25.9422 29.4279 64.846 25.4951 69.4262 29.1548 22.2036 
51.0392 45.3431 30.3645 34.9285 41.1096 12.0416 28.0179 33.2415 55.9017 10.0499 x 56.5155 28.0179 41.8808 62.6498 25.807 50.9313 26.4008 52.1728 42.5206 27.313 47.4236 40.8167 12.0416 45.9674 54.5894 33.541 27.0185 44.9444 42.638 63.0635 28.1603 37.855 41.5933 38.3275 48.7647 13.0384 39.6232 48.2597 29.4109 76.4853 52.3259 31.1448 31.1127 28.4429 68.0 20.1246 75.743 37.6962 16.1245 
85.703 98.8433 86.8332 66.4078 33.2866 67.3573 67.8012 64.3506 69.7782 60.5392 56.5155 x 71.7008 41.1825 39.0512 34.0588 31.241 75.6637 24.3311 94.414 83.5225 66.0379 58.8218 63.1269 98.4124 67.5426 64.195 83.1865 20.2485 45.6508 73.736 83.6002 94.3663 72.2496 93.3435 73.2393 61.7414 93.0376 59.9416 84.5044 70.1142 12.8062 49.5177 48.1041 32.45 45.2769 73.1095 69.1158 63.1269 69.1809 
75.3127 55.9732 34.5398 13.6015 43.7379 31.7805 53.7587 60.4152 83.7257 36.2491 28.0179 71.7008 x 68.6804 87.9204 37.855 52.8867 47.2652 75.1332 56.2939 35.171 75.1798 68.7968 16.1245 58.2409 82.4924 14.1421 26.4008 54.0093 70.0071 90.9175 23.3238 37.4433 68.0074 28.4253 75.7694 39.0 51.6624 76.2758 40.7922 104.3504 63.0 59.0339 58.8982 52.1536 93.8136 14.1421 103.5857 65.2993 15.1327 
46.4004 69.3542 65.5134 71.4003 54.5894 46.4866 34.3657 27.5136 28.7924 38.2753 41.8808 41.1825 68.6804 x 22.2036 40.4969 60.0 46.0109 20.0 63.6396 61.1882 25.0 18.4391 53.6004 67.7422 26.5707 69.4046 65.7875 47.0956 4.4721 33.541 68.1542 73.5459 33.2866 78.1857 32.5576 37.3631 64.1249 18.7883 59.3043 37.5766 47.5395 14.0 13.0384 19.3132 26.5707 61.9112 36.6742 24.1868 57.9828 
64.0781 91.0879 87.6641 88.459 64.4127 68.4105 56.0357 48.3735 40.0 60.1664 62.6498 39.0512 87.9204 22.2036 x 54.5619 66.7308 68.0294 16.1555 85.2115 83.3607 40.7185 37.108 73.8241 89.2749 38.0132 86.3134 87.6413 53.4883 24.0208 41.0366 89.8109 95.7079 52.2015 99.93 48.7545 59.439 86.0058 33.1059 81.4985 31.5753 50.01 36.1248 35.2278 35.805 6.7082 82.7647 30.5941 43.9318 78.721 
69.8928 71.0634 55.4617 34.6699 17.088 37.8021 47.4236 48.5077 65.123 33.3017 25.807 34.0588 37.855 40.4969 54.5619 x 26.0768 50.448 39.6989 67.897 52.8394 58.0086 50.0 29.6142 71.5052 63.1981 32.45 50.5964 19.2354 43.6807 71.4493 50.448 62.3939 57.7235 59.8415 62.514 35.609 65.2993 55.3263 55.2178 78.0 27.2029 38.0 37.0135 21.1896 61.0737 39.4588 77.0779 50.4876 35.6931 
95.462 96.1769 78.8162 43.1045 10.0 62.9365 73.3553 73.736 87.5728 59.203 50.9313 31.241 52.8867 60.0 66.7308 26.0768 x 76.4003 50.5964 93.4345 76.8375 81.3941 73.3485 51.3128 96.8969 85.4751 41.1947 72.7186 13.3417 64.0312 93.1933 71.5891 84.9058 82.8734 79.7057 86.8332 61.6117 90.5097 77.4145 79.9812 95.352 18.4391 61.6117 60.4152 42.5793 73.3894 59.9416 94.3663 75.0 56.9386 
28.4605 23.7697 23.4307 58.0775 66.8506 16.1245 12.6491 21.5407 44.4072 17.2047 26.4008 75.6637 47.2652 46.0109 68.0294 50.448 76.4003 x 63.3482 18.7883 19.105 36.3593 33.8378 33.1361 22.8473 44.1022 57.2189 28.0179 68.593 44.1022 51.225 31.9061 30.5287 24.7588 39.6232 33.2415 14.8661 18.2483 41.2311 14.7648 70.2353 74.6525 32.0156 33.0606 43.382 71.4493 33.7343 69.7711 27.313 32.1403 
66.4003 87.0976 80.025 74.2024 48.3735 60.075 52.811 46.9574 46.8722 52.0096 52.1728 24.3311 75.1332 20.0 16.1555 39.6989 50.5964 63.3482 x 81.7435 76.0 44.5533 38.4187 62.2977 85.8662 44.6542 72.0069 78.6384 37.3363 24.0832 50.0899 80.2309 88.0511 53.2541 90.4268 52.345 52.0384 81.5843 37.6431 75.2396 46.0 34.2345 32.311 31.0161 23.7697 22.8473 71.8401 45.0 44.1022 67.72 
32.2025 6.3246 23.0217 68.9638 83.6301 30.6105 29.2746 37.0 55.9732 34.8281 42.5206 94.414 56.2939 63.6396 85.2115 67.897 93.4345 18.7883 81.7435 x 21.2132 49.2443 49.0918 45.618 4.1231 56.3205 68.6222 31.0161 86.5563 61.2046 61.8466 35.0 25.632 36.1386 38.3275 43.6578 33.0151 5.099 55.5788 15.5242 82.8613 93.0054 49.8197 50.9902 62.1691 88.0 42.2019 82.5651 42.107 42.3792 
46.1411 21.0238 4.4721 48.1041 66.8431 16.2788 31.0644 39.9625 63.4114 24.0208 27.313 83.5225 35.171 61.1882 83.3607 52.8394 76.8375 19.105 76.0 21.2132 x 55.2178 51.8845 26.2488 23.0868 63.0079 47.927 10.198 72.0694 60.1664 70.2922 14.3178 12.3693 43.8634 20.6155 52.345 24.0832 16.4924 59.5399 6.0828 88.8369 79.6241 47.5395 48.2701 53.3385 87.5557 21.1896 88.3233 45.793 21.9545 
23.4094 55.5428 59.6406 81.9329 74.3303 45.4533 24.2074 15.5563 8.6023 39.1152 47.4236 66.0379 75.1798 25.0 40.7185 58.0086 81.3941 36.3593 44.5533 49.2443 55.2178 x 8.0623 59.0593 52.9528 7.8102 80.3243 63.0317 69.3758 20.6155 15.8114 66.4831 66.888 13.1529 75.2861 8.0623 36.6197 51.5461 7.6158 51.1077 34.0147 71.3092 20.025 21.095 38.833 41.4849 64.405 33.6155 10.0 61.2944 
28.0179 55.2268 56.356 74.8465 66.2722 40.3609 21.1896 12.3693 15.5242 33.3017 40.8167 58.8218 68.7968 18.4391 37.108 50.0 73.3485 33.8378 38.4187 49.0918 51.8845 8.0623 x 52.6972 53.0377 13.9284 73.1642 58.8218 61.4003 14.4222 22.4722 62.0081 63.9766 15.2315 71.2811 14.4222 31.1127 50.636 7.8102 48.4665 37.2022 63.561 12.0 13.0384 30.8058 39.1152 58.7963 36.6197 7.0 55.4437 
60.2993 46.8722 27.6586 25.0 41.3401 17.0294 38.0789 44.3847 67.6018 20.2485 12.0416 63.1269 16.1245 53.6004 73.8241 29.6142 51.3128 33.1361 62.2977 45.618 26.2488 59.0593 52.6972 x 48.3735 66.3702 24.0832 21.4709 48.3839 54.5619 74.793 20.8806 33.6155 52.2015 30.2655 59.808 23.0868 41.6773 60.2163 30.5287 88.5268 56.7539 43.1856 43.1393 38.6264 79.404 10.0 87.7838 49.1935 6.0828 
34.9857 3.6056 24.1868 71.1688 87.046 33.9706 33.3766 41.0122 59.4811 38.6005 45.9674 98.4124 58.2409 67.7422 89.2749 71.5052 96.8969 22.8473 85.8662 4.1231 23.0868 52.9528 53.0377 48.3735 x 59.9083 70.9366 32.3883 90.2718 65.2763 65.192 36.2215 25.4951 39.8121 38.4708 47.1275 36.8917 6.7082 59.4138 17.8885 86.4002 96.8349 53.9351 55.109 66.2118 92.0054 44.2719 86.1278 46.0435 44.7772 
28.1603 62.6418 67.424 88.7694 79.0063 53.1507 32.0156 23.3452 2.2361 46.6154 54.5894 67.5426 82.4924 26.5707 38.0132 63.1981 85.4751 44.1022 44.6542 56.3205 63.0079 7.8102 13.9284 66.3702 59.9083 x 87.0919 70.8378 72.9932 22.1359 8.544 74.2765 74.6257 20.2485 83.0963 13.0384 44.2041 58.8727 8.0623 58.8303 26.5707 74.0405 25.4951 26.3059 43.0465 37.5766 72.0069 26.2488 17.6918 68.8186 
84.0952 68.942 47.8853 2.2361 33.0606 41.1096 61.4003 66.7083 88.6002 43.2897 33.541 64.195 14.1421 69.4046 86.3134 32.45 41.1947 57.2189 72.0069 68.6222 47.927 80.3243 73.1642 24.0832 70.9366 87.0919 x 39.9625 44.911 71.5612 95.6347 37.2022 51.4004 75.1332 42.5206 82.2253 46.2709 64.2573 80.1124 53.1413 106.5317 53.9351 62.1691 61.7171 50.9902 92.6337 26.8328 105.6882 70.8802 26.2488 
55.9017 29.8329 8.2462 39.8246 62.7694 19.3132 38.8973 47.5079 71.4493 27.5136 27.0185 83.1865 26.4008 65.7875 87.6413 50.5964 72.7186 28.0179 78.6384 31.0161 10.198 63.0317 58.8218 21.4709 32.3883 70.8378 39.9625 x 69.6419 65.3911 78.492 4.1231 12.2066 52.4976 12.53 60.959 28.6356 26.0768 66.6108 16.2788 96.0208 77.7946 52.8015 53.3104 55.1453 92.358 13.4536 95.4411 53.2635 15.8114 
85.0 90.0 74.686 47.0744 13.0384 56.8595 63.8201 63.0635 75.1332 51.7397 44.9444 20.2485 54.0093 47.0956 53.4883 19.2354 13.3417 68.593 37.3363 86.5563 72.0694 69.3758 61.4003 48.3839 90.2718 72.9932 44.911 69.6419 x 51.2445 80.5047 69.2604 81.5414 72.0139 78.339 75.2728 53.7587 84.2021 64.9384 74.3303 82.0366 9.0554 49.98 48.7032 30.6757 60.1664 57.9741 81.0494 63.6946 54.4059 
42.4382 67.0671 64.56 73.4983 58.3095 46.0977 32.0156 24.5153 24.3516 38.0132 42.638 45.6508 70.0071 4.4721 24.0208 43.6807 64.0312 44.1022 24.0832 61.2046 60.1664 20.6155 14.4222 54.5619 65.2763 22.1359 71.5612 65.3911 51.2445 x 29.2746 67.9779 72.5328 29.5296 77.8781 28.2843 36.7696 62.0 14.3178 57.8705 34.9857 51.923 12.6491 12.083 22.561 27.4591 62.426 34.1321 20.6155 58.6003 
31.4006 68.1542 74.6525 97.3088 87.023 61.2209 39.598 31.241 7.2111 54.9181 63.0635 73.736 90.9175 33.541 41.0366 71.4493 93.1933 51.225 50.0899 61.8466 70.2922 15.8114 22.4722 74.793 65.192 8.544 95.6347 78.492 80.5047 29.2746 x 82.0366 81.6088 26.6271 90.6091 18.3576 52.4309 64.846 16.1245 65.8027 22.0227 81.0247 33.9559 34.7131 51.0098 39.2046 80.2122 22.0 25.807 77.1038 
59.9333 33.541 12.0416 36.8917 61.7171 21.9545 42.45 50.9313 74.9533 29.9666 28.1603 83.6002 23.3238 68.1542 89.8109 50.448 71.5891 31.9061 80.2309 35.0 14.3178 66.4831 62.0081 20.8806 36.2215 74.2765 37.2022 4.1231 69.2604 67.9779 82.0366 x 14.2127 56.2228 10.198 64.6607 31.3847 30.0167 69.814 20.3961 99.2018 77.6209 55.4707 55.9017 56.5685 94.7048 11.6619 98.6002 56.6392 14.8661 
55.4437 22.2036 8.0623 51.0392 74.9466 28.0 42.9418 51.8845 74.8866 36.0555 37.855 94.3663 37.4433 73.5459 95.7079 62.3939 84.9058 30.5287 88.0511 25.632 12.3693 66.888 63.9766 33.6155 25.4951 74.6257 51.4004 12.2066 81.5414 72.5328 81.6088 14.2127 x 55.0 13.0384 63.4114 36.3456 20.6155 71.5542 15.8114 100.7224 89.5377 59.9083 60.6383 65.0692 99.925 25.4951 100.2397 57.7062 28.0179 
13.4536 42.45 48.1664 76.4853 74.7262 36.6742 14.3178 9.2195 20.1246 32.0156 41.5933 72.2496 68.0074 33.2866 52.2015 57.7235 82.8734 24.7588 53.2541 36.1386 43.8634 13.1529 15.2315 52.2015 39.8121 20.2485 75.1332 52.4976 72.0139 29.5296 26.6271 56.2228 55.0 x 64.3506 8.4853 29.1204 38.6264 20.025 39.2046 46.8188 75.4718 22.8035 24.2074 41.6773 53.7587 55.9017 46.4866 9.2195 53.3104 
66.5733 35.2278 16.6433 41.7253 70.0071 31.7805 51.0882 59.8164 83.6301 39.9249 38.3275 93.3435 28.4253 78.1857 99.93 59.8415 79.7057 39.6232 90.4268 38.3275 20.6155 75.2861 71.2811 30.2655 38.4708 83.0963 42.5206 12.53 78.339 77.8781 90.6091 10.198 13.0384 64.3506 x 72.8354 41.1461 33.2415 79.0569 26.0768 108.4666 86.885 65.307 65.7951 66.7533 104.7521 20.3961 107.8981 65.6049 24.1868 
15.5242 49.98 56.6392 83.678 79.2465 44.7772 22.4722 15.5242 12.3693 39.5601 48.7647 73.2393 75.7694 32.5576 48.7545 62.514 86.8332 33.2415 52.345 43.6578 52.345 8.0623 14.4222 59.808 47.1275 13.0384 82.2253 60.959 75.2728 28.2843 18.3576 64.6607 63.4114 8.4853 72.8354 x 36.7696 46.5188 15.6525 47.634 39.2938 77.8203 25.2982 26.5707 44.5982 49.3356 64.0078 39.0512 12.0416 61.2699 
38.0132 37.1214 28.2843 47.5184 52.1536 9.434 15.1327 21.4709 45.2217 3.0 13.0384 61.7414 39.0 37.3631 59.439 35.609 61.6117 14.8661 52.0384 33.0151 24.0832 36.6197 31.1127 23.0868 36.8917 44.2041 46.2709 28.6356 53.7587 36.7696 52.4309 31.3847 36.3456 29.1204 41.1461 36.7696 x 31.305 38.8973 23.3452 68.1175 60.0 24.1661 24.6982 30.0832 63.8905 27.8029 67.4759 26.6271 24.6982 
36.1248 5.831 18.0 64.5136 80.6226 27.5862 30.0167 38.3275 58.6941 32.7567 39.6232 93.0376 51.6624 64.1249 86.0058 65.2993 90.5097 18.2483 81.5843 5.099 16.4924 51.5461 50.636 41.6773 6.7082 58.8727 64.2573 26.0768 84.2021 62.0 64.846 30.0167 20.6155 38.6264 33.2415 46.5188 31.305 x 57.4891 11.1803 85.44 90.9725 50.1597 51.2445 61.0983 89.1403 37.6431 85.0941 43.7379 38.0789 
31.0161 61.8142 64.0078 81.8596 71.0 48.1664 28.6356 19.6977 10.198 41.0366 48.2597 59.9416 76.2758 18.7883 33.1059 55.3263 77.4145 41.2311 37.6431 55.5788 59.5399 7.6158 7.8102 60.2163 59.4138 8.0623 80.1124 66.6108 64.9384 14.3178 16.1245 69.814 71.5542 20.025 79.0569 15.6525 38.8973 57.4891 x 55.9464 29.4109 66.0984 18.0278 18.6815 35.0143 33.9559 66.5282 28.8444 13.9284 63.1269 
40.4969 16.4012 9.434 53.4509 70.0357 17.4929 27.313 36.2491 59.0762 24.0416 29.4109 84.5044 40.7922 59.3043 81.4985 55.2178 79.9812 14.7648 75.2396 15.5242 6.0828 51.1077 48.4665 30.5287 17.8885 58.8303 53.1413 16.2788 74.3303 57.8705 65.8027 20.3961 15.8114 39.2046 26.0768 47.634 23.3452 11.1803 55.9464 x 85.0 81.4923 45.3982 46.2709 53.3667 85.3288 26.6833 84.534 42.0476 26.9258 
53.3385 89.1852 93.2952 108.4528 91.214 77.4661 57.8014 48.8774 26.9258 70.0928 76.4853 70.1142 104.3504 37.5766 31.5753 78.0 95.352 70.2353 46.0 82.8613 88.8369 34.0147 37.2022 88.5268 86.4002 26.5707 106.5317 96.0208 82.0366 34.9857 22.0227 99.2018 100.7224 46.8188 108.4666 39.2938 68.1175 85.44 29.4109 85.0 x 80.0999 45.3431 45.4533 56.8595 26.5707 95.483 1.0 43.0465 91.9239 
88.7525 96.7988 82.4621 56.0892 21.5407 64.0078 68.6804 66.8506 76.243 58.2495 52.3259 12.8062 63.0 47.5395 50.01 27.2029 18.4391 74.6525 34.2345 93.0054 79.6241 71.3092 63.561 56.7539 96.8349 74.0405 53.9351 77.7946 9.0554 51.923 81.0247 77.6209 89.5377 75.4718 86.885 77.8203 60.0 90.9725 66.0984 81.4923 80.0999 x 52.8394 51.4782 33.8378 56.5155 66.4906 79.1012 66.7308 62.8172 
36.2353 55.4437 51.923 63.9531 54.3323 33.541 20.6155 15.0 27.2947 25.5539 31.1448 49.5177 59.0339 14.0 36.1248 38.0 61.6117 32.0156 32.311 49.8197 47.5395 20.025 12.0 43.1856 53.9351 25.4951 62.1691 52.8015 49.98 12.6491 33.9559 55.4707 59.9083 22.8035 65.307 25.2982 24.1661 50.1597 18.0278 45.3982 45.3431 52.8394 x 1.4142 19.3132 40.025 50.448 44.5982 13.8924 46.7547 
37.6431 56.5685 52.6308 63.5295 53.2353 34.0147 21.8403 16.4012 28.1603 25.9422 31.1127 48.1041 58.8982 13.0384 35.2278 37.0135 60.4152 33.0606 31.0161 50.9902 48.2701 21.095 13.0384 43.1393 55.109 26.3059 61.7171 53.3104 48.7032 12.083 34.7131 55.9017 60.6383 24.2074 65.7951 26.5707 24.6982 51.2445 18.6815 46.2709 45.4533 51.4782 1.4142 x 18.0278 39.2938 50.6063 44.6878 15.2643 46.8615 
54.9181 66.8506 57.1402 53.0754 36.0139 37.1214 35.4683 33.0151 45.0999 29.4279 28.4429 32.45 52.1536 19.3132 35.805 21.1896 42.5793 43.382 23.7697 62.1691 53.3385 38.833 30.8058 38.6264 66.2118 43.0465 50.9902 55.1453 30.6757 22.561 51.0098 56.5685 65.0692 41.6773 66.7533 44.5982 30.0832 61.0983 35.0143 53.3667 56.8595 33.8378 19.3132 18.0278 x 41.8688 48.0833 55.9464 33.1059 43.9659 
64.846 94.0213 91.9239 94.7629 71.1196 73.0548 59.1354 51.0 39.3573 64.846 68.0 45.2769 93.8136 26.5707 6.7082 61.0737 73.3894 71.4493 22.8473 88.0 87.5557 41.4849 39.1152 79.404 92.0054 37.5766 92.6337 92.358 60.1664 27.4591 39.2046 94.7048 99.925 53.7587 104.7521 49.3356 63.8905 89.1403 33.9559 85.3288 26.5707 56.5155 40.025 39.2938 41.8688 x 88.1192 25.632 46.0977 84.119 
62.0967 42.1545 21.095 26.9258 50.0899 19.2354 41.5933 49.0918 73.0068 25.4951 20.1246 73.1095 14.1421 61.9112 82.7647 39.4588 59.9416 33.7343 71.8401 42.2019 21.1896 64.405 58.7963 10.0 44.2719 72.0069 26.8328 13.4536 57.9741 62.426 80.2122 11.6619 25.4951 55.9017 20.3961 64.0078 27.8029 37.6431 66.5282 26.6833 95.483 66.4906 50.448 50.6063 48.0833 88.1192 x 94.7945 54.4059 4.1231 
53.2353 88.8876 92.7847 107.6151 90.2497 76.8375 57.3062 48.3735 26.6833 69.4262 75.743 69.1158 103.5857 36.6742 30.5941 77.0779 94.3663 69.7711 45.0 82.5651 88.3233 33.6155 36.6197 87.7838 86.1278 26.2488 105.6882 95.4411 81.0494 34.1321 22.0 98.6002 100.2397 46.4866 107.8981 39.0512 67.4759 85.0941 28.8444 84.534 1.0 79.1012 44.5982 44.6878 55.9464 25.632 94.7945 x 42.5441 91.2195 
22.6274 48.2597 50.2494 72.4224 67.2681 35.4683 14.7648 5.831 18.6011 29.1548 37.6962 63.1269 65.2993 24.1868 43.9318 50.4876 75.0 27.313 44.1022 42.107 45.793 10.0 7.0 49.1935 46.0435 17.6918 70.8802 53.2635 63.6946 20.6155 25.807 56.6392 57.7062 9.2195 65.6049 12.0416 26.6271 43.7379 13.9284 42.0476 43.0465 66.7308 13.8924 15.2643 33.1059 46.0977 54.4059 42.5441 x 51.3128 
60.208 42.9418 22.6716 26.6833 47.0106 16.7631 39.0 46.1411 69.8928 22.2036 16.1245 69.1809 15.1327 57.9828 78.721 35.6931 56.9386 32.1403 67.72 42.3792 21.9545 61.2944 55.4437 6.0828 44.7772 68.8186 26.2488 15.8114 54.4059 58.6003 77.1038 14.8661 28.0179 53.3104 24.1868 61.2699 24.6982 38.0789 63.1269 26.9258 91.9239 62.8172 46.7547 46.8615 43.9659 84.119 4.1231 91.2195 51.3128 x 
