100
50
ssss oooo d sssssss aaaaa t ffff mmmm pppp w uu v uuu ll yyyyyyy p oo kkk dd lllllll eeee gg ccc dddddddd zzz ww zzzzz mmmmmmmm ttttt fffff sssss rrrr xxxxxx aaaaaaa yyy www f o dddddd rrr iii pppppppp nnnn eeeeeeee s uuuuu ff ggggg llllllll cccccc ddd ss n rrrrrr qqqq rrrrrrrr m xxx z qqqqqq ee kkkkkk eee qqqqq c hhhh cccccccc vvvv bbbbbbbb j sss vv vvvvvv qq ggg yy ssssss wwww ggggggg rrrrr qqqqqqq pp lllll ffffffff llllll nnnnnnnn hhh fffffff aaa rrrrrrr jjjj ddddddd a q rr fff jjjjjjj wwwwwww ppp bbbbbb 
f jjjjjjj xxx bbbbbbbb llllll dddddddd iii v p j aaaaa vvvv llllllll q rrrrrr wwwwwww fffffff nnnn rrrrrrrr aaa c vv ffffffff ff ggggg ggg a hhhh sss wwww qqqqqq z hhh xxxxxx s ssssss w ssss lllll uu m eeee pp ss qqqqqqq uuuuu qq ttttt jjjj zzz 
f
x 81.6089 91.0221 127.9063 177.9917 69.7783 54.2034 158.4204 154.6933 84.1488 114.5863 28.6357 72.4984 65.742 128.8605 127.0355 64.6608 8.6024 65.4371 140.7694 156.7068 148.9598 18.4392 124.6797 71.0283 95.5093 53.8517 171.1433 145.169 98.8586 18.0279 116.1078 121.754 127.2361 173.1186 85.446 78.9241 142.0036 138.6832 122.6419 105.5368 83.0242 92.1955 80.5296 27.5137 69.8141 169.4994 129.85 108.8945 91.2635 76.0067 62.0323 137.7862 86.2149 23.4308 177.0029 34.7132 65.4906 35.1284 99.0052 134.0635 56.0358 143.2656 70.7673 86.4003 164.3473 141.032 118.9497 111.8929 76.6943 113.1593 37.3632 109.0414 56.5156 81.5967 40.497 26.6272 168.861 70.6046 110.1682 87.4587 173.5196 26.0001 51.4783 26.8329 89.8444 120.967 75.2729 116.069 119.3693 175.3284 53.3386 165.1243 160.1812 86.1453 181.6041 83.869 40.0126 85.8663 155.2708 
81.6089 x 170.426 163.0829 207.8197 16.1556 31.1449 115.0175 120.5074 102.4159 131.6436 90.0223 55.3174 19.647 146.3866 127.4128 32.7568 79.3096 122.0247 169.2927 138.9281 122.5276 90.554 84.1725 50.2495 83.0061 130.3841 210.509 157.385 149.6965 84.2913 193.1658 143.1783 158.2183 129.035 150.0967 54.2311 94.0054 185.1514 76.3218 187.0028 163.086 170.9504 122.2498 105.0763 46.7548 189.5522 173.5887 53.0095 139.6461 23.0869 20.0999 157.7245 138.192 63.2852 218.8928 53.8239 34.5399 47.854 108.9313 190.7067 136.4992 152.7515 35.3837 117.8347 176.3237 99.4083 113.1593 77.7947 31.4007 71.5892 114.8565 166.3792 43.5661 163.1749 56.886 56.7187 195.4125 135.3404 144.2672 140.0894 203.7082 100.2398 101.6367 55.3174 171.4527 176.1733 70.8379 118.0679 101.9658 197.99 107.2801 121.0042 196.6978 103.6003 209.6093 137.2663 120.6193 5.3853 177.5191 
91.0221 170.426 x 116.7605 157.385 156.5249 140.2463 216.0047 205.8666 118.8277 132.3066 82.5652 160.2281 152.4107 139.5422 156.4002 146.2943 96.4211 70.0072 133.2405 193.6596 195.1821 79.9063 187.2166 143.3877 149.4022 40.8045 139.1295 155.6825 80.4115 86.3135 27.785 131.0612 122.0902 228.8778 51.4783 167.0929 205.8058 106.0755 189.3358 27.7309 8.9444 4.1232 91.0495 65.3759 144.1008 163.4779 105.2237 183.9811 82.7648 167.0031 150.3364 142.0775 76.1578 107.2008 139.9179 125.3237 156.3203 126.0041 132.3217 85.7089 35.2279 157.4294 150.2166 105.1191 169.2484 200.6017 157.137 173.8995 157.1911 179.3879 55.5789 71.7009 146.7686 32.2026 117.4437 113.7454 154.871 53.9074 109.5902 75.1799 153.5514 85.0707 83.2167 115.4341 28.443 81.0556 134.9705 148.3948 167.027 164.5753 77.6661 222.1464 135.2369 120.2166 162.5209 73.5732 51.0883 175.1458 150.6852 
127.9063 163.0829 116.7605 x 50.09 147.2991 136.3599 136.3122 120.5405 60.9017 39.0129 99.2976 190.0317 144.6168 33.2416 62.37 130.3573 136.4186 65.2535 16.4925 95.755 106.7381 110.0728 122.2008 113.741 89.989 100.1799 47.4343 43.9319 37.2157 110.0592 113.3712 28.2844 8.5441 144.3677 66.0985 194.6716 137.0585 29.6143 129.7576 144.2013 118.6635 113.2255 47.508 109.768 116.9702 47.2653 18.7884 139.9787 39.4589 175.2856 148.0541 29.069 46.271 120.6028 55.9465 152.0034 173.2427 144.8103 58.9407 51.6237 116.0173 48.0105 128.281 46.011 53.2354 127.3186 73.1096 113.1372 133.8433 122.6419 106.3016 47.0107 169.9942 142.2745 113.1372 127.2832 41.9763 71.0283 19.1051 46.0978 45.6181 146.1096 76.5377 130.8741 142.7726 43.1394 93.4774 62.0323 90.0057 50.1598 74.733 140.4636 33.9707 59.9417 53.8517 49.2545 116.4003 168.3598 33.956 
177.9917 207.8197 157.385 50.09 x 192.5877 183.1749 157.2769 139.9179 106.0661 76.4004 149.3755 238.8243 190.3183 62.4341 88.9551 175.5678 186.4967 114.8261 38.9488 109.1147 126.1508 160.1532 153.1014 157.6136 128.4719 147.6788 24.7589 57.2801 83.9525 160.1251 147.221 64.6608 51.6141 161.1119 110.4537 243.1667 164.2012 51.4783 162.1173 183.4476 161.028 153.47 97.5296 159.4241 161.0746 27.0741 53.2354 177.1244 88.5439 222.0361 194.4558 51.1078 94.9211 170.0177 32.4501 201.3754 221.1652 193.8067 99.2019 75.2862 162.7791 63.3247 172.4675 94.4035 47.0426 153.2874 103.4699 147.2312 177.2598 157.0797 155.361 86.0059 218.6528 186.0243 161.3352 176.4654 13.6016 118.4568 68.2643 94.3717 4.4722 195.9312 126.59 180.0695 185.0974 76.42 137.0001 94.3664 120.333 18.6816 124.812 159.6153 22.2037 104.6615 5.3853 97.8009 164.9243 212.9273 32.3111 
69.7783 16.1556 156.5249 147.2991 192.5877 x 16.2789 109.7726 113.0709 86.8333 116.6749 75.1067 60.0751 4.1232 131.5904 114.0571 17.0295 68.7969 106.0991 153.9124 128.5769 113.4373 76.6878 77.0066 35.6091 69.8356 116.1078 194.7333 143.2237 133.5441 70.2141 178.5498 128.0353 142.6115 124.3102 134.3504 60.8277 89.4428 169.0681 70.4558 174.2557 149.4658 156.8472 106.1038 91.4441 32.0157 174.9772 157.5437 49.0409 123.491 31.7806 9.4341 142.8637 122.0657 49.4774 203.0297 47.0107 38.0527 38.8974 94.1117 174.5681 123.2275 138.8093 21.0951 101.8726 162.4101 93.1934 100.2398 68.5931 19.4166 64.0001 101.0001 150.2832 43.738 151.159 41.1948 43.6579 180.347 119.7081 128.4135 123.9678 188.4305 90.8021 85.7031 42.9536 159.1761 160.0313 55.9018 104.293 90.4766 183.2513 91.4113 116.1078 181.0111 88.091 194.5175 121.1653 107.564 21.5408 162.6593 
54.2034 31.1449 140.2463 136.3599 183.1749 16.2789 x 115.6937 116.6191 77.1558 108.4067 59.0086 60.0834 12.1656 123.6003 109.2521 14.3179 54.0371 91.2141 144.2568 128.2693 115.0175 60.4153 81.7864 31.5754 66.4832 99.85 183.6628 136.5285 119.9209 53.9352 162.3731 119.2058 132.3217 130.5068 119.0505 62.6499 96.4625 156.5792 76.8441 158.114 133.1954 140.5775 93.1505 75.1865 28.2844 167.2006 145.3445 58.3096 110.0228 38.9488 12.0831 134.6292 108.0788 33.2416 191.6039 36.4006 39.3574 26.8329 86.5333 160.627 107.0048 132.5935 21.5871 90.4269 156.0642 98.4887 96.4625 71.3443 25.06 68.8841 84.7232 136.0148 40.7923 135.248 25.9616 27.7309 171.4061 104.2354 117.2903 109.9319 178.9107 76.4854 70.8803 27.4592 143.1713 146.1541 49.1936 98.8434 89.2694 175.0715 76.4004 122.2621 170.294 78.6449 185.4563 106.9767 91.3948 36.3457 154.3018 
158.4204 115.0175 216.0047 136.3122 157.2769 109.7726 115.6937 x 17.4643 97.9082 98.4938 143.2237 169.2957 111.306 103.8172 73.9798 101.3904 162.3485 146.4002 130.3113 49.3357 31.1449 152.8693 34.1761 88.2384 67.179 178.9107 173.0117 101.0793 151.2879 146.9967 227.1784 108.0603 127.9063 14.8662 171.511 169.0267 21.2133 165.9218 39.3193 241.423 212.5136 214.2733 128.281 165.2393 90.2498 130.8626 154.564 62.0082 143.1085 138.0001 118.3766 112.1607 147.2482 135.5066 183.011 151.9211 147.4111 142.0459 86.7699 185.4401 193.1451 95.0475 94.1117 114.6125 111.1981 17.4643 64.5137 46.5297 91.5916 46.8403 170.8363 170.3086 153.4439 225.7544 118.0721 135.248 143.8924 163.2177 125.8731 149.0035 154.829 184.2961 133.69 137.2335 231.2337 173.2975 85.0001 75.5845 50.12 140.2463 138.7733 6.7083 159.0127 96.7989 156.0161 148.718 181.8132 117.2093 126.2538 
154.6933 120.5074 205.8666 120.5405 139.9179 113.0709 116.6191 17.4643 x 87.0461 83.5704 136.8577 173.1417 114.0001 87.6642 58.241 102.3964 159.4241 135.8824 113.7454 31.9532 14.0358 147.2482 36.3457 86.8851 60.0334 170.1824 156.0129 84.0001 137.8297 141.7781 215.4183 92.4447 112.0581 24.1662 159.6153 173.5656 32.0157 150.1367 44.6431 231.9484 202.9508 203.8873 116.4003 158.6853 89.4428 113.4373 139.0145 68.4106 130.1731 143.0141 121.0042 95.525 134.7925 132.518 166.0121 152.0692 151.1193 142.0423 74.4044 170.4612 185.0677 78.0065 95.2576 102.4159 93.7444 22.3608 50.6064 45.277 94.0001 49.1631 163.4443 156.5249 156.0514 217.7063 115.1087 133.2405 126.5702 152.3976 111.2341 136.4589 137.5246 180.6932 124.9641 135.5951 222.6792 158.7735 79.6242 61.27 38.8974 122.8089 129.6342 20.0999 142.1268 85.7031 138.6002 136.4845 174.7485 123.3573 109.0735 
84.1488 102.4159 118.8277 60.9017 106.0661 86.8333 77.1558 97.9082 87.0461 x 32.2026 58.421 134.302 84.3861 47.4132 43.738 69.8141 91.5479 48.8366 67.2087 77.8204 76.5769 70.3492 72.7325 52.8395 34.7132 84.315 108.2267 62.2978 57.4283 67.0076 129.3214 42.202 55.8033 110.2589 73.8242 138.1305 90.6202 85.4401 77.6661 145.0966 116.1035 116.8462 31.0162 77.8846 56.0804 90.736 73.3758 82.2983 47.854 115.9742 88.3913 57.9829 50.5965 68.9639 116.8462 99.0052 115.6029 90.3384 15.5243 97.0465 99.9851 59.6658 67.4167 19.0264 81.933 83.6482 39.4463 60.6384 72.9453 68.7315 80.231 76.792 114.0571 132.3066 56.8244 74.0946 94.2604 65.4371 42.5442 52.4977 101.8333 108.1158 40.3114 77.621 136.6054 83.0061 32.6957 33.2416 48.2702 98.2294 43.9091 103.8124 94.3028 2.0001 108.3006 51.6237 91.924 107.6477 77.421 
114.5863 131.6436 132.3066 39.0129 76.4004 116.6749 108.4067 98.4938 83.5704 32.2026 x 87.2813 166.3551 114.6299 15.2644 26.0769 99.7247 122.3766 65.7876 38.9103 63.127 70.2639 99.2473 83.2167 81.3942 52.8016 104.3553 82.8735 30.5942 56.0804 96.8763 136.4735 12.0831 31.2571 107.7034 81.8353 170.0383 98.1276 68.1837 90.9341 159.85 131.6094 129.53 42.7201 104.2354 84.9 58.8219 56.4359 102.5281 50.329 146.864 119.2058 26.2489 56.4005 100.901 92.3473 131.1832 147.2991 122.5399 22.8036 86.9771 120.8057 29.0001 96.2602 30.4139 50.0001 88.5665 34.3658 74.5253 100.8961 84.1725 104.3936 73.7836 146.1233 151.5389 89.0057 106.231 63.781 79.1771 27.7309 57.6282 72.4225 137.2954 66.0304 109.7726 154.305 75.2397 60.8277 23.1949 51.0393 66.7084 67.476 103.0923 68.3521 30.4139 77.9873 58.8219 115.9182 136.6932 46.011 
28.6357 90.0223 82.5652 99.2976 149.3755 75.1067 59.0086 143.2237 136.8577 58.421 87.2813 x 96.0209 71.0635 101.1188 102.1079 63.7888 37.1215 38.2885 112.1607 134.4062 129.2479 12.0001 111.0721 61.9113 76.8506 41.7613 143.0036 117.7201 71.4214 10.8168 103.4844 93.7444 98.6155 157.4104 62.394 101.7891 129.4026 111.1262 111.1981 103.3539 76.3218 82.4622 51.8942 22.0228 62.1773 141.0887 101.8284 102.5769 63.2536 91.4823 70.1143 109.6587 58.6942 28.1604 149.1644 56.6128 84.1725 52.326 73.8242 108.7245 52.1537 116.2111 67.6758 58.2496 136.6237 126.3726 95.8802 97.673 74.6325 101.2374 28.8445 83.4866 77.5243 83.869 34.9286 35.7352 140.2356 47.17 81.5415 60.1083 144.9035 50.0401 22.8474 38.6265 90.4435 95.0001 58.2581 91.4113 99.2825 146.7788 25.0001 149.8066 131.765 60.4071 152.9707 56.5863 38.8974 95.0843 126.8268 
72.4984 55.3174 160.2281 190.0317 238.8243 60.0751 60.0834 169.2957 173.1417 134.302 166.3551 96.0209 x 59.4139 181.6178 169.1687 72.7806 65.1921 134.2014 200.0001 187.6833 173.2773 89.5546 137.0147 91.4823 126.5307 125.9366 236.2415 195.4739 166.8324 85.9827 186.7539 176.4087 187.2566 183.6138 157.2801 7.0001 148.5699 206.0414 130.0962 169.145 151.6081 162.0495 143.5585 99.9251 88.0569 225.0379 195.9006 107.564 157.9526 32.5731 52.6119 192.2837 154.1591 70.0358 243.2489 39.4082 22.0228 45.277 145.3617 204.7267 125.172 191.8568 79.2466 144.4612 215.1326 153.0295 156.5408 128.5614 79.3096 124.0364 109.5629 179.4938 20.2486 143.0316 77.6661 62.9366 227.8465 142.1725 171.0586 155.7082 234.4377 76.2366 116.181 59.3971 152.0527 191.0106 109.0047 158.6191 148.933 232.4221 120.1042 175.4823 223.8081 136.0038 241.6031 152.2696 109.8955 54.7084 211.6248 
65.742 19.647 152.4107 144.6168 190.3183 4.1232 12.1656 111.306 114.0001 84.3861 114.6299 71.0635 59.4139 x 129.6342 112.8717 15.0001 64.9 102.3915 151.5587 128.5497 113.8641 72.5673 78.1602 34.1322 68.8768 112.009 192.0418 141.6052 130.1731 66.0985 174.4851 125.8651 140.0894 125.9366 130.5413 60.6384 91.2196 166.0031 72.007 170.1412 145.3445 152.7417 102.8835 87.3213 30.5288 173.1128 154.5478 51.2641 120.1542 32.7568 7.0712 140.8582 118.5961 45.3543 200.2499 43.8293 37.4834 35.3837 92.1955 171.1287 119.1051 137.3063 20.2486 99.0203 160.8976 94.5305 99.2825 69.181 20.0001 65.1231 96.8815 146.7516 42.1901 147.0783 37.3364 39.5602 178.191 115.8491 125.6703 120.4866 186.1318 87.0058 82.0001 38.9103 155.0807 156.6047 54.0371 102.9273 90.1389 181.2899 87.6642 117.7116 178.4041 85.7031 192.3383 117.6436 103.4457 25.0001 160.6394 
128.8605 146.3866 139.5422 33.2416 62.4341 131.5904 123.6003 103.8172 87.6642 47.4132 15.2644 101.1188 181.6178 129.6342 x 30.0168 114.691 136.7956 76.2956 27.2948 62.61 73.7565 113.0001 92.9625 96.1666 66.038 114.7564 71.5892 17.1173 60.2164 111.0046 140.8688 8.5441 24.6983 111.324 88.1931 185.2999 106.3016 62.6419 101.3904 167.2634 139.7141 136.4735 53.4604 117.0044 99.7047 43.6006 52.0001 114.9653 56.798 161.9692 134.3169 11.4019 63.5611 115.8793 81.3942 146.3217 162.5424 137.7426 37.4834 84.5341 131.2441 17.8886 111.0181 43.1046 35.5107 96.047 42.7552 85.7031 115.4341 95.5197 116.3487 75.6638 161.3847 160.9628 104.2354 121.3343 49.4066 87.9205 30.2325 64.4051 58.6687 150.9604 79.2276 124.888 163.0492 74.6325 75.6903 32.5731 60.0168 51.6625 80.0001 107.6895 57.0702 45.6509 63.6004 66.31 127.6637 151.3804 31.1449 
127.0355 127.4128 156.4002 62.37 88.9551 114.0571 109.2521 73.9798 58.241 43.738 26.0769 102.1079 169.1687 112.8717 30.0168 x 98.0052 134.015 87.8181 57.079 37.4834 44.5983 113.9913 64.1951 78.7719 44.4073 125.6743 100.9753 32.2491 82.0062 110.3677 162.0032 34.2054 53.9352 82.2193 106.8317 171.8983 76.5311 91.9838 73.1643 183.6737 155.0388 153.8377 65.46 121.5114 82.3651 65.5135 80.7776 89.3086 75.6903 145.6195 118.5328 39.4589 81.345 109.6587 110.8874 137.5392 148.5565 128.0626 28.2844 112.3611 141.8521 26.6272 92.9625 51.6237 49.5178 66.1212 15.0001 58.6687 96.0209 68.4764 123.3289 99.86 149.3453 173.5397 94.9211 113.6003 75.3924 102.65 53.7123 82.7346 85.7031 151.5587 83.5226 116.9018 177.0029 101.0793 60.1665 11.0455 31.3848 74.7931 86.3772 78.1026 86.5795 41.7733 89.0506 83.5465 135.0297 132.0039 56.6481 
64.6608 32.7568 146.2943 130.3573 175.5678 17.0295 14.3179 101.3904 102.3964 69.8141 99.7247 63.7888 72.7806 15.0001 114.691 98.0052 x 65.7952 91.5479 136.8833 114.9349 101.1238 67.6241 67.4686 19.2355 54.2311 105.5131 177.7893 126.6058 117.6436 60.9263 166.8833 111.0361 125.6026 116.2111 120.2665 74.6325 82.2801 152.5058 62.626 165.8464 139.7785 146.2499 89.8889 82.4622 15.6526 158.1424 140.8901 45.0001 107.5175 47.7075 20.6156 125.9366 106.4801 41.8809 186.1425 50.5965 51.2446 40.8535 77.2335 158.8082 114.3898 122.3194 7.2802 85.0883 145.9076 84.1725 84.5814 57.1403 12.0417 54.5712 91.4167 134.8519 54.2311 144.0591 28.8618 38.21 163.3555 106.019 111.5169 108.416 171.4061 88.4591 71.2532 38.9488 151.6081 144.2499 39.0513 87.9831 76.1578 166.3521 77.1623 107.9677 164.0275 71.0635 177.5191 105.7593 99.3178 38.079 145.7259 
8.6024 79.3096 96.4211 136.4186 186.4967 68.7969 54.0371 162.3485 159.4241 91.5479 122.3766 37.1215 65.1921 64.9 136.7956 134.015 65.7952 x 74.0271 149.1644 162.7791 154.2758 27.0186 128.3629 74.3035 100.8961 60.7455 179.7444 152.9707 107.4478 26.4009 122.1844 129.8076 135.6504 177.1328 93.6003 71.7845 145.2619 147.272 125.718 109.1789 88.142 97.8674 89.0001 34.8856 72.7187 177.7302 138.4523 110.6346 99.865 71.4494 60.4153 145.8802 94.8104 26.9259 185.6018 29.0001 60.0084 31.6229 106.1698 142.4255 61.2047 150.9206 72.3465 94.557 172.2441 144.9001 125.3995 115.8707 77.7947 116.469 44.3848 117.4565 50.3588 84.4039 44.3848 27.803 177.2795 78.8734 118.5961 96.047 182.0248 22.6717 59.9334 26.8702 92.9625 129.418 80.5234 123.0042 124.9521 183.6574 61.9113 169.0563 168.7603 93.5362 190.079 92.4555 45.3983 83.2167 163.5269 
65.4371 122.0247 70.0072 65.2535 114.8261 106.0991 91.2141 146.4002 135.8824 48.8366 65.7876 38.2885 134.2014 102.3915 76.2956 87.8181 91.5479 74.0271 x 80.0626 124.5352 125.2079 47.0107 119.0001 82.2983 80.6227 38.6006 106.0001 93.381 33.4216 48.7956 81.8597 67.8971 66.6109 159.0221 29.069 139.8464 137.4374 73.2463 122.2498 96.5402 67.6241 68.0148 23.0869 44.5983 84.0953 110.6527 64.6608 120.8306 26.4009 127.2361 103.1602 82.1524 20.8088 65.0001 111.6066 94.8104 121.3137 89.8889 62.4821 70.8309 55.0819 93.6217 93.0485 36.2354 110.2906 131.4687 87.3213 105.9907 100.0201 112.539 41.3039 45.6509 115.3777 85.907 65.2535 72.5604 107.2008 17.0001 50.09 22.0228 110.3858 81.1543 20.3962 75.8025 89.1853 56.8596 68.9639 79.057 97.0825 114.9349 14.8662 152.4337 95.708 50.2097 118.9034 18.4392 52.0097 127.3461 96.4211 
140.7694 169.2927 133.2405 16.4925 38.9488 153.9124 144.2568 130.3113 113.7454 67.2087 38.9103 112.1607 200.0001 151.5587 27.2948 57.079 136.8833 149.1644 80.0626 x 86.4003 99.7247 123.3695 120.2207 119.2016 91.7062 116.0173 44.3848 31.7806 53.6005 122.7722 129.2943 26.8329 13.6016 136.9453 82.5652 204.2769 133.5404 39.6612 128.5497 160.655 135.1482 129.692 60.4071 124.1975 122.6133 31.0162 31.8905 141.3154 55.0365 183.1421 155.5893 18.2484 62.0082 131.5486 54.1296 162.8282 182.2225 155.0807 61.4004 64.4439 132.0153 37.0001 134.015 55.7585 37.4434 123.1991 70.0358 112.6411 139.0325 122.4133 121.3426 63.0715 179.8056 158.6759 122.4419 137.8442 28.1781 87.0231 30.6758 62.0082 34.6555 160.1625 89.3198 141.4497 159.2483 58.0087 98.6003 59.6658 87.2984 34.9286 88.2327 133.8433 29.833 65.856 41.6174 65.0078 131.7461 174.4507 17.4643 
156.7068 138.9281 193.6596 95.755 109.1147 128.5769 128.2693 49.3357 31.9532 77.8204 63.127 134.4062 187.6833 128.5497 62.61 37.4834 114.9349 162.7791 124.5352 86.4003 x 20.0001 145.8802 58.6004 96.7472 63.0001 161.7437 126.669 55.1091 119.2058 141.4002 199.4493 69.1159 87.2354 52.0097 144.3123 189.1878 61.6118 124.7879 68.4106 220.8009 192.0418 191.1676 102.6159 155.0807 99.9851 82.2983 114.5427 90.736 113.146 160.0563 135.1482 68.3082 118.8277 136.7188 136.62 161.0777 165.9519 151.1193 62.6499 147.1395 177.6543 49.4774 108.4667 88.6003 62.394 50.6064 38.6265 61.3271 109.2017 68.9639 157.9906 136.6054 169.0119 209.7547 120.2041 139.1762 96.0053 139.8071 90.211 120.2166 107.0048 182.2225 118.106 142.0881 213.6002 136.8577 83.0964 45.4864 39.1153 91.5479 121.6554 50.8036 113.2829 76.0264 107.4664 121.0166 169.6645 142.6185 79.3096 
148.9598 122.5276 195.1821 106.7381 126.1508 113.4373 115.0175 31.1449 14.0358 76.5769 70.2639 129.2479 173.2773 113.8641 73.7565 44.5983 101.1238 154.2758 125.2079 99.7247 20.0001 x 140.1179 39.8247 84.0953 53.451 160.6021 142.0036 70.0072 125.1959 135.0038 203.6567 78.7465 98.2345 37.6432 147.8987 174.2643 41.6174 136.3086 49.3965 221.6507 192.6656 193.0415 104.8905 150.7648 87.0231 99.8249 125.2838 72.4501 117.8899 144.3677 120.7022 81.4986 122.8008 127.5775 152.0034 149.4056 151.3276 139.3593 62.9683 156.9523 175.8893 64.0001 94.2604 90.7856 80.2809 30.6106 38.4188 44.9111 94.048 51.2641 154.871 143.6559 155.3223 208.4347 110.422 129.066 112.752 141.4285 97.9899 124.4027 123.6852 174.8743 115.6764 131.6853 213.0377 145.4992 73.7632 48.549 29.9667 109.2384 120.0001 34.1322 128.0977 75.0734 124.9521 124.6316 166.3551 125.8731 95.1316 
18.4392 90.554 79.9063 110.0728 160.1532 76.6878 60.4153 152.8693 147.2482 70.3492 99.2473 12.0001 89.5546 72.5673 113.0001 113.9913 67.6241 27.0186 47.0107 123.3695 145.8802 140.1179 x 120.1042 68.8841 87.2354 40.0001 152.8203 129.6535 80.4302 6.7083 103.0195 105.5463 109.7863 167.2424 67.7423 95.7132 138.192 120.254 119.52 98.2345 72.7806 80.3991 62.9683 14.8662 68.6004 152.6107 111.5035 109.0414 72.9453 88.9551 70.4558 121.3961 67.8013 27.2948 158.6002 50.5669 80.0813 48.2702 85.7089 115.8837 46.8189 128.1914 72.4708 70.0358 148.4925 135.8014 107.4478 106.8271 79.1582 109.6587 24.3312 90.7856 72.2358 76.8506 39.4463 34.0148 151.3474 52.6973 92.6985 69.0291 155.6825 38.0527 34.2054 36.0556 84.1191 102.65 67.956 103.2474 110.1682 158.114 35.3413 159.5056 142.0212 72.3396 163.8781 65.4371 31.7649 95.3363 138.3222 
124.6797 84.1725 187.2166 122.2008 153.1014 77.0066 81.7864 34.1761 36.3457 72.7325 83.2167 111.0721 137.0147 78.1602 92.9625 64.1951 67.4686 128.3629 119.0001 120.2207 58.6004 39.8247 120.1042 x 54.1296 38.4839 148.6776 164.551 96.0053 129.5223 114.0176 200.8035 94.6415 114.4379 49.0409 146.0138 137.2954 18.6012 151.0034 9.8996 211.6342 183.0028 185.8414 103.7305 133.0565 56.0804 128.8605 139.0037 32.6957 120.333 106.6772 85.2116 103.3248 123.3289 101.5973 174.3475 117.8814 115.0044 107.9677 65.4906 167.2006 162.1143 90.0778 60.2081 91.2141 111.0181 16.7632 50.2196 13.4537 58.2152 13.0385 139.3163 148.933 120.3371 194.5175 84.2201 101.1337 139.5171 136.0001 108.1666 125.2279 149.8934 150.4561 104.0434 103.0777 200.472 153.8832 53.0755 60.6713 32.9849 138.2933 109.5537 40.8535 150.0301 72.125 153.0132 124.3102 149.9334 87.0977 120.814 
71.0283 50.2495 143.3877 113.741 157.6136 35.6091 31.5754 88.2384 86.8851 52.8395 81.3942 61.9113 91.4823 34.1322 96.1666 78.7719 19.2355 74.3035 82.2983 119.2016 96.7472 84.0953 68.8841 54.1296 x 35.1142 102.8835 161.0374 107.6152 104.7379 62.37 161.555 92.9571 108.4529 103.0777 111.3644 93.6377 71.0212 137.4192 51.6141 165.2181 137.7535 142.8042 76.4854 83.0061 3.6057 139.4454 125.5389 40.7064 94.5411 66.8881 39.8122 107.4896 94.5305 47.7075 169.6851 65.3759 70.2283 55.3264 58.6942 145.911 114.0571 103.228 14.8662 69.642 126.8268 70.7744 65.3912 42.0596 20.1247 42.1901 90.736 122.9188 72.3672 145.4271 30.6106 47.0107 145.1655 98.153 95.2576 96.5195 153.5253 96.5661 62.9683 49.0409 152.2663 131.4003 20.6156 68.7969 57.7063 147.8006 69.0508 94.9369 147.0273 53.8517 159.3645 94.2604 100.2099 55.3174 127.2872 
95.5093 83.0061 149.4022 89.989 128.4719 69.8356 66.4832 67.179 60.0334 34.7132 52.8016 76.8506 126.5307 68.8768 66.038 44.4073 54.2311 100.8961 80.6227 91.7062 63.0001 53.451 87.2354 38.4839 35.1142 x 111.7588 135.5582 74.9668 92.0707 81.8597 162.3608 64.8846 83.1686 80.9198 107.5408 128.7518 56.8244 117.2392 42.9536 174.4134 145.5783 147.8717 65.5211 98.7371 38.6265 107.8148 105.0763 50.0001 82.5652 101.5333 74.8466 77.3887 85.1646 74.3304 144.9001 98.1276 105.3424 88.2044 31.0484 131.0612 125.9922 70.0358 48.7648 53.6005 93.5095 51.2251 30.4139 25.9616 51.6141 34.1322 103.8558 111.4631 107.2008 158.6191 57.4283 76.3218 115.3777 97.6167 73.6818 87.092 124.6797 121.4332 66.6034 79.1582 164.055 117.2733 20.3962 35.3554 24.1869 116.662 71.8402 73.5936 121.0786 34.3658 129.53 86.0234 115.0001 87.6186 96.835 
53.8517 130.3841 40.8045 100.1799 147.6788 116.1078 99.85 178.9107 170.1824 84.315 104.3553 41.7613 125.9366 112.009 114.7564 125.6743 105.5131 60.7455 38.6006 116.0173 161.7437 160.6021 40.0001 148.6776 102.8835 111.7588 x 134.7369 131.7954 63.7888 46.0978 63.0318 106.3016 103.0195 192.3799 39.3574 132.518 167.2634 100.3046 150.0834 63.008 34.8856 40.7923 61.6848 26.4765 103.4699 147.0035 94.8315 143.5619 61.0001 128.6586 110.2906 120.0709 54.0094 67.1194 138.3981 88.5269 119.0505 87.6927 99.1263 88.4817 16.4925 132.1856 109.4167 74.4649 148.2229 162.8559 123.7135 135.248 116.3874 140.0894 16.4925 65.742 110.3541 48.0209 76.6552 74.0069 141.7957 29.2747 87.3671 54.0834 143.3772 56.6393 45.277 76.0264 52.4977 77.8268 95.802 116.3616 131.366 150.3331 40.608 185.2621 126.8465 85.9827 152.2368 51.0099 19.2095 135.2369 133.0151 
171.1433 210.509 139.1295 47.4343 24.7589 194.7333 183.6628 173.0117 156.0129 108.2267 82.8735 143.0036 236.2415 192.0418 71.5892 100.9753 177.7893 179.7444 106.0001 44.3848 126.669 142.0036 152.8203 164.551 161.0374 135.5582 134.7369 x 72.0279 72.9453 153.8084 126.2895 70.8379 52.7732 178.4041 95.8802 241.1245 177.4966 34.482 172.9307 164.1098 143.6838 135.0927 92.6985 149.8834 164.3047 48.3323 41.3402 185.397 79.8813 222.5512 195.4125 61.5225 85.2351 166.3521 10.0001 197.6488 220.1023 190.9661 104.7856 54.2311 148.7617 78.0065 175.6418 93.2364 67.0523 166.9732 114.3373 157.0033 181.1078 166.7604 144.5062 69.8571 216.3794 169.1864 160.0313 173.312 33.106 106.231 66.4004 84.2201 23.6009 186.5316 120.8802 176.8673 167.362 58.6942 140.6557 104.0482 131.5942 41.8809 118.0043 176.0455 14.5603 107.1869 29.833 87.8181 153.0132 215.7801 47.3815 
145.169 157.385 155.6825 43.9319 57.2801 143.2237 136.5285 101.0793 84.0001 62.2978 30.5942 117.7201 195.4739 141.6052 17.1173 32.2491 126.6058 152.9707 93.381 31.7806 55.1091 70.0072 129.6535 96.0053 107.6152 74.9668 131.7954 72.0279 x 75.6638 127.4246 155.6568 25.4952 36.0695 106.4708 104.2162 198.8292 106.9627 71.197 105.1904 183.4122 156.1699 152.5058 70.5763 134.0038 111.2116 33.2867 62.2014 121.4908 73.1643 174.2557 146.7311 14.8662 80.0563 131.2441 82.0245 161.1863 175.7869 152.3156 50.12 95.2104 148.2769 6.0829 122.2866 60.0084 19.6978 96.1042 47.17 90.9176 126.0636 100.7225 133.4542 89.6438 175.317 177.7752 118.7014 136.3563 43.6808 104.6949 46.0978 80.7776 54.3416 167.6724 96.0834 139.8643 179.672 87.0001 87.6585 39.6233 63.506 42.5442 97.0207 104.0193 58.3096 60.4071 57.0089 82.8735 144.7792 162.1883 25.3181 
98.8586 149.6965 80.4115 37.2157 83.9525 133.5441 119.9209 151.2879 137.8297 57.4283 56.0804 71.4214 166.8324 130.1731 60.2164 82.0062 117.6436 107.4478 33.4216 53.6005 119.2058 125.1959 80.4302 129.5223 104.7379 92.0707 63.7888 72.9453 75.6638 x 82.0732 80.8085 52.0097 41.7613 161.9414 29.1205 172.2615 146.8401 39.8247 134.9742 108.0788 81.7436 77.078 28.2844 76.9416 107.2801 84.4809 31.7806 139.0001 10.1981 157.5437 132.0039 61.7415 12.728 97.0053 78.2369 127.5618 152.8203 122.0042 64.8461 41.2312 79.2276 77.936 117.6309 38.4709 88.8652 138.8417 87.2354 117.8856 124.1975 126.1508 71.868 19.4166 147.6111 105.0763 94.3664 104.4032 78.1602 34.5255 30.0001 11.4019 79.6242 113.6003 50.8036 107.8008 105.7593 26.6834 87.2068 76.6617 101.3904 87.0001 46.7548 156.5408 63.569 57.7063 88.4591 15.0001 81.0433 155.0807 71.0212 
18.0279 84.2913 86.3135 110.0592 160.1251 70.2141 53.9352 146.9967 141.7781 67.0076 96.8763 10.8168 85.9827 66.0985 111.0046 110.3677 60.9263 26.4009 48.7956 122.7722 141.4002 135.0038 6.7083 114.0176 62.37 81.8597 46.0978 153.8084 127.4246 82.0732 x 109.0047 103.8124 109.2521 161.4467 71.5543 91.924 132.0077 121.8278 113.2167 104.9239 79.3096 86.7007 62.61 21.5408 62.0082 151.4762 112.6145 102.4159 74.0271 83.5465 64.1951 119.8166 69.3543 21.0239 159.9282 46.6477 75.2729 43.3245 82.1524 118.8109 53.4884 125.6743 65.7648 68.4106 146.5095 129.85 103.1602 100.8019 72.4501 103.3926 30.8059 93.6003 67.978 83.5285 32.7568 28.0714 150.8808 56.3561 92.1955 70.7249 155.6536 41.1948 33.5411 30.4139 90.8241 105.2617 62.2657 99.5039 105.1096 157.3055 35.8051 153.6523 142.5799 69.0073 163.6858 67.179 38.4709 89.1404 137.2444 
116.1078 193.1658 27.785 113.3712 147.221 178.5498 162.3731 227.1784 215.4183 129.3214 136.4735 103.4844 186.7539 174.4851 140.8688 162.0032 166.8833 122.1844 81.8597 129.2943 199.4493 203.6567 103.0195 200.8035 161.555 162.3608 63.0318 126.2895 155.6568 80.8085 109.0047 x 132.7743 120.1084 239.134 55.8033 193.546 219.1804 96.1666 204.0883 40.8045 36.7152 25.08 99.0455 89.275 162.7422 157.6992 98.4887 201.4573 86.3135 191.5882 173.1041 141.1738 80.9198 130.0155 125.2558 150.7648 181.5931 150.5624 141.0143 72.1804 61.6848 158.4046 170.0383 113.0045 166.5804 212.8498 165.2393 187.8431 177.1018 194.34 79.2276 66.3703 172.4559 57.3848 138.1775 137.0037 147.0545 64.8846 110.7521 79.3978 143.8403 112.3611 98.9799 139.0576 51.0393 72.2358 150.4162 155.4382 177.2288 157.2038 92.9732 232.9743 125.16 130.3841 152.555 79.0254 76.9026 198.091 146.2396 
121.754 143.1783 131.0612 28.2844 64.6608 128.0353 119.2058 108.0603 92.4447 42.202 12.0831 93.7444 176.4087 125.8651 8.5441 34.2054 111.0361 129.8076 67.8971 26.8329 69.1159 78.7465 105.5463 94.6415 92.9571 64.8846 106.3016 70.8379 25.4952 52.0097 103.8124 132.7743 x 20.0251 116.3874 79.756 180.3137 109.0001 57.8706 102.5915 158.7767 131.1832 128.0157 45.1775 109.0735 96.4262 48.7648 46.5726 114.5863 48.3012 157.8766 130.2307 16.1556 55.0365 109.6587 80.3618 140.4316 157.8006 132.0985 34.67 78.3902 122.7845 26.4009 107.8148 35.5107 43.1046 99.1263 45.0001 86.3482 112.6145 96.047 108.1666 68.0148 156.1603 152.4271 98.7928 115.3821 52.326 79.3789 22.0228 55.9018 60.6054 143.4016 71.5682 118.9623 154.5058 67.7423 72.3465 34.0589 62.0726 56.0358 72.0626 112.2944 56.3029 40.608 66.4832 57.7755 119.4195 148.2735 35.2279 
127.2361 158.2183 122.0902 8.5441 51.6141 142.6115 132.3217 127.9063 112.0581 55.8033 31.2571 98.6155 187.2566 140.0894 24.6983 53.9352 125.6026 135.6504 66.6109 13.6016 87.2354 98.2345 109.7863 114.4379 108.4529 83.1686 103.0195 52.7732 36.0695 41.7613 109.2521 120.1084 20.0251 x 135.8566 70.8803 191.6717 129.004 38.079 122.1885 149.6965 123.491 118.6803 46.8189 110.6346 111.7722 44.1023 27.3131 133.1504 42.0477 171.266 143.8368 21.2604 49.0919 118.4315 61.8467 149.7733 169.853 142.2007 52.2016 60.0334 119.1513 39.8247 123.1464 42.802 47.17 119.1513 65.0078 105.7214 128.4719 115.3171 107.9121 53.8239 167.1078 146.5095 109.8773 124.852 41.6294 74.2429 17.0881 49.2545 47.2018 146.5641 75.7695 128.4563 147.462 50.9903 87.9831 54.0094 82.0245 48.5078 74.6325 132.0039 38.5877 54.6444 54.7084 52.0866 118.4231 163.4443 30.0001 
173.1186 129.035 228.8778 144.3677 161.1119 124.3102 130.5068 14.8662 24.1662 110.2589 107.7034 157.4104 183.6138 125.9366 111.324 82.2193 116.2111 177.1328 159.0221 136.9453 52.0097 37.6432 167.2424 49.0409 103.0777 80.9198 192.3799 178.4041 106.4708 161.9414 161.4467 239.134 116.3874 135.8566 x 183.3495 183.1749 35.0572 173.9225 53.9352 254.6214 225.6569 227.0199 140.0894 179.4019 105.1096 134.2387 162.9265 76.1053 154.1851 152.0823 133.0039 118.6972 158.6853 150.2699 188.3827 166.7604 161.7932 156.895 98.1836 194.538 206.8672 100.6033 108.9313 126.1944 114.2805 32.3111 74.7062 61.27 106.3016 61.6848 184.7648 180.6766 168.0239 239.5079 132.8233 150.0834 148.0136 175.6959 135.3847 160.3778 159.0127 199.0227 147.1055 152.0856 244.8061 182.9236 99.2976 85.4284 62.0082 143.4226 152.0297 8.2463 164.7787 109.0184 159.3801 160.3123 195.8495 131.0154 131.1374 
85.446 150.0967 51.4783 66.0985 110.4537 134.3504 119.0505 171.511 159.6153 73.8242 81.8353 62.394 157.2801 130.5413 88.1931 106.8317 120.2665 93.6003 29.069 82.5652 144.3123 147.8987 67.7423 146.0138 111.3644 107.5408 39.3574 95.8802 104.2162 29.1205 71.5543 55.8033 79.756 70.8803 183.3495 x 163.3708 164.2012 61.4004 149.9401 79.2024 52.6309 48.3012 43.2667 59.4644 113.1593 113.2829 57.219 149.643 31.6229 153.6881 130.8168 90.6202 25.4952 90.4766 99.1616 118.1187 146.5402 114.6343 85.2116 49.6791 52.8868 106.0661 122.0042 57.2015 117.9535 157.4707 109.4807 133.3305 129.0001 140.4067 51.7398 26.4009 139.5315 76.3218 93.2149 98.0817 106.0425 15.2316 58.1379 24.2075 106.3016 94.4935 49.0409 101.0199 76.6878 38.4709 97.5142 99.8249 121.4908 115.278 43.1046 177.2485 88.9551 74.7931 115.278 23.3453 58.3096 155.3642 100.0201 
78.9241 54.2311 167.0929 194.6716 243.1667 60.8277 62.6499 169.0267 173.5656 138.1305 170.0383 101.7891 7.0001 60.6384 185.2999 171.8983 74.6325 71.7845 139.8464 204.2769 189.1878 174.2643 95.7132 137.2954 93.6377 128.7518 132.518 241.1245 198.8292 172.2615 91.924 193.546 180.3137 191.6717 183.1749 163.3708 x 148.1217 211.2914 130.0155 176.1392 158.493 168.8817 148.5195 106.405 90.1389 228.8166 200.9976 107.0748 163.2484 31.1449 54.1203 196.0868 159.6247 75.2862 248.2762 45.277 23.4095 50.329 148.718 210.509 132.0039 195.0591 80.7776 148.9229 218.4423 153.0524 158.9592 129.4026 80.231 124.4027 116.1078 185.2702 24.7589 150.0301 81.8353 68.0148 232.0023 148.2229 175.6418 161.208 238.8013 83.2167 121.5114 64.5369 159.0504 196.6978 111.8259 161.4838 150.6852 236.3494 125.6026 175.1029 228.528 139.7857 245.8395 157.8006 116.662 52.9529 215.5413 
142.0036 94.0054 205.8058 137.0585 164.2012 89.4428 96.4625 21.2133 32.0157 90.6202 98.1276 129.4026 148.5699 91.2196 106.3016 76.5311 82.2801 145.2619 137.4374 133.5404 61.6118 41.6174 138.192 18.6012 71.0212 56.8244 167.2634 177.4966 106.9627 146.8401 132.0077 219.1804 109.0001 129.004 35.0572 164.2012 148.1217 x 166.301 19.6978 230.2282 201.6037 204.4139 121.6307 151.3474 72.5604 138.8273 154.4669 41.0489 137.8769 117.0386 98.2701 115.9742 141.1525 118.7267 187.4167 132.8534 126.7755 123.1301 82.2254 183.6356 180.624 100.8961 75.0268 108.7843 119.9709 11.1804 64.0001 32.0157 71.8402 28.8445 157.7626 166.2078 133.1804 212.9813 101.5136 117.7201 150.6155 154.4346 124.1693 143.0246 161.3011 167.5859 122.6419 119.4195 219.0001 170.6284 71.5892 75.0268 47.0957 148.314 128.1406 27.0001 163.1105 89.8889 163.6002 142.2429 168.2915 96.0834 132.2196 
138.6832 185.1514 106.0755 29.6143 51.4783 169.0681 156.5792 165.9218 150.1367 85.4401 68.1837 111.1262 206.0414 166.0031 62.6419 91.9838 152.5058 147.272 73.2463 39.6612 124.7879 136.3086 120.254 151.0034 137.4192 117.2392 100.3046 34.482 71.197 39.8247 121.8278 96.1666 57.8706 38.079 173.9225 61.4004 211.2914 166.301 x 158.2025 131.9736 110.0728 102.1226 63.5139 116.2842 140.3888 62.9683 12.1656 166.9043 48.1042 194.9822 168.5854 56.798 52.4977 136.0295 38.5877 166.9312 191.2068 160.9628 86.4697 25.8071 114.2848 76.0264 151.3969 67.7792 75.6638 156.7196 102.4891 141.3543 157.4707 150.652 110.4763 35.5107 186.5611 135.37 131.7461 143.283 51.0785 72.014 43.5661 51.2251 47.854 152.817 89.8722 146.755 134.0038 25.0201 117.9535 91.3511 119.2058 61.3271 86.2787 170.0736 29.2747 84.9 56.7187 54.818 118.7014 190.5152 53.7588 
122.6419 76.3218 189.3358 129.7576 162.1173 70.4558 76.8441 39.3193 44.6431 77.6661 90.9341 111.1981 130.0962 72.007 101.3904 73.1643 62.626 125.718 122.2498 128.5497 68.4106 49.3965 119.52 9.8996 51.6141 42.9536 150.0834 172.9307 105.1904 134.9742 113.2167 204.0883 102.5915 122.1885 53.9352 149.9401 130.0155 19.6978 158.2025 x 213.0846 184.7161 188.1623 108.416 133.0039 53.0001 138.192 146.1233 23.7698 125.515 99.1263 79.076 111.9733 128.0626 99.2976 182.661 113.2167 108.1666 103.4651 72.007 173.4879 162.8896 99.3178 55.3625 96.5092 120.5696 23.0869 58.8219 17.1173 52.3928 10.0001 139.8178 154.3795 114.1272 195.0206 82.2011 98.1123 148.5565 139.205 115.0044 130.0001 158.827 148.1115 106.1745 99.7648 201.3083 159.9063 54.3784 68.8841 41.7853 147.5975 111.8929 45.7057 158.3825 77.2788 162.1636 128.845 150.0734 78.9178 129.8076 
105.5368 187.0028 27.7309 144.2013 183.4476 174.2557 158.114 241.423 231.9484 145.0966 159.85 103.3539 169.145 170.1412 167.2634 183.6737 165.8464 109.1789 96.5402 160.655 220.8009 221.6507 98.2345 211.6342 165.2181 174.4134 63.008 164.1098 183.4122 108.0788 104.9239 40.8045 158.7767 149.6965 254.6214 79.2024 176.1392 230.2282 131.9736 213.0846 x 29.0001 31.0162 118.2245 83.3848 165.5296 190.6726 132.0039 205.9127 110.4763 180.6019 167.1707 169.7794 103.8317 124.9201 164.0489 137.9312 168.6684 140.428 159.0221 110.0046 51.4783 185.1514 170.4876 132.2007 196.8655 225.6104 183.8615 198.2172 177.2795 203.0888 74.6861 98.4887 158.3162 26.306 137.3828 130.6485 181.6041 81.0248 137.3209 102.8835 179.7471 93.0055 107.8148 131.7347 17.2628 107.0562 158.8082 175.4139 193.0519 191.442 102.65 247.6854 161.2453 146.5777 188.6638 101.2127 66.7309 191.3662 178.0703 
83.0242 163.086 8.9444 118.6635 161.028 149.4658 133.1954 212.5136 202.9508 116.1035 131.6094 76.3218 151.6081 145.3445 139.7141 155.0388 139.7785 88.142 67.6241 135.1482 192.0418 192.6656 72.7806 183.0028 137.7535 145.5783 34.8856 143.6838 156.1699 81.7436 79.3096 36.7152 131.1832 123.491 225.6569 52.6309 158.493 201.6037 110.0728 184.7161 29.0001 x 12.0417 89.588 58.0518 138.2933 165.7378 108.296 178.4406 83.0061 159.0284 143.0281 142.9476 76.1578 100.0201 145.0001 117.1069 148.1217 118.106 130.0962 91.0056 27.0001 157.5818 143.9619 103.4699 170.4964 196.7969 154.9323 169.6144 150.8808 174.7342 48.5078 75.0268 138.4378 25.71 111.0001 106.3674 157.8133 52.4787 110.1364 75.3924 157.0797 76.2431 79.0254 107.9121 24.1869 85.147 130.3573 146.605 164.055 167.3231 73.7565 218.7534 139.0001 117.5926 166.0754 73.4099 43.0117 167.7261 152.6107 
92.1955 170.9504 4.1232 113.2255 153.47 156.8472 140.5775 214.2733 203.8873 116.8462 129.53 82.4622 162.0495 152.7417 136.4735 153.8377 146.2499 97.8674 68.0148 129.692 191.1676 193.0415 80.3991 185.8414 142.8042 147.8717 40.7923 135.0927 152.5058 77.078 86.7007 25.08 128.0157 118.6803 227.0199 48.3012 168.8817 204.4139 102.1226 188.1623 31.0162 12.0417 x 88.6173 66.0682 143.6176 159.8313 101.4348 183.3086 79.756 168.0745 150.851 138.7985 73.2463 107.6709 135.8309 126.669 157.6231 127.0355 130.1154 81.615 36.8783 154.3536 150.0001 102.7279 165.8494 199.0227 154.8968 172.5689 157.0033 178.2387 56.1428 67.8971 148.2229 36.2492 117.3883 114.3548 151.0829 51.6237 106.4379 72.2012 149.6564 87.3156 81.9879 116.1552 32.5577 77.1039 133.8433 146.0001 165.097 160.823 76.3218 220.368 131.3089 118.1906 158.6191 70.7249 52.4691 175.73 147.1225 
80.5296 122.2498 91.0495 47.508 97.5296 106.1038 93.1505 128.281 116.4003 31.0162 42.7201 51.8942 143.5585 102.8835 53.4604 65.46 89.8889 89.0001 23.0869 60.4071 102.6159 104.8905 62.9683 103.7305 76.4854 65.5211 61.6848 92.6985 70.5763 28.2844 62.61 99.0455 45.1775 46.8189 140.0894 43.2667 148.5195 121.6307 63.5139 108.416 118.2245 89.588 88.6173 x 64.4982 79.076 90.0279 52.6309 111.0721 18.1109 131.4687 105.1904 60.0334 19.647 73.6615 99.7648 104.9953 127.9141 98.2905 42.012 69.4263 78.1602 70.6117 89.5601 14.1422 88.0058 114.4946 66.5283 91.4823 96.047 99.2473 63.0318 47.0001 123.762 108.8532 68.2423 80.6227 88.3913 37.2023 29.7322 21.5871 93.0592 99.9251 29.069 84.1725 111.8259 54.9182 59.034 57.3848 78.2305 95.2104 27.8928 133.9889 80.6041 31.7806 101.0793 20.6156 74.2429 127.6324 75.7101 
27.5137 105.0763 65.3759 109.768 159.4241 91.4441 75.1865 165.2393 158.6853 77.8846 104.2354 22.0228 99.9251 87.3213 117.0044 121.5114 82.4622 34.8856 44.5983 124.1975 155.0807 150.7648 14.8662 133.0565 83.0061 98.7371 26.4765 149.8834 134.0038 76.9416 21.5408 89.275 109.0735 110.6346 179.4019 59.4644 106.405 151.3474 116.2842 133.0039 83.3848 58.0518 66.0682 64.4982 x 82.9278 154.3795 108.6739 123.4221 70.9367 102.3133 85.0001 124.4027 64.8846 41.9763 154.871 62.0968 92.5744 61.2945 93.4078 108.9037 31.9532 133.1842 87.2068 74.0271 152.1612 148.3948 116.4561 119.6705 93.9416 123.0692 10.05 84.3861 83.9346 62.4261 54.1203 48.3736 151.6477 45.3432 93.7444 65.742 154.984 36.6743 38.3276 50.09 69.4623 96.5402 80.2809 111.1262 120.8306 159.1258 37.0136 171.8169 140.1179 79.8124 163.4902 62.1692 17.2048 109.7726 140.0715 
69.8141 46.7548 144.1008 116.9702 161.0746 32.0157 28.2844 90.2498 89.4428 56.0804 84.9 62.1773 88.0569 30.5288 99.7047 82.3651 15.6526 72.7187 84.0953 122.6133 99.9851 87.0231 68.6004 56.0804 3.6057 38.6265 103.4699 164.3047 111.2116 107.2801 62.0082 162.7422 96.4262 111.7722 105.1096 113.1593 90.1389 72.5604 140.3888 53.0001 165.5296 138.2933 143.6176 79.076 82.9278 x 143.0106 128.5497 40.497 97.0825 63.2852 36.2492 111.0181 96.8763 46.4005 172.9047 62.6499 66.7309 52.6119 62.2255 148.4892 114.2367 106.8317 11.4019 72.6155 130.4302 72.8012 68.9421 44.3848 17.0881 43.8293 90.9176 125.2997 69.0508 145.3411 29.6986 45.1775 148.6608 99.7247 98.4125 98.8586 156.9746 95.1316 64.4982 47.0107 152.3221 133.959 24.0833 72.4018 61.0001 151.3474 70.5763 96.9331 150.3331 57.1403 162.8559 96.5195 100.125 51.8557 130.8168 
169.4994 189.5522 163.4779 47.2653 27.0741 174.9772 167.2006 130.8626 113.4373 90.736 58.8219 141.0887 225.0379 173.1128 43.6006 65.5135 158.1424 177.7302 110.6527 31.0162 82.2983 99.8249 152.6107 128.8605 139.4454 107.8148 147.0035 48.3323 33.2867 84.4809 151.4762 157.6992 48.7648 44.1023 134.2387 113.2829 228.8166 138.8273 62.9683 138.192 190.6726 165.7378 159.8313 90.0279 154.3795 143.0106 x 59.2369 154.7774 86.0059 205.5263 177.8821 32.7568 93.0001 158.3447 57.5848 189.1905 206.119 180.8536 80.9198 88.7526 163.0277 38.9488 154.2531 83.2167 20.0001 127.7812 80.4551 124.1693 158.392 133.959 151.954 92.3473 204.7927 189.5258 147.4925 164.1372 15.2316 118.0382 60.6713 93.0216 25.71 189.9317 118.4062 167.7201 189.8895 85.4928 119.0967 72.6224 96.6489 9.4869 117.9026 132.9663 38.4188 89.045 25.1795 96.0001 162.5209 194.466 14.3179 
129.85 173.5887 105.2237 18.7884 53.2354 157.5437 145.3445 154.564 139.0145 73.3758 56.4359 101.8284 195.9006 154.5478 52.0001 80.7776 140.8901 138.4523 64.6608 31.8905 114.5427 125.2838 111.5035 139.0037 125.5389 105.0763 94.8315 41.3402 62.2014 31.7806 112.6145 98.4887 46.5726 27.3131 162.9265 57.219 200.9976 154.4669 12.1656 146.1233 132.0039 108.296 101.4348 52.6309 108.6739 128.5497 59.2369 x 154.7418 38.6006 183.9186 157.3055 47.4343 43.9091 125.8731 47.4237 157.0033 180.5437 150.6952 74.3304 33.0152 109.6587 66.5734 139.6174 55.9465 69.2027 145.0001 90.7966 129.2479 145.6195 138.5209 103.6196 33.5411 176.2414 133.0151 120.8016 133.0039 49.6489 65.8028 31.4007 42.9419 49.0919 145.3445 79.9813 136.5175 132.4576 26.4198 105.9482 79.6305 107.3779 59.4391 76.8376 158.8617 32.0157 72.8012 58.0776 46.5297 112.579 178.9414 48.0209 
108.8945 53.0095 183.9811 139.9787 177.1244 49.0409 58.3096 62.0082 68.4106 82.2983 102.5281 102.5769 107.564 51.2641 114.9653 89.3086 45.0001 110.6346 120.8306 141.3154 90.736 72.4501 109.0414 32.6957 40.7064 50.0001 143.5619 185.397 121.4908 139.0001 102.4159 201.4573 114.5863 133.1504 76.1053 149.643 107.0748 41.0489 166.9043 23.7698 205.9127 178.4406 183.3086 111.0721 123.4221 40.497 154.7774 154.7418 x 129.0156 76.0067 58.1894 126.1151 130.3113 85.5863 194.8128 94.3664 85.843 85.0883 81.0433 179.2792 154.6933 115.9354 38.2885 101.1782 138.4053 46.6906 74.3304 31.1449 33.2867 22.0228 131.3698 158.0507 92.65 185.828 69.8141 82.8795 163.7682 137.2772 123.3573 132.3066 173.5196 133.3043 102.4891 83.869 192.8161 165.1092 52.3451 82.7648 58.8983 163.9818 108.522 68.0295 170.8802 82.4925 177.7471 130.5528 140.6166 55.3264 145.0139 
91.2635 139.6461 82.7648 39.4589 88.5439 123.491 110.0228 143.1085 130.1731 47.854 50.329 63.2536 157.9526 120.1542 56.798 75.6903 107.5175 99.865 26.4009 55.0365 113.146 117.8899 72.9453 120.333 94.5411 82.5652 61.0001 79.8813 73.1643 10.1981 74.0271 86.3135 48.3012 42.0477 154.1851 31.6229 163.2484 137.8769 48.1042 125.515 110.4763 83.0061 79.756 18.1109 70.9367 97.0825 86.0059 38.6006 129.0156 x 147.8514 122.1025 60.1665 7.0712 87.966 85.9128 118.8277 143.4504 112.9293 56.365 51.4199 77.1039 74.6861 107.4478 29.1205 88.0739 130.1731 79.6117 108.4667 114.0045 116.5591 66.9404 29.069 138.5389 105.0191 84.5992 95.2681 81.3942 32.2491 27.203 7.6159 84.1191 107.5408 41.7733 98.7169 106.5693 36.8783 77.1039 69.4047 93.0377 89.5601 38.2885 148.5296 69.3182 48.2702 92.7201 10.05 76.9416 145.0311 72.0279 
76.0067 23.0869 167.0031 175.2856 222.0361 31.7806 38.9488 138.0001 143.0141 115.9742 146.864 91.4823 32.5731 32.7568 161.9692 145.6195 47.7075 71.4494 127.2361 183.1421 160.0563 144.3677 88.9551 106.6772 66.8881 101.5333 128.6586 222.5512 174.2557 157.5437 83.5465 191.5882 157.8766 171.266 152.0823 153.6881 31.1449 117.0386 194.9822 99.1263 180.6019 159.0284 168.0745 131.4687 102.3133 63.2852 205.5263 183.9186 76.0067 147.8514 x 27.6587 173.1128 145.3617 63.3247 230.4106 42.7552 14.2128 41.0489 124.6316 197.6867 132.0342 170.0177 52.7732 129.3214 193.6002 122.2008 131.9471 99.4637 50.9216 93.9043 112.3611 172.7224 25.239 155.5411 63.2852 55.7854 210.1548 138.5209 156.2051 147.1395 217.789 89.5601 107.3547 53.1508 164.2347 183.3577 86.6084 135.6799 122.1967 213.5721 112.4012 144.0313 209.2296 117.4139 224.2433 144.0036 116.0173 22.136 192.8524 
62.0323 20.0999 150.3364 148.0541 194.4558 9.4341 12.0831 118.3766 121.0042 88.3913 119.2058 70.1143 52.6119 7.0712 134.3169 118.5328 20.6156 60.4153 103.1602 155.5893 135.1482 120.7022 70.4558 85.2116 39.8122 74.8466 110.2906 195.4125 146.7311 132.0039 64.1951 173.1041 130.2307 143.8368 133.0039 130.8168 54.1203 98.2701 168.5854 79.076 167.1707 143.0281 150.851 105.1904 85.0001 36.2492 177.8821 157.3055 58.1894 122.1025 27.6587 x 145.4546 120.1542 43.1857 203.4356 37.6432 30.8059 29.833 97.0053 172.6993 116.499 142.5799 26.6834 102.2009 166.1386 101.5973 105.1904 76.1053 27.0186 72.1735 94.763 148.0609 35.1284 143.6176 37.9474 36.6743 182.5213 115.9182 129.0156 122.0042 190.2237 82.0976 82.8614 35.4402 151.7894 158.2309 59.0763 108.4067 96.5661 185.9141 88.3234 124.7799 181.9506 89.8054 196.6216 119.0379 100.6629 25.0001 165.1939 
137.7862 157.7245 142.0775 29.069 51.1078 142.8637 134.6292 112.1607 95.525 57.9829 26.2489 109.6587 192.2837 140.8582 11.4019 39.4589 125.9366 145.8802 82.1524 18.2484 68.3082 81.4986 121.3961 103.3248 107.4896 77.3887 120.0709 61.5225 14.8662 61.7415 119.8166 141.1738 16.1556 21.2604 118.6972 90.6202 196.0868 115.9742 56.798 111.9733 169.7794 142.9476 138.7985 60.0334 124.4027 111.0181 32.7568 47.4343 126.1151 60.1665 173.1128 145.4546 x 67.1864 125.8015 71.4494 156.5249 173.4417 148.125 48.7956 80.4488 136.4735 19.2355 122.348 51.4199 28.1604 105.4752 53.1602 96.5661 126.811 106.405 123.0001 75.0001 172.0379 165.1697 114.7389 131.4839 38.0133 92.1955 32.9849 67.7201 47.4132 159.1384 87.2984 135.0593 166.6764 72.1389 86.9771 43.4627 70.3421 40.46 87.4644 115.6245 47.17 56.3029 52.2016 70.0929 134.0598 162.733 19.7991 
86.2149 138.192 76.1578 46.271 94.9211 122.0657 108.0788 147.2482 134.7925 50.5965 56.4005 58.6942 154.1591 118.5961 63.5611 81.345 106.4801 94.8104 20.8088 62.0082 118.8277 122.8008 67.8013 123.3289 94.5305 85.1646 54.0094 85.2351 80.0563 12.728 69.3543 80.9198 55.0365 49.0919 158.6853 25.4952 159.6247 141.1525 52.4977 128.0626 103.8317 76.1578 73.2463 19.647 64.8846 96.8763 93.0001 43.9091 130.3113 7.0712 145.3617 120.1542 67.1864 x 84.4039 90.8021 114.8652 140.3568 109.403 60.5393 52.5548 70.0644 81.4372 106.8879 32.6498 95.1263 133.8246 84.4039 111.1262 113.6003 118.8782 60.4402 28.443 135.0001 97.9848 82.3469 91.8369 88.1193 25.1795 34.2054 2.0001 90.5208 101.553 38.2754 95.2104 99.6244 38.079 78.0578 74.5186 97.1289 96.4211 34.0589 152.817 75.2397 51.2641 99.2019 3.0001 70.2141 143.5689 79.057 
23.4308 63.2852 107.2008 120.6028 170.0177 49.4774 33.2416 135.5066 132.518 68.9639 100.901 28.1604 70.0358 45.3543 115.8793 109.6587 41.8809 26.9259 65.0001 131.5486 136.7188 127.5775 27.2948 101.5973 47.7075 74.3304 67.1194 166.3521 131.2441 97.0053 21.0239 130.0155 109.6587 118.4315 150.2699 90.4766 75.2862 118.7267 136.0295 99.2976 124.9201 100.0201 107.6709 73.6615 41.9763 46.4005 158.3447 125.8731 85.5863 87.966 63.3247 43.1857 125.8015 84.4039 x 173.2427 31.4007 56.3561 25.0001 82.5652 135.8309 73.7632 128.5769 47.6341 75.8025 150.8411 118.0721 100.0001 89.0001 53.8239 89.8889 51.6237 110.6392 50.6064 102.4159 17.4643 7.6159 159.6654 75.2729 101.8333 86.0234 165.5839 48.8775 46.2278 10.8168 110.1682 121.795 53.9352 98.6155 98.4785 165.0607 50.4778 142.2147 154.1591 70.8803 173.1041 82.6621 58.1894 68.1176 144.4508 
177.0029 218.8928 139.9179 55.9465 32.4501 203.0297 191.6039 183.011 166.0121 116.8462 92.3473 149.1644 243.2489 200.2499 81.3942 110.8874 186.1425 185.6018 111.6066 54.1296 136.62 152.0034 158.6002 174.3475 169.6851 144.9001 138.3981 10.0001 82.0245 78.2369 159.9282 125.2558 80.3618 61.8467 188.3827 99.1616 248.2762 187.4167 38.5877 182.661 164.0489 145.0001 135.8309 99.7648 154.871 172.9047 57.5848 47.4237 194.8128 85.9128 230.4106 203.4356 71.4494 90.8021 173.2427 x 204.4139 227.5633 198.0102 114.0176 54.2311 151.8224 88.0058 184.2011 101.2572 76.6552 176.9182 124.1492 166.6434 189.7895 176.3775 149.0035 72.8012 223.5174 170.6577 167.6008 180.3248 42.3793 110.4763 74.6258 89.6271 32.2026 191.4002 127.405 183.8533 168.3153 61.0329 149.4123 113.7806 141.4108 50.5372 124.1975 186.0431 24.3312 115.8837 37.0136 93.231 157.0128 224.1898 57.315 
34.7132 53.8239 125.3237 152.0034 201.3754 47.0107 36.4006 151.9211 152.0692 99.0052 131.1832 56.6128 39.4082 43.8293 146.3217 137.5392 50.5965 29.0001 94.8104 162.8282 161.0777 149.4056 50.5669 117.8814 65.3759 98.1276 88.5269 197.6488 161.1863 127.5618 46.6477 150.7648 140.4316 149.7733 166.7604 118.1187 45.277 132.8534 166.9312 113.2167 137.9312 117.1069 126.669 104.9953 62.0968 62.6499 189.1905 157.0033 94.3664 118.8277 42.7552 37.6432 156.5249 114.8652 31.4007 204.4139 x 31.0162 10.05 111.6289 165.324 90.1389 158.1456 57.8706 107.0702 180.8675 134.6292 126.4359 106.8879 61.3271 105.081 72.0348 140.0894 21.8404 112.7875 42.7201 25.06 190.9058 102.9564 133.2217 116.3874 196.9468 47.17 77.078 21.471 121.495 151.6048 78.5176 126.6058 122.0165 196.1047 80.8085 158.5214 185.5399 100.8465 204.4139 112.9293 74.2429 56.9387 175.4196 
65.4906 34.5399 156.3203 173.2427 221.1652 38.0527 39.3574 147.4111 151.1193 115.6029 147.2991 84.1725 22.0228 37.4834 162.5424 148.5565 51.2446 60.0084 121.3137 182.2225 165.9519 151.3276 80.0813 115.0044 70.2283 105.3424 119.0505 220.1023 175.7869 152.8203 75.2729 181.5931 157.8006 169.853 161.7932 146.5402 23.4095 126.7755 191.2068 108.1666 168.6684 148.1217 157.6231 127.9141 92.5744 66.7309 206.119 180.5437 85.843 143.4504 14.2128 30.8059 173.4417 140.3568 56.3561 227.5633 31.0162 x 31.9532 125.718 192.1303 121.1488 171.9187 57.4892 127.2872 195.3587 131.0612 135.5582 106.5693 57.315 102.0197 102.5915 166.9642 11.1804 143.2656 60.1083 48.7648 209.7452 131.3089 154.1494 142.0423 216.8364 76.6878 102.0834 45.6181 152.0692 178.017 88.5495 138.192 127.35 213.8061 106.6772 153.6393 207.1932 117.2008 223.6807 138.7553 105.2332 34.9858 193.0027 
35.1284 47.854 126.0041 144.8103 193.8067 38.8974 26.8329 142.0459 142.0423 90.3384 122.5399 52.326 45.277 35.3837 137.7426 128.0626 40.8535 31.6229 89.8889 155.0807 151.1193 139.3593 48.2702 107.9677 55.3264 88.2044 87.6927 190.9661 152.3156 122.0042 43.3245 150.5624 132.0985 142.2007 156.895 114.6343 50.329 123.1301 160.9628 103.4651 140.428 118.106 127.0355 98.2905 61.2945 52.6119 180.8536 150.6952 85.0883 112.9293 41.0489 29.833 148.125 109.403 25.0001 198.0102 10.05 31.9532 x 102.5281 160.7017 91.1374 149.1209 48.1042 99.4033 172.0117 124.7238 116.7263 96.8815 51.8846 95.2104 71.3443 135.4844 25.6126 115.9484 33.6156 17.6919 183.052 99.4033 125.877 111.0181 189.4018 52.4787 71.2181 14.2128 124.4268 146.7277 68.7315 117.1752 112.0403 187.9629 75.4521 148.6608 178.5498 92.1359 196.6978 107.6477 75.1067 51.6237 167.2155 
99.0052 108.9313 132.3217 58.9407 99.2019 94.1117 86.5333 86.7699 74.4044 15.5243 22.8036 73.8242 145.3617 92.1955 37.4834 28.2844 77.2335 106.1698 62.4821 61.4004 62.6499 62.9683 85.7089 65.4906 58.6942 31.0484 99.1263 104.7856 50.12 64.8461 82.1524 141.0143 34.67 52.2016 98.1836 85.2116 148.718 82.2254 86.4697 72.007 159.0221 130.0962 130.1154 42.012 93.4078 62.2255 80.9198 74.3304 81.0433 56.365 124.6316 97.0053 48.7956 60.5393 82.5652 114.0176 111.6289 125.718 102.5281 x 101.7105 115.0044 46.6155 73.5528 28.018 69.7712 74.0001 24.8396 55.0092 78.1026 64.1951 95.6348 84.1191 125.2199 147.1463 68.9494 87.092 86.5564 78.4921 43.0466 62.2657 95.2104 123.3289 55.7137 90.5208 151.1623 88.4591 38.21 17.7201 36.6743 89.1404 59.034 92.2823 90.3771 13.6016 100.7672 62.129 107.336 113.9518 68.5931 
134.0635 190.7067 85.7089 51.6237 75.2862 174.5681 160.627 185.4401 170.4612 97.0465 86.9771 108.7245 204.7267 171.1287 84.5341 112.3611 158.8082 142.4255 70.8309 64.4439 147.1395 156.9523 115.8837 167.2006 145.911 131.0612 88.4817 54.2311 95.2104 41.2312 118.8109 72.1804 78.3902 60.0334 194.538 49.6791 210.509 183.6356 25.8071 173.4879 110.0046 91.0056 81.615 69.4263 108.9037 148.4892 88.7526 33.0152 179.2792 51.4199 197.6867 172.6993 80.4488 52.5548 135.8309 54.2311 165.324 192.1303 160.7017 101.7105 x 100.1849 99.5692 158.8617 78.1026 101.1782 174.7485 121.0373 156.3874 165.4238 165.1485 101.4151 25.239 186.1425 116.7091 134.8519 143.3877 76.4789 63.6554 59.6658 50.6953 72.1111 144.1701 90.3384 146.6323 114.1272 14.5603 128.004 109.8955 136.8942 86.7699 85.4752 190.0659 53.4884 97.0053 80.6537 53.7123 107.6477 196.0868 79.3978 
56.0358 136.4992 35.2279 116.0173 162.7791 123.2275 107.0048 193.1451 185.0677 99.9851 120.8057 52.1537 125.172 119.1051 131.2441 141.8521 114.3898 61.2047 55.0819 132.0153 177.6543 175.8893 46.8189 162.1143 114.0571 125.9922 16.4925 148.7617 148.2769 79.2276 53.4884 61.6848 122.7845 119.1513 206.8672 52.8868 132.0039 180.624 114.2848 162.8896 51.4783 27.0001 36.8783 78.1602 31.9532 114.2367 163.0277 109.6587 154.6933 77.1039 132.0342 116.499 136.4735 70.0644 73.7632 151.8224 90.1389 121.1488 91.1374 115.0044 100.1849 x 148.6776 119.0127 90.8241 164.6148 176.7768 139.4311 148.6608 125.8015 152.8955 23.3239 79.057 111.5438 32.6498 85.907 79.8312 157.385 45.0001 103.6968 70.0072 158.534 50.9903 60.2164 81.2159 38.4188 90.8241 109.0414 132.3783 146.4002 166.1085 56.0804 199.5847 141.5981 101.7105 167.4516 67.0672 16.0313 141.0568 149.1209 
143.2656 152.7515 157.4294 48.0105 63.3247 138.8093 132.5935 95.0475 78.0065 59.6658 29.0001 116.2111 191.8568 137.3063 17.8886 26.6272 122.3194 150.9206 93.6217 37.0001 49.4774 64.0001 128.1914 90.0778 103.228 70.0358 132.1856 78.0065 6.0829 77.936 125.6743 158.4046 26.4009 39.8247 100.6033 106.0661 195.0591 100.8961 76.0264 99.3178 185.1514 157.5818 154.3536 70.6117 133.1842 106.8317 38.9488 66.5734 115.9354 74.6861 170.0177 142.5799 19.2355 81.4372 128.5769 88.0058 158.1456 171.9187 149.1209 46.6155 99.5692 148.6776 x 117.8008 59.2116 23.6009 90.0279 41.6174 85.2351 121.3797 95.0159 133.0903 92.7632 171.7587 178.6758 115.5207 133.4542 49.7294 105.6883 48.0209 82.2923 60.4153 166.2439 95.0212 136.9271 180.8675 90.7856 83.5285 34.7132 57.7063 48.3012 96.3329 98.046 64.1951 57.7236 62.9683 84.1725 144.5338 157.493 31.4007 
70.7673 35.3837 150.2166 128.281 172.4675 21.0951 21.5871 94.1117 95.2576 67.4167 96.2602 67.6758 79.2466 20.2486 111.0181 92.9625 7.2802 72.3465 93.0485 134.015 108.4667 94.2604 72.4708 60.2081 14.8662 48.7648 109.4167 175.6418 122.2866 117.6309 65.7648 170.0383 107.8148 123.1464 108.9313 122.0042 80.7776 75.0268 151.3969 55.3625 170.4876 143.9619 150.0001 89.5601 87.2068 11.4019 154.2531 139.6174 38.2885 107.4478 52.7732 26.6834 122.348 106.8879 47.6341 184.2011 57.8706 57.4892 48.1042 73.5528 158.8617 119.0127 117.8008 x 83.6721 141.4002 76.9026 79.1771 50.0401 7.0712 47.297 95.8542 135.3293 61.0738 149.2181 33.106 44.5983 160.0313 108.1158 109.6587 108.8532 168.3717 95.0159 73.0069 45.6071 156.5887 144.3088 35.4684 83.2347 69.9215 162.6408 79.0254 100.6877 161.6973 68.5056 174.2298 106.3674 104.2354 40.46 142.1444 
86.4003 117.8347 105.1191 46.011 94.4035 101.8726 90.4269 114.6125 102.4159 19.0264 30.4139 58.2496 144.4612 99.0203 43.1046 51.6237 85.0883 94.557 36.2354 55.7585 88.6003 90.7856 70.0358 91.2141 69.642 53.6005 74.4649 93.2364 60.0084 38.4709 68.4106 113.0045 35.5107 42.802 126.1944 57.2015 148.9229 108.7843 67.7792 96.5092 132.2007 103.4699 102.7279 14.1422 74.0271 72.6155 83.2167 55.9465 101.1782 29.1205 129.3214 102.2009 51.4199 32.6498 75.8025 101.2572 107.0702 127.2872 99.4033 28.018 78.1026 90.8241 59.2116 83.6721 x 78.5176 101.2374 52.4024 79.4293 89.694 87.6927 73.9798 57.8706 124.3263 122.1025 67.2087 82.0976 83.8631 51.2251 26.9073 34.4385 90.0001 107.9121 36.1249 85.7031 125.3995 64.0001 50.4481 43.2783 64.4982 89.4708 37.1215 120.2207 79.9813 19.2355 97.35 34.1322 85.5103 123.1667 69.0798 
164.3473 176.3237 169.2484 53.2354 47.0426 162.4101 156.0642 111.1981 93.7444 81.933 50.0001 136.6237 215.1326 160.8976 35.5107 49.5178 145.9076 172.2441 110.2906 37.4434 62.394 80.2809 148.4925 111.0181 126.8268 93.5095 148.2229 67.0523 19.6978 88.8652 146.5095 166.5804 43.1046 47.17 114.2805 117.9535 218.4423 119.9709 75.6638 120.5696 196.8655 170.4964 165.8494 88.0058 152.1612 130.4302 20.0001 69.2027 138.4053 88.0739 193.6002 166.1386 28.1604 95.1263 150.8411 76.6552 180.8675 195.3587 172.0117 69.7712 101.1782 164.6148 23.6009 141.4002 78.5176 x 108.8486 64.4439 107.4152 144.9415 117.0685 151.0299 100.2398 194.9873 193.0804 138.3981 156.0161 34.5255 120.2207 61.0001 95.5668 45.3983 186.4243 114.6299 159.5307 194.3657 95.4412 107.0702 58.2581 79.6305 29.1549 115.1565 113.1372 55.4618 80.0563 45.1 98.0613 162.1513 181.0443 22.0228 
141.032 99.4083 200.6017 127.3186 153.2874 93.1934 98.4887 17.4643 22.3608 83.6482 88.5665 126.3726 153.0295 94.5305 96.047 66.1212 84.1725 144.9001 131.4687 123.1991 50.6064 30.6106 135.8014 16.7632 70.7744 51.2251 162.8559 166.9732 96.1042 138.8417 129.85 212.8498 99.1263 119.1513 32.3111 157.4707 153.0524 11.1804 156.7196 23.0869 225.6104 196.7969 199.0227 114.4946 148.3948 72.8012 127.7812 145.0001 46.6906 130.1731 122.2008 101.5973 105.4752 133.8246 118.0721 176.9182 134.6292 131.0612 124.7238 74.0001 174.7485 176.7768 90.0279 76.9026 101.2374 108.8486 x 54.2311 29.1549 74.6727 29.6143 154.2531 158.114 136.7188 209.3228 100.648 117.7838 139.7141 148.4083 115.1218 135.6504 150.4428 166.8833 117.7965 119.7749 215.0024 162.0155 68.1176 65.3759 37.8551 137.2663 123.0651 24.1662 152.6435 82.7346 152.6107 135.0853 165.097 101.9658 121.3961 
118.9497 113.1593 157.137 73.1096 103.4699 100.2398 96.4625 64.5137 50.6064 39.4463 34.3658 95.8802 156.5408 99.2825 42.7552 15.0001 84.5814 125.3995 87.3213 70.0358 38.6265 38.4188 107.4478 50.2196 65.3912 30.4139 123.7135 114.3373 47.17 87.2354 103.1602 165.2393 45.0001 65.0078 74.7062 109.4807 158.9592 64.0001 102.4891 58.8219 183.8615 154.9323 154.8968 66.5283 116.4561 68.9421 80.4551 90.7966 74.3304 79.6117 131.9471 105.1904 53.1602 84.4039 100.0001 124.1492 126.4359 135.5582 116.7263 24.8396 121.0373 139.4311 41.6174 79.1771 52.4024 64.4439 54.2311 x 43.8293 81.8353 53.6657 119.4363 106.0237 136.9709 171.7237 84.2913 103.2377 89.9612 103.2764 61.4004 86.0234 100.0901 144.184 79.6054 106.3815 175.8893 108.7843 48.0522 11.1804 17.2628 89.694 83.3548 69.4623 99.8249 37.736 103.7546 86.2149 131.0955 117.6436 71.1759 
111.8929 77.7947 173.8995 113.1372 147.2312 68.5931 71.3443 46.5297 45.277 60.6384 74.5253 97.673 128.5614 69.181 85.7031 58.6687 57.1403 115.8707 105.9907 112.6411 61.3271 44.9111 106.8271 13.4537 42.0596 25.9616 135.248 157.0033 90.9176 117.8856 100.8019 187.8431 86.3482 105.7214 61.27 133.3305 129.4026 32.0157 141.3543 17.1173 198.2172 169.6144 172.5689 91.4823 119.6705 44.3848 124.1693 129.2479 31.1449 108.4667 99.4637 76.1053 96.5661 111.1262 89.0001 166.6434 106.8879 106.5693 96.8815 55.0092 156.3874 148.6608 85.2351 50.0401 79.4293 107.4152 29.1549 43.8293 x 49.2545 9.849 125.8731 137.2954 111.0046 181.0691 71.5543 88.9551 133.7536 122.9838 98.046 113.0532 143.7812 137.768 90.6974 91.0825 187.0188 142.7902 39.6233 53.1414 27.803 133.4617 96.255 53.2354 142.4431 60.2081 147.5806 111.9733 136.5175 81.345 114.9653 
76.6943 31.4007 157.1911 133.8433 177.2598 19.4166 25.06 91.5916 94.0001 72.9453 100.8961 74.6325 79.3096 20.0001 115.4341 96.0209 12.0417 77.7947 100.0201 139.0325 109.2017 94.048 79.1582 58.2152 20.1247 51.6141 116.3874 181.1078 126.0636 124.1975 72.4501 177.1018 112.6145 128.4719 106.3016 129.0001 80.231 71.8402 157.4707 52.3928 177.2795 150.8808 157.0033 96.047 93.9416 17.0881 158.392 145.6195 33.2867 114.0045 50.9216 27.0186 126.811 113.6003 53.8239 189.7895 61.3271 57.315 51.8846 78.1026 165.4238 125.8015 121.3797 7.0712 89.694 144.9415 74.6727 81.8353 49.2545 x 45.1775 102.6938 142.0423 62.129 155.7948 39.925 50.2495 164.6573 115.1565 115.3821 115.5726 173.2196 100.4491 80.0251 50.9314 163.2484 150.8808 40.497 86.6834 71.3093 166.9312 86.0524 98.0613 167.057 73.9257 178.8688 113.1372 110.91 36.1249 146.5777 
113.1593 71.5892 179.3879 122.6419 157.0797 64.0001 68.8841 46.8403 49.1631 68.7315 84.1725 101.2374 124.0364 65.1231 95.5197 68.4764 54.5712 116.469 112.539 122.4133 68.9639 51.2641 109.6587 13.0385 42.1901 34.1322 140.0894 166.7604 100.7225 126.1508 103.3926 194.34 96.047 115.3171 61.6848 140.4067 124.4027 28.8445 150.652 10.0001 203.0888 174.7342 178.2387 99.2473 123.0692 43.8293 133.959 138.5209 22.0228 116.5591 93.9043 72.1735 106.405 118.8782 89.8889 176.3775 105.081 102.0197 95.2104 64.1951 165.1485 152.8955 95.0159 47.297 87.6927 117.0685 29.6143 53.6657 9.849 45.1775 x 129.8346 145.5233 107.2987 185.0433 72.6706 89.0057 143.6002 129.4682 107.2288 120.8306 153.6295 138.7553 96.255 90.8021 191.314 151.4002 44.4186 62.9683 37.4434 143.2656 102.0001 53.451 152.2006 68.4691 157.4199 119.5702 140.1215 74.7263 124.812 
37.3632 114.8565 55.5789 106.3016 155.361 101.0001 84.7232 170.8363 163.4443 80.231 104.3936 28.8445 109.5629 96.8815 116.3487 123.3289 91.4167 44.3848 41.3039 121.3426 157.9906 154.871 24.3312 139.3163 90.736 103.8558 16.4925 144.5062 133.4542 71.868 30.8059 79.2276 108.1666 107.9121 184.7648 51.7398 116.1078 157.7626 110.4763 139.8178 74.6861 48.5078 56.1428 63.0318 10.05 90.9176 151.954 103.6196 131.3698 66.9404 112.3611 94.763 123.0001 60.4402 51.6237 149.0035 72.0348 102.5915 71.3443 95.6348 101.4151 23.3239 133.0903 95.8542 73.9798 151.0299 154.2531 119.4363 125.8731 102.6938 129.8346 x 77.421 93.8617 55.2269 62.7695 58.2152 148.2769 38.5877 91.3511 61.0329 150.9604 42.802 39.925 60.0334 61.6118 89.6271 86.2671 113.2962 125.0961 156.1795 37.1081 177.3416 135.418 82.0793 159.6247 57.5675 11.7048 119.6036 137.7136 
109.0414 166.3792 71.7009 47.0107 86.0059 150.2832 136.0148 170.3086 156.5249 76.792 73.7836 83.4866 179.4938 146.7516 75.6638 99.86 134.8519 117.4565 45.6509 63.0715 136.6054 143.6559 90.7856 148.933 122.9188 111.4631 65.742 69.8571 89.6438 19.4166 93.6003 66.3703 68.0148 53.8239 180.6766 26.4009 185.2702 166.2078 35.5107 154.3795 98.4887 75.0268 67.8971 47.0001 84.3861 125.2997 92.3473 33.5411 158.0507 29.069 172.7224 148.0609 75.0001 28.443 110.6392 72.8012 140.0894 166.9642 135.4844 84.1191 25.239 79.057 92.7632 135.3293 57.8706 100.2398 158.114 106.0237 137.2954 142.0423 145.5233 77.421 x 160.91 100.0801 110.1364 118.2075 83.1866 39.0513 46.4005 26.4765 82.055 120.2083 65.3912 121.4332 99.1263 12.2067 106.019 95.2576 120.553 92.9625 60.3739 175.4538 64.0313 77.1039 91.0495 29.1205 84.5992 171.747 80.231 
56.5156 43.5661 146.7686 169.9942 218.6528 43.738 40.7923 153.4439 156.0514 114.0571 146.1233 77.5243 20.2486 42.1901 161.3847 149.3453 54.2311 50.3588 115.3777 179.8056 169.0119 155.3223 72.2358 120.3371 72.3672 107.2008 110.3541 216.3794 175.317 147.6111 67.978 172.4559 156.1603 167.1078 168.0239 139.5315 24.7589 133.1804 186.5611 114.1272 158.3162 138.4378 148.2229 123.762 83.9346 69.0508 204.7927 176.2414 92.65 138.5389 25.239 35.1284 172.0379 135.0001 50.6064 223.5174 21.8404 11.1804 25.6126 125.2199 186.1425 111.5438 171.7587 61.0738 124.3263 194.9873 136.7188 136.9709 111.0046 62.129 107.2987 93.8617 160.91 x 132.7404 57.4283 43.2783 207.6248 124.3263 150.9869 136.6054 214.2733 65.9243 96.8298 39.8247 141.5981 172.2354 89.1965 138.7156 130.0501 212.1746 101.0199 159.8125 203.8236 115.7628 221.4002 133.2217 95.755 44.822 191.3767 
81.5967 163.1749 32.2026 142.2745 186.0243 151.159 135.248 225.7544 217.7063 132.3066 151.5389 83.869 143.0316 147.0783 160.9628 173.5397 144.0591 84.4039 85.907 158.6759 209.7547 208.4347 76.8506 194.5175 145.4271 158.6191 48.0209 169.1864 177.7752 105.0763 83.5285 57.3848 152.4271 146.5095 239.5079 76.3218 150.0301 212.9813 135.37 195.0206 26.306 25.71 36.2492 108.8532 62.4261 145.3411 189.5258 133.0151 185.828 105.0191 155.5411 143.6176 165.1697 97.9848 102.4159 170.6577 112.7875 143.2656 115.9484 147.1463 116.7091 32.6498 178.6758 149.2181 122.1025 193.0804 209.3228 171.7237 181.0691 155.7948 185.0433 55.2269 100.0801 132.7404 x 116.2842 107.5408 182.2746 73.0822 132.1856 97.5142 182.0028 67.0672 92.801 108.2683 9.0555 110.5487 141.4497 164.3473 179.0113 191.5882 88.4817 232.2069 164.1098 133.9889 191.0027 95.079 45.2218 167.3351 176.0825 
40.497 56.886 117.4437 113.1372 161.3352 41.1948 25.9616 118.0721 115.1087 56.8244 89.0057 34.9286 77.6661 37.3364 104.2354 94.9211 28.8618 44.3848 65.2535 122.4419 120.2041 110.422 39.4463 84.2201 30.6106 57.4283 76.6552 160.0313 118.7014 94.3664 32.7568 138.1775 98.7928 109.8773 132.8233 93.2149 81.8353 101.5136 131.7461 82.2011 137.3828 111.0001 117.3883 68.2423 54.1203 29.6986 147.4925 120.8016 69.8141 84.5992 63.2852 37.9474 114.7389 82.3469 17.4643 167.6008 42.7201 60.1083 33.6156 68.9494 134.8519 85.907 115.5207 33.106 67.2087 138.3981 100.648 84.2913 71.5543 39.925 72.6706 62.7695 110.1364 57.4283 116.2842 x 19.0001 150.2066 78.5176 94.048 84.1725 156.9746 66.2421 44.9223 22.0908 123.5477 120.4202 37.1215 83.9525 81.615 154.7774 50.4481 124.7799 147.0851 58.5919 164.0123 81.1543 71.197 62.1692 133.9889 
26.6272 56.7187 113.7454 127.2832 176.4654 43.6579 27.7309 135.248 133.2405 74.0946 106.231 35.7352 62.9366 39.5602 121.3343 113.6003 38.21 27.803 72.5604 137.8442 139.1762 129.066 34.0148 101.1337 47.0107 76.3218 74.0069 173.312 136.3563 104.4032 28.0714 137.0037 115.3821 124.852 150.0834 98.0817 68.0148 117.7201 143.283 98.1123 130.6485 106.3674 114.3548 80.6227 48.3736 45.1775 164.1372 133.0039 82.8795 95.2681 55.7854 36.6743 131.4839 91.8369 7.6159 180.3248 25.06 48.7648 17.6919 87.092 143.3877 79.8312 133.4542 44.5983 82.0976 156.0161 117.7838 103.2377 88.9551 50.2495 89.0057 58.2152 118.2075 43.2783 107.5408 19.0001 x 165.8946 82.8735 108.4067 93.4774 172.0466 50.4481 53.6005 3.6057 115.5207 129.3214 56.0804 102.5915 100.4989 171.0469 57.9829 141.9473 160.9628 75.9606 179.4465 90.1389 64.0313 61.4004 150.3597 
168.861 195.4125 154.871 41.9763 13.6016 180.347 171.4061 143.8924 126.5702 94.2604 63.781 140.2356 227.8465 178.191 49.4066 75.3924 163.3555 177.2795 107.2008 28.1781 96.0053 112.752 151.3474 139.5171 145.1655 115.3777 141.7957 33.106 43.6808 78.1602 150.8808 147.0545 52.326 41.6294 148.0136 106.0425 232.0023 150.6155 51.0785 148.5565 181.6041 157.8133 151.0829 88.3913 151.6477 148.6608 15.2316 49.6489 163.7682 81.3942 210.1548 182.5213 38.0133 88.1193 159.6654 42.3793 190.9058 209.7452 183.052 86.5564 76.4789 157.385 49.7294 160.0313 83.8631 34.5255 139.7141 89.9612 133.7536 164.6573 143.6002 148.2769 83.1866 207.6248 182.2746 150.2066 165.8946 x 112.539 58.6942 87.8238 11.0001 187.8564 117.3883 169.4994 181.9946 75.0001 124.5794 81.0063 106.7756 10.2957 116.1078 146.3422 24.0833 92.7632 14.2128 91.0825 158.3194 200.472 18.7884 
70.6046 135.3404 53.9074 71.0283 118.4568 119.7081 104.2354 163.2177 152.3976 65.4371 79.1771 47.17 142.1725 115.8491 87.9205 102.65 106.019 78.8734 17.0001 87.0231 139.8071 141.4285 52.6973 136.0001 98.153 97.6167 29.2747 106.231 104.6949 34.5255 56.3561 64.8846 79.3789 74.2429 175.6959 15.2316 148.2229 154.4346 72.014 139.205 81.0248 52.4787 51.6237 37.2023 45.3432 99.7247 118.0382 65.8028 137.2772 32.2491 138.5209 115.9182 92.1955 25.1795 75.2729 110.4763 102.9564 131.3089 99.4033 78.4921 63.6554 45.0001 105.6883 108.1158 51.2251 120.2207 148.4083 103.2764 122.9838 115.1565 129.4682 38.5877 39.0513 124.3263 73.0822 78.5176 82.8735 112.539 x 59.2285 25.0201 114.1404 81.2713 35.2279 85.7964 75.2397 51.2251 85.7031 94.4935 113.7015 121.1488 29.1549 169.2012 97.8009 66.7084 122.9838 22.2037 46.8189 140.5775 104.173 
110.1682 144.2672 109.5902 19.1051 68.2643 128.4135 117.2903 125.8731 111.2341 42.5442 27.7309 81.5415 171.0586 125.6703 30.2325 53.7123 111.5169 118.5961 50.09 30.6758 90.211 97.9899 92.6985 108.1666 95.2576 73.6818 87.3671 66.4004 46.0978 30.0001 92.1955 110.7521 22.0228 17.0881 135.3847 58.1379 175.6418 124.1693 43.5661 115.0044 137.3209 110.1364 106.4379 29.7322 93.7444 98.4125 60.6713 31.4007 123.3573 27.203 156.2051 129.0156 32.9849 34.2054 101.8333 74.6258 133.2217 154.1494 125.877 43.0466 59.6658 103.6968 48.0209 109.6587 26.9073 61.0001 115.1218 61.4004 98.046 115.3821 107.2288 91.3511 46.4005 150.9869 132.1856 94.048 108.4067 58.6942 59.2285 x 34.7852 63.8123 129.5416 58.6942 112.0046 133.7648 47.5396 75.2397 50.2893 77.2788 65.5211 57.5675 130.6332 53.0755 41.7853 71.5892 37.1081 102.0785 149.5661 46.3898 
87.4587 140.0894 75.1799 46.0978 94.3717 123.9678 109.9319 149.0035 136.4589 52.4977 57.6282 60.1083 155.7082 120.4866 64.4051 82.7346 108.416 96.047 22.0228 62.0082 120.2166 124.4027 69.0291 125.2279 96.5195 87.092 54.0834 84.2201 80.7776 11.4019 70.7249 79.3978 55.9018 49.2545 160.3778 24.2075 161.208 143.0246 51.2251 130.0001 102.8835 75.3924 72.2012 21.5871 65.742 98.8586 93.0216 42.9419 132.3066 7.6159 147.1395 122.0042 67.7201 2.0001 86.0234 89.6271 116.3874 142.0423 111.0181 62.2657 50.6953 70.0072 82.2923 108.8532 34.4385 95.5668 135.6504 86.0234 113.0532 115.5726 120.8306 61.0329 26.4765 136.6054 97.5142 84.1725 93.4774 87.8238 25.0201 34.7852 x 89.989 102.4159 39.9626 96.835 98.9799 36.2492 80.0563 76.0593 98.8839 96.255 35.6091 154.5478 74.4649 53.1414 98.7169 3.6057 70.6117 145.4649 79.1582 
173.5196 203.7082 153.5514 45.6181 4.4722 188.4305 178.9107 154.829 137.5246 101.8333 72.4225 144.9035 234.4377 186.1318 58.6687 85.7031 171.4061 182.0248 110.3858 34.6555 107.0048 123.6852 155.6825 149.8934 153.5253 124.6797 143.3772 23.6009 54.3416 79.6242 155.6536 143.8403 60.6054 47.2018 159.0127 106.3016 238.8013 161.3011 47.854 158.827 179.7471 157.0797 149.6564 93.0592 154.984 156.9746 25.71 49.0919 173.5196 84.1191 217.789 190.2237 47.4132 90.5208 165.5839 32.2026 196.9468 216.8364 189.4018 95.2104 72.1111 158.534 60.4153 168.3717 90.0001 45.3983 150.4428 100.0901 143.7812 173.2196 153.6295 150.9604 82.055 214.2733 182.0028 156.9746 172.0466 11.0001 114.1404 63.8123 89.989 x 191.4812 122.1189 175.6503 181.1768 72.6912 132.9098 90.8021 117.0471 18.3577 120.3413 157.3182 18.6816 100.4491 9.0001 93.4078 160.5616 208.8302 29.1205 
26.0001 100.2398 85.0707 146.1096 195.9312 90.8021 76.4854 184.2961 180.6932 108.1158 137.2954 50.0401 76.2366 87.0058 150.9604 151.5587 88.4591 22.6717 81.1543 160.1625 182.2225 174.8743 38.0527 150.4561 96.5661 121.4332 56.6393 186.5316 167.6724 113.6003 41.1948 112.3611 143.4016 146.5641 199.0227 94.4935 83.2167 167.5859 152.817 148.1115 93.0055 76.2431 87.3156 99.9251 36.6743 95.1316 189.9317 145.3445 133.3043 107.5408 89.5601 82.0976 159.1384 101.553 48.8775 191.4002 47.17 76.6878 52.4787 123.3289 144.1701 50.9903 166.2439 95.0159 107.9121 186.4243 166.8833 144.184 137.768 100.4491 138.7553 42.802 120.2083 65.9243 67.0672 66.2421 50.4481 187.8564 81.2713 129.5416 102.4159 191.4812 x 71.8472 49.5178 76.0264 132.4123 101.2424 140.6984 145.2068 195.0591 72.0348 191.0027 176.7768 110.1137 199.9201 98.8434 37.8022 103.7546 175.6162 
51.4783 101.6367 83.2167 76.5377 126.59 85.7031 70.8803 133.69 124.9641 40.3114 66.0304 22.8474 116.181 82.0001 79.2276 83.5226 71.2532 59.9334 20.3962 89.3198 118.106 115.6764 34.2054 104.0434 62.9683 66.6034 45.277 120.8802 96.0834 50.8036 33.5411 98.9799 71.5682 75.7695 147.1055 49.0409 121.5114 122.6419 89.8722 106.1745 107.8148 79.0254 81.9879 29.069 38.3276 64.4982 118.4062 79.9813 102.4891 41.7733 107.3547 82.8614 87.2984 38.2754 46.2278 127.405 77.078 102.0834 71.2181 55.7137 90.3384 60.2164 95.0212 73.0069 36.1249 114.6299 117.7965 79.6054 90.6974 80.0251 96.255 39.925 65.3912 96.8298 92.801 44.9223 53.6005 117.3883 35.2279 58.6942 39.9626 122.1189 71.8472 x 57.0089 97.7447 76.0593 51.8846 73.3895 86.2149 123.9759 6.0829 140.0144 109.2887 42.1546 130.1462 36.7152 51.6237 106.9627 104.1202 
26.8329 55.3174 115.4341 130.8741 180.0695 42.9536 27.4592 137.2335 135.5951 77.621 109.7726 38.6265 59.3971 38.9103 124.888 116.9018 38.9488 26.8702 75.8025 141.4497 142.0881 131.6853 36.0556 103.0777 49.0409 79.1582 76.0264 176.8673 139.8643 107.8008 30.4139 139.0576 118.9623 128.4563 152.0856 101.0199 64.5369 119.4195 146.755 99.7648 131.7347 107.9121 116.1552 84.1725 50.09 47.0107 167.7201 136.5175 83.869 98.7169 53.1508 35.4402 135.0593 95.2104 10.8168 183.8533 21.471 45.6181 14.2128 90.5208 146.6323 81.2159 136.9271 45.6071 85.7031 159.5307 119.7749 106.3815 91.0825 50.9314 90.8021 60.0334 121.4332 39.8247 108.2683 22.0908 3.6057 169.4994 85.7964 112.0046 96.835 175.6503 49.5178 57.0089 x 116.3788 132.6085 59.0086 105.9057 103.3103 174.6426 61.2945 143.9237 164.5419 79.4797 183.052 93.4774 65.3071 59.8416 153.9514 
89.8444 171.4527 28.443 142.7726 185.0974 159.1761 143.1713 231.2337 222.6792 136.6054 154.305 90.4435 152.0527 155.0807 163.0492 177.0029 151.6081 92.9625 89.1853 159.2483 213.6002 213.0377 84.1191 200.472 152.2663 164.055 52.4977 167.362 179.672 105.7593 90.8241 51.0393 154.5058 147.462 244.8061 76.6878 159.0504 219.0001 134.0038 201.3083 17.2628 24.1869 32.5577 111.8259 69.4623 152.3221 189.8895 132.4576 192.8161 106.5693 164.2347 151.7894 166.6764 99.6244 110.1682 168.3153 121.495 152.0692 124.4268 151.1623 114.1272 38.4188 180.8675 156.5887 125.3995 194.3657 215.0024 175.8893 187.0188 163.2484 191.314 61.6118 99.1263 141.5981 9.0555 123.5477 115.5207 181.9946 75.2397 133.7648 98.9799 181.1768 76.0264 97.7447 116.3788 x 109.0184 147.4111 168.1191 183.8615 191.5099 93.0861 237.6259 163.0277 138.2209 190.1684 96.7989 52.3547 175.6845 176.7061 
120.967 176.1733 81.0556 43.1394 76.42 160.0313 146.1541 173.2975 158.7735 83.0061 75.2397 95.0001 191.0106 156.6047 74.6325 101.0793 144.2499 129.418 56.8596 58.0087 136.8577 145.4992 102.65 153.8832 131.4003 117.2733 77.8268 58.6942 87.0001 26.6834 105.2617 72.2358 67.7423 50.9903 182.9236 38.4709 196.6978 170.6284 25.0201 159.9063 107.0562 85.147 77.1039 54.9182 96.5402 133.959 85.4928 26.4198 165.1092 36.8783 183.3577 158.2309 72.1389 38.079 121.795 61.0329 151.6048 178.017 146.7277 88.4591 14.5603 90.8241 90.7856 144.3088 64.0001 95.4412 162.0155 108.7843 142.7902 150.8808 151.4002 89.6271 12.2067 172.2354 110.5487 120.4202 129.3214 75.0001 51.2251 47.5396 36.2492 72.6912 132.4123 76.0593 132.6085 109.0184 x 113.6355 97.7395 124.1935 85.0707 71.3443 178.1377 54.2311 83.0543 81.615 39.3574 96.7472 181.5545 74.4313 
75.2729 70.8379 134.9705 93.4774 137.0001 55.9018 49.1936 85.0001 79.6242 32.6957 60.8277 58.2581 109.0047 54.0371 75.6903 60.1665 39.0513 80.5234 68.9639 98.6003 83.0964 73.7632 67.956 53.0755 20.6156 20.3962 95.802 140.6557 87.6585 87.2068 62.2657 150.4162 72.3465 87.9831 99.2976 97.5142 111.8259 71.5892 117.9535 54.3784 158.8082 130.3573 133.8433 59.034 80.2809 24.0833 119.0967 105.9482 52.3451 77.1039 86.6084 59.0763 86.9771 78.0578 53.9352 149.4123 78.5176 88.5495 68.7315 38.21 128.004 109.0414 83.5285 35.4684 50.4481 107.0702 68.1176 48.0522 39.6233 40.497 44.4186 86.2671 106.019 89.1965 141.4497 37.1215 56.0804 124.5794 85.7031 75.2397 80.0563 132.9098 101.2424 51.8846 59.0086 147.4111 113.6355 x 49.6589 44.5534 127.35 57.6976 91.608 126.5702 33.5411 138.7733 78.2305 97.0001 75.9277 106.7756 
116.069 118.0679 148.3948 62.0323 94.3664 104.293 98.8434 75.5845 61.27 33.2416 23.1949 91.4113 158.6191 102.9273 32.5731 11.0455 87.9831 123.0042 79.057 59.6658 45.4864 48.549 103.2474 60.6713 68.7969 35.3554 116.3616 104.0482 39.6233 76.6617 99.5039 155.4382 34.0589 54.0094 85.4284 99.8249 161.4838 75.0268 91.3511 68.8841 175.4139 146.605 146.0001 57.3848 111.1262 72.4018 72.6224 79.6305 82.7648 69.4047 135.6799 108.4067 43.4627 74.5186 98.6155 113.7806 126.6058 138.192 117.1752 17.7201 109.8955 132.3783 34.7132 83.2347 43.2783 58.2581 65.3759 11.1804 53.1414 86.6834 62.9683 113.2962 95.2576 138.7156 164.3473 83.9525 102.5915 81.0063 94.4935 50.2893 76.0593 90.8021 140.6984 73.3895 105.9057 168.1191 97.7395 49.6589 x 28.018 81.6089 76.5573 80.4115 89.4987 31.321 95.0159 76.4854 125.0001 122.7885 62.2657 
119.3693 101.9658 167.027 90.0057 120.333 90.4766 89.2694 50.12 38.8974 48.2702 51.0393 99.2825 148.933 90.1389 60.0168 31.3848 76.1578 124.9521 97.0825 87.2984 39.1153 29.9667 110.1682 32.9849 57.7063 24.1869 131.366 131.5942 63.506 101.3904 105.1096 177.2288 62.0726 82.0245 62.0082 121.4908 150.6852 47.0957 119.2058 41.7853 193.0519 164.055 165.097 78.2305 120.8306 61.0001 96.6489 107.3779 58.8983 93.0377 122.1967 96.5661 70.3421 97.1289 98.4785 141.4108 122.0165 127.35 112.0403 36.6743 136.8942 146.4002 57.7063 69.9215 64.4982 79.6305 37.8551 17.2628 27.803 71.3093 37.4434 125.0961 120.553 130.0501 179.0113 81.615 100.4989 106.7756 113.7015 77.2788 98.8839 117.0471 145.2068 86.2149 103.3103 183.8615 124.1935 44.5534 28.018 x 106.0048 90.7856 55.7585 117.0855 47.0107 120.4202 98.6155 136.5285 106.0661 88.0228 
175.3284 197.99 164.5753 50.1598 18.6816 183.2513 175.0715 140.2463 122.8089 98.2294 66.7084 146.7788 232.4221 181.2899 51.6625 74.7931 166.3521 183.6574 114.9349 34.9286 91.5479 109.2384 158.114 138.2933 147.8006 116.662 150.3331 41.8809 42.5442 87.0001 157.3055 157.2038 56.0358 48.5078 143.4226 115.278 236.3494 148.314 61.3271 147.5975 191.442 167.3231 160.823 95.2104 159.1258 151.3474 9.4869 59.4391 163.9818 89.5601 213.5721 185.9141 40.46 96.4211 165.0607 50.5372 196.1047 213.8061 187.9629 89.1404 86.7699 166.1085 48.3012 162.6408 89.4708 29.1549 137.2663 89.694 133.4617 166.9312 143.2656 156.1795 92.9625 212.1746 191.5882 154.7774 171.0469 10.2957 121.1488 65.5211 96.255 18.3577 195.0591 123.9759 174.6426 191.5099 85.0707 127.35 81.6089 106.0048 x 123.0814 142.2745 34.2054 96.6076 16.0001 99.4083 166.4603 202.9508 20.8088 
53.3386 107.2801 77.6661 74.733 124.812 91.4113 76.4004 138.7733 129.6342 43.9091 67.476 25.0001 120.1042 87.6642 80.0001 86.3772 77.1623 61.9113 14.8662 88.2327 121.6554 120.0001 35.3413 109.5537 69.0508 71.8402 40.608 118.0043 97.0207 46.7548 35.8051 92.9732 72.0626 74.6325 152.0297 43.1046 125.6026 128.1406 86.2787 111.8929 102.65 73.7565 76.3218 27.8928 37.0136 70.5763 117.9026 76.8376 108.522 38.2885 112.4012 88.3234 87.4644 34.0589 50.4778 124.1975 80.8085 106.6772 75.4521 59.034 85.4752 56.0804 96.3329 79.0254 37.1215 115.1565 123.0651 83.3548 96.255 86.0524 102.0001 37.1081 60.3739 101.0199 88.4817 50.4481 57.9829 116.1078 29.1549 57.5675 35.6091 120.3413 72.0348 6.0829 61.2945 93.0861 71.3443 57.6976 76.5573 90.7856 123.0814 x 145.0415 106.8505 45.6509 128.5497 32.2026 48.7648 112.5878 103.5858 
165.1243 121.0042 222.1464 140.4636 159.6153 116.1078 122.2621 6.7083 20.0999 103.8124 103.0923 149.8066 175.4823 117.7116 107.6895 78.1026 107.9677 169.0563 152.4337 133.8433 50.8036 34.1322 159.5056 40.8535 94.9369 73.5936 185.2621 176.0455 104.0193 156.5408 153.6523 232.9743 112.2944 132.0039 8.2463 177.2485 175.1029 27.0001 170.0736 45.7057 247.6854 218.7534 220.368 133.9889 171.8169 96.9331 132.9663 158.8617 68.0295 148.5296 144.0313 124.7799 115.6245 152.817 142.2147 186.0431 158.5214 153.6393 148.6608 92.2823 190.0659 199.5847 98.046 100.6877 120.2207 113.1372 24.1662 69.4623 53.2354 98.0613 53.451 177.3416 175.4538 159.8125 232.2069 124.7799 141.9473 146.3422 169.2012 130.6332 154.5478 157.3182 191.0027 140.0144 143.9237 237.6259 178.1377 91.608 80.4115 55.7585 142.2745 145.0415 x 162.1975 102.65 158.1456 154.3504 188.3535 123.0651 129.0156 
160.1812 196.6978 135.2369 33.9707 22.2037 181.0111 170.294 159.0127 142.1268 94.3028 68.3521 131.765 223.8081 178.4041 57.0702 86.5795 164.0275 168.7603 95.708 29.833 113.2829 128.0977 142.0212 150.0301 147.0273 121.0786 126.8465 14.5603 58.3096 63.569 142.5799 125.16 56.3029 38.5877 164.7787 88.9551 228.528 163.1105 29.2747 158.3825 161.2453 139.0001 131.3089 80.6041 140.1179 150.3331 38.4188 32.0157 170.8802 69.3182 209.2296 181.9506 47.17 75.2397 154.1591 24.3312 185.5399 207.1932 178.5498 90.3771 53.4884 141.5981 64.1951 161.6973 79.9813 55.4618 152.6435 99.8249 142.4431 167.057 152.2006 135.418 64.0313 203.8236 164.1098 147.0851 160.9628 24.0833 97.8009 53.0755 74.4649 18.6816 176.7768 109.2887 164.5419 163.0277 54.2311 126.5702 89.4987 117.0855 34.2054 106.8505 162.1975 x 93.1934 27.4592 78.0001 144.5442 201.9432 34.482 
86.1453 103.6003 120.2166 59.9417 104.6615 88.091 78.6449 96.7989 85.7031 2.0001 30.4139 60.4071 136.0038 85.7031 45.6509 41.7733 71.0635 93.5362 50.2097 65.856 76.0264 75.0734 72.3396 72.125 53.8517 34.3658 85.9827 107.1869 60.4071 57.7063 69.0073 130.3841 40.608 54.6444 109.0184 74.7931 139.7857 89.8889 84.9 77.2788 146.5777 117.5926 118.1906 31.7806 79.8124 57.1403 89.045 72.8012 82.4925 48.2702 117.4139 89.8054 56.3029 51.2641 70.8803 115.8837 100.8465 117.2008 92.1359 13.6016 97.0053 101.7105 57.7236 68.5056 19.2355 80.0563 82.7346 37.736 60.2081 73.9257 68.4691 82.0793 77.1039 115.7628 133.9889 58.5919 75.9606 92.7632 66.7084 41.7853 53.1414 100.4491 110.1137 42.1546 79.4797 138.2209 83.0543 33.5411 31.321 47.0107 96.6076 45.6509 102.65 93.1934 x 106.8317 52.3928 93.7764 108.8119 75.8025 
181.6041 209.6093 162.5209 53.8517 5.3853 194.5175 185.4563 156.0161 138.6002 108.3006 77.9873 152.9707 241.6031 192.3383 63.6004 89.0506 177.5191 190.079 118.9034 41.6174 107.4664 124.9521 163.8781 153.0132 159.3645 129.53 152.2368 29.833 57.0089 88.4591 163.6858 152.555 66.4832 54.7084 159.3801 115.278 245.8395 163.6002 56.7187 162.1636 188.6638 166.0754 158.6191 101.0793 163.4902 162.8559 25.1795 58.0776 177.7471 92.7201 224.2433 196.6216 52.2016 99.2019 173.1041 37.0136 204.4139 223.6807 196.6978 100.7672 80.6537 167.4516 62.9683 174.2298 97.35 45.1 152.6107 103.7546 147.5806 178.8688 157.4199 159.6247 91.0495 221.4002 191.0027 164.0123 179.4465 14.2128 122.9838 71.5892 98.7169 9.0001 199.9201 130.1462 183.052 190.1684 81.615 138.7733 95.0159 120.4202 16.0001 128.5497 158.1456 27.4592 106.8317 x 102.1079 169.3193 214.6743 32.7568 
83.869 137.2663 73.5732 49.2545 97.8009 121.1653 106.9767 148.718 136.4845 51.6237 58.8219 56.5863 152.2696 117.6436 66.31 83.5465 105.7593 92.4555 18.4392 65.0078 121.0166 124.6316 65.4371 124.3102 94.2604 86.0234 51.0099 87.8181 82.8735 15.0001 67.179 79.0254 57.7755 52.0866 160.3123 23.3453 157.8006 142.2429 54.818 128.845 101.2127 73.4099 70.7249 20.6156 62.1692 96.5195 96.0001 46.5297 130.5528 10.05 144.0036 119.0379 70.0929 3.0001 82.6621 93.231 112.9293 138.7553 107.6477 62.129 53.7123 67.0672 84.1725 106.3674 34.1322 98.0613 135.0853 86.2149 111.9733 113.1372 119.5702 57.5675 29.1205 133.2217 95.079 81.1543 90.1389 91.0825 22.2037 37.1081 3.6057 93.4078 98.8434 36.7152 93.4774 96.7989 39.3574 78.2305 76.4854 98.6155 99.4083 32.2026 154.3504 78.0001 52.3928 102.1079 x 67.2682 142.636 82.055 
40.0126 120.6193 51.0883 116.4003 164.9243 107.564 91.3948 181.8132 174.7485 91.924 115.9182 38.8974 109.8955 103.4457 127.6637 135.0297 99.3178 45.3983 52.0097 131.7461 169.6645 166.3551 31.7649 149.9334 100.2099 115.0001 19.2095 153.0132 144.7792 81.0433 38.4709 76.9026 119.4195 118.4231 195.8495 58.3096 116.662 168.2915 118.7014 150.0734 66.7309 43.0117 52.4691 74.2429 17.2048 100.125 162.5209 112.579 140.6166 76.9416 116.0173 100.6629 134.0598 70.2141 58.1894 157.0128 74.2429 105.2332 75.1067 107.336 107.6477 16.0313 144.5338 104.2354 85.5103 162.1513 165.097 131.0955 136.5175 110.91 140.1215 11.7048 84.5992 95.755 45.2218 71.197 64.0313 158.3194 46.8189 102.0785 70.6117 160.5616 37.8022 51.6237 65.3071 52.3547 96.7472 97.0001 125.0001 136.5285 166.4603 48.7648 188.3535 144.5442 93.7764 169.3193 67.2682 x 125.132 148.3376 
85.8663 5.3853 175.1458 168.3598 212.9273 21.5408 36.3457 117.2093 123.3573 107.6477 136.6932 95.0843 54.7084 25.0001 151.3804 132.0039 38.079 83.2167 127.3461 174.4507 142.6185 125.8731 95.3363 87.0977 55.3174 87.6186 135.2369 215.7801 162.1883 155.0807 89.1404 198.091 148.2735 163.4443 131.0154 155.3642 52.9529 96.0834 190.5152 78.9178 191.3662 167.7261 175.73 127.6324 109.7726 51.8557 194.466 178.9414 55.3264 145.0311 22.136 25.0001 162.733 143.5689 68.1176 224.1898 56.9387 34.9858 51.6237 113.9518 196.0868 141.0568 157.493 40.46 123.1667 181.0443 101.9658 117.6436 81.345 36.1249 74.7263 119.6036 171.747 44.822 167.3351 62.1692 61.4004 200.472 140.5775 149.5661 145.4649 208.8302 103.7546 106.9627 59.8416 175.6845 181.5545 75.9277 122.7885 106.0661 202.9508 112.5878 123.0651 201.9432 108.8119 214.6743 142.636 125.132 x 182.5213 
155.2708 177.5191 150.6852 33.956 32.3111 162.6593 154.3018 126.2538 109.0735 77.421 46.011 126.8268 211.6248 160.6394 31.1449 56.6481 145.7259 163.5269 96.4211 17.4643 79.3096 95.1316 138.3222 120.814 127.2872 96.835 133.0151 47.3815 25.3181 71.0212 137.2444 146.2396 35.2279 30.0001 131.1374 100.0201 215.5413 132.2196 53.7588 129.8076 178.0703 152.6107 147.1225 75.7101 140.0715 130.8168 14.3179 48.0209 145.0139 72.0279 192.8524 165.1939 19.7991 79.057 144.4508 57.315 175.4196 193.0027 167.2155 68.5931 79.3978 149.1209 31.4007 142.1444 69.0798 22.0228 121.3961 71.1759 114.9653 146.5777 124.812 137.7136 80.231 191.3767 176.0825 133.9889 150.3597 18.7884 104.173 46.3898 79.1582 29.1205 175.6162 104.1202 153.9514 176.7061 74.4313 106.7756 62.2657 88.0228 20.8088 103.5858 129.0156 34.482 75.8025 32.7568 82.055 148.3376 182.5213 x 
