50
15
yxgkyomjxk cwdmqazbrs feyxoplowa vudbshhwuj hqzspezetq mlfejljfya jgjmabppfx dqwbulelle tmsxewjmvg zczeqntxlr zlpeagbrja kiqsxzdyja pmlkvumvds zolcpcxvyf atolfdabrg hzlnvrevqi dfsnhlflgl ercckmiqub frpjxxhdzl ghjoeidlwq riraylfnkc wfzcjskenh dxqtzefxjr mrhbjcfmrq uwrlcxuvmr hxgwpthruc jfpegvbxzj fdarcjekcs nuhaokcdsy lwutybkink baqrfcdqgq wcuhreqpsb wzguusufob xopvebljbc jbjsvsuraw fathmrarmu imoynregls rblqbbolzt fckxnwqqts oaqeywkmly lwpniynici tzadhvpsjb zpnummznon jluxizczgf zaleonoxwk pvjbjcmxxr xplgqrhdjb oethlowatg umsvcpgcge nlzrbkkyqa
baqrfcdqgq umsvcpgcge uwrlcxuvmr hqzspezetq dxqtzefxjr ercckmiqub rblqbbolzt lwpniynici frpjxxhdzl nlzrbkkyqa nuhaokcdsy jfpegvbxzj riraylfnkc atolfdabrg zaleonoxwk
yxgkyomjxk
x 553519750.7991 392190528.7685 256463232.5411 404678047.9195 x 290985817.5864 412870274.9092 270517227.3124 x 155579732.807 907238239.526 854193774.058 331385353.5343 45606790.5559 x 829236025.7774 789779048.9531 x 79832133.3501 310743500.4954 205271980.613 535393506.1705 309691263.0372 574193411.0387 197876636.4627 227732736.0877 491411155.4072 341472437.7138 x 562001222.7922 842598358.7422 x 125092335.4717 x 499849008.0906 241355857.9765 367908311.7073 x 786483174.0266 406572717.9777 402609190.8362 134957920.2102 566666421.0649 473457821.4961 444454778.4291 783843338.0598 208168968.4866 317609304.821 823902386.278
553519750.7991 x x 534637612.8088 x 189859933.7358 530690810.8416 725246261.7573 660763210.7891 702326042.3408 x 584613849.9806 x 478624081.8334 539084951.679 x 345326027.4899 x 560879581.6461 495653522.044 492813564.939 356878161.4163 829082552.3441 781270903.2396 724520382.4705 621130069.7125 723558804.6897 x 649970497.9882 x 782174766.34 402873399.8479 213980439.4926 476530219.4159 432693171.2865 x 312164885.6134 817601417.7404 385090482.2282 234143459.2351 314344234.5495 x 467855450.5018 268940602.5009 x 666664972.863 x 485534984.3741 248224189.9018 305264719.2023
392190528.7685 x x 648649417.1451 257027070.7503 955673624.9175 237723250.8751 80534198.214 126814341.5651 x 472930136.5454 849122643.416 1121767886.377 299158655.5227 357344543.5887 114778062.5318 914934921.2723 899033676.3494 800143988.5433 367928856.5538 x 455115343.1531 157190634.022 146968067.4289 288862581.9031 197006446.1767 205199877.768 761749702.1478 121492109.1343 x 225756793.1376 888627477.8429 594453915.981 348183966.2307 417894045.2605 538076637.0267 518326269.8654 112040394.5253 524094639.6079 966669908.1729 753733305.1232 x 350470996.1427 627754914.8848 84549669.3851 833262957.8405 1030246108.385 292585834.2459 609114926.6158 1071937935.3812
256463232.5411 534637612.8088 648649417.1451 x 626942674.7769 638488504.0127 x 666134219.8804 526075434.8037 787069076.4386 246343673.2918 x 739966749.2481 537133385.1803 293572235.3506 646875195.9051 867790267.8857 816347150.0716 152650397.104 296802629.5557 523627353.1352 315932097.2082 x x 809979829.4067 453480440.2601 474284319.8222 x 590898764.9162 249185061.1161 809153659.7551 906091941.305 566829426.765 335470976.6875 279094685.4682 623234065.0084 x 618396372.9206 684972111.3659 x 259378581.0697 x 340144920.4015 661522419.9506 729739965.511 198359625.5757 697010722.9992 425983093.1223 299166365.0461 731381980.8955
404678047.9195 x 257027070.7503 626942674.7769 x 750230717.7243 x 187502460.5063 x x 544544627.4284 599711130.9719 922162106.6753 98655949.7786 359072416.3117 365825835.2197 x 650495770.2944 761848091.6264 337134229.2658 104521028.3129 337542206.8985 270542395.7115 354550940.6488 190140041.8591 255961706.4585 356486140.8988 586178247.9957 145132122.2139 587128633.82 224661097.6878 632241162.4043 362784268.2825 x 348701526.3618 290152086.0268 393156269.847 x 267807310.4162 734955573.5963 x x x 379017193.5393 312075263.2162 825263941.6065 823224695.2949 202088850.7339 470194052.8833 864052723.3096
x 189859933.7358 955673624.9175 638488504.0127 750230717.7243 x 719576150.0165 914850465.6736 846159299.3855 888508117.888 824216273.5863 679298678.8555 x x x 1026869157.2924 377942428.0392 319169910.7166 620263859.3514 664597569.9079 682358392.0086 529635726.2152 1018866531.607 962375754.7325 x 802552646.0285 900253844.7388 222639355.8346 838993002.3346 390027327.0462 x x 396171325.434 x 600014609.128 491945236.719 476465526.5115 1001578464.8314 557791072.2206 166270992.6936 383219456.1101 971464500.1702 643850031.4907 430592139.2936 1033386489.2574 726439756.911 74618497.1471 670130929.4912 395589720.2848 116355446.7272
290985817.5864 530690810.8416 237723250.8751 x x 719576150.0165 x 198058594.8918 150591681.1196 268650835.6991 431930848.9082 x 887353288.4374 71095325.3661 245384956.0223 325339671.0627 691698097.3727 670436921.2387 657531787.3297 224986812.1306 45778710.9118 x x 288136327.488 291667437.4101 156690848.1115 268194507.4366 533028808.8439 119464384.6476 504107395.0867 301790675.0448 675774566.3392 359329435.5146 183092892.15 243498667.4392 x 309025808.3615 305328641.5579 319355781.131 729748489.7889 555006186.7068 253664089.7475 x 402762899.6144 313810341.8237 716300529.7716 794029361.269 92846902.3399 394592523.6262 835647029.3433
412870274.9092 725246261.7573 80534198.214 666134219.8804 187502460.5063 914850465.6736 198058594.8918 x 145089282.9571 200763810.717 514545082.8976 771120600.5862 1083906321.6129 247547916.3542 372760851.49 195241919.0791 849582255.5525 836974861.82 814711521.6901 373561798.6981 232502205.3704 437714948.332 x 218242958.8851 212011038.197 216120772.0436 260578890.1003 731083817.0082 82305478.8698 693138776.8661 160719803.874 818996599.9897 540565798.3948 344919377.5397 414074677.5098 475798989.1287 x 191647284.4297 454963989.3008 914231160.5363 743374531.8274 x 344755716.534 565219775.0737 124979753.6249 x 989046379.7267 272767401.1907 588952385.588 1030509768.1984
270517227.3124 660763210.7891 126814341.5651 526075434.8037 x 846159299.3855 150591681.1196 145089282.9571 x 318904694.1489 370448378.7964 818926626.6661 1008908080.8934 x 232944196.4955 181649086.1363 841832030.0088 819278214.0783 x 241235394.0974 196360182.4583 332929788.0897 x x x 72657625.0578 135364029.0529 644918492.7104 92013030.917 579272775.3546 302561102.1778 826254474.1852 x 222043902.0969 291521928.8421 465219145.0981 395704185.5339 158430023.3452 467744535.7149 870560406.5243 x 139948090.4251 224899048.2751 553018338.2682 211232552.059 x x x x 962471144.8489
x 702326042.3408 x 787069076.4386 x 888508117.888 268650835.6991 200763810.717 318904694.1489 x 679850869.7 604763782.9564 x 264516157.6686 507765659.5202 392000676.8005 742364448.7824 742909101.1414 925262148.6828 492437989.6815 269774957.5971 x 192827106.4218 418025063.7144 24094213.1774 376145427.8707 450378393.722 x 227304519.6744 752517983.661 99665008.2971 x x 451653735.0468 x 402614624.5069 559081062.1098 391493780.5224 353136140.4132 851638122.2567 803455256.7058 x 446986903.6624 482704418.2605 289192547.9083 984849985.429 959361763.4916 361303250.5037 634509734.198 999046510.5488
155579732.807 x 472930136.5454 246343673.2918 544544627.4284 824216273.5863 431930848.9082 514545082.8976 370448378.7964 679850869.7 x x 950012253.021 480475812.7962 196386304.0163 439154970.7289 975588158.6036 933290536.4403 x 235396524.6674 457984572.6527 x 627964653.5873 351070706.929 699548924.289 304755141.135 271892554.4722 602213177.9405 456211363.2769 446712428.4644 672989335.2587 993374915.915 634872240.1774 280081851.0074 274969284.1935 654969825.7197 374865473.14 412737936.6265 696666040.7027 915257985.9517 475253823.1885 479168052.7498 290176429.3201 x 544054112.9161 384528473.528 x x 434588847.8359 929181807.4326
907238239.526 584613849.9806 849122643.416 x 599711130.9719 679298678.8555 x 771120600.5862 818926626.6661 604763782.9564 x x 816042322.5593 609502072.5197 868441093.2199 962177130.6402 321161351.5972 369896947.1055 1102932053.8063 827474897.2889 x 726503641.8724 797492718.8699 x x 833688542.324 945434338.5691 698896936.3067 744721341.0574 840285488.9479 702107328.2327 231908054.7666 x x x 410297608.222 733795582.5312 x 367712348.2982 540031412.4441 874875456.4961 862171537.2064 773336412.0622 365399552.1098 884404717.8106 1200340452.5433 717517864.4384 718494010.9271 738378356.4658 740801523.7501
854193774.058 x 1121767886.377 739966749.2481 922162106.6753 x 887353288.4374 1083906321.6129 1008908080.8934 x 950012253.021 816042322.5593 x x 852265004.213 1188182773.4761 498467472.069 446210852.4758 688369696.1554 813929512.7545 851529133.076 x 1189957194.9019 1119934307.3398 1083279193.6507 x 1053773451.2697 367784852.9657 1006790778.4498 x 1143148934.0828 586889726.4202 569200900.5446 806117813.866 749263322.2746 664457245.3607 626750532.1401 1162131592.1432 x x 481473809.2881 1137434860.8411 799136151.484 600268115.8757 1200839158.7454 788687802.1626 105896392.023 832860785.0362 539521627.3501 75282351.7501
331385353.5343 478624081.8334 299158655.5227 537133385.1803 98655949.7786 x 71095325.3661 247547916.3542 x 264516157.6686 480475812.7962 609502072.5197 x x 286574775.3566 x 622064648.6437 602328459.9582 667891114.8201 x 26388076.3844 239829707.0518 352066367.6435 359112761.583 288586851.3151 224463669.3823 337823902.8494 493816296.6035 177748698.205 488486705.8609 319591238.5896 604841048.3844 295409215.6214 211091446.0474 x 244444515.8016 294574671.5176 374402382.5919 248727739.9697 x x 315050625.0842 203423486.4304 333134021.5433 369700480.8087 735327429.5986 742401405.9346 x 371945718.7035 783742183.6472
45606790.5559 539084951.679 357344543.5887 293572235.3506 359072416.3117 x 245384956.0223 372760851.49 232944196.4955 507765659.5202 196386304.0163 868441093.2199 852265004.213 286574775.3566 x 372204626.4786 801730588.3721 764441107.8328 x 45437080.2512 265537816.7017 183705185.4129 496363312.4537 288186443.3613 529437004.6421 160662922.5187 209966456.7035 486128013.8247 299220812.7493 375645709.8435 519304598.4701 811333457.9578 454231894.6212 x x x 229331770.6962 343460140.7859 501393011.8741 769999762.4692 419461007.7738 368683124.9679 x 533389623.6534 440101188.318 485315041.5648 777620106.9434 163269367.7424 312818061.9964 x
x x 114778062.5318 646875195.9051 365825835.2197 1026869157.2924 325339671.0627 195241919.0791 181649086.1363 392000676.8005 439154970.7289 962177130.6402 1188182773.4761 x 372204626.4786 x 1014917582.7152 995436938.0483 799423953.0484 395513349.0282 x 507023528.94 x 89426715.6032 399624775.9934 228997414.8844 172877145.1653 822457178.3035 222603200.848 742333553.543 328245831.1255 993294309.0327 684166634.6139 388790892.3098 454681135.2553 637020394.3928 x 28807843.0725 629705375.9178 1051730933.7714 788581274.6228 104333920.6681 393950162.4718 726180332.4161 128260067.8263 817905322.4584 1101384568.1402 x 659575563.9171 1143099206.0514
829236025.7774 345326027.4899 914934921.2723 867790267.8857 x 377942428.0392 691698097.3727 849582255.5525 841832030.0088 742364448.7824 975588158.6036 321161351.5972 498467472.069 622064648.6437 801730588.3721 1014917582.7152 x 60234016.6863 905745222.3603 756372075.6618 646013382.4052 624754422.6602 918217655.7764 978171134.5534 757834143.0529 828516547.6363 942853622.2104 465525830.0132 794821984.7655 639083248.2132 x 89335172.2509 349191307.2786 x 703569594.5033 377897995.9956 x 996466902.2458 396930459.4494 223532874.2994 x 930362776.9084 712020111.9377 288963918.0478 974196295.7916 1011017649.1526 404401527.9331 690842796.5604 x 423689306.0996
789779048.9531 x 899033676.3494 816347150.0716 650495770.2944 319169910.7166 670436921.2387 836974861.82 819278214.0783 742909101.1414 933290536.4403 369896947.1055 446210852.4758 602328459.9582 764441107.8328 995436938.0483 60234016.6863 x 849677477.9954 719004291.7615 625171620.3313 584562087.6839 912523732.5625 954106087.0075 759809681.1959 801234127.1535 914507743.7282 408178629.9163 777951508.6263 583967968.4361 839036730.4384 142158352.9663 317813828.1134 x 663871524.3871 361347342.3282 559465776.0503 975754921.8497 391464959.9337 170158270.7518 602868223.0531 914688670.9708 677016991.4839 271770991.5599 961946671.4854 955391399.4716 349212297.7709 662097314.343 519553628.0088 371012946.761
x 560879581.6461 800143988.5433 152650397.104 761848091.6264 620263859.3514 657531787.3297 814711521.6901 x 925262148.6828 x 1102932053.8063 688369696.1554 667891114.8201 x 799423953.0484 905745222.3603 849677477.9954 x 442102328.1127 657403123.9034 433254177.7842 939114672.7359 710373010.7697 948663805.2661 604150726.0153 626736964.5376 442650047.226 737755267.9201 267915978.0223 953699181.9067 956489300.9507 644337775.6747 476877210.4712 414180562.1786 716230254.6879 394256420.8131 770977223.3546 784439721.6776 762622883.0926 247822713.1972 810814897.4542 480097303.9023 x x 107054434.2598 666655816.1125 564713908.0701 365556736.9583 695210677.0611
79832133.3501 495653522.044 367928856.5538 296802629.5557 337134229.2658 664597569.9079 224986812.1306 373561798.6981 241235394.0974 492437989.6815 235396524.6674 827474897.2889 813929512.7545 x 45437080.2512 395513349.0282 756372075.6618 719004291.7615 442102328.1127 x 238369838.854 139258644.369 498405421.6377 315406068.1481 514916542.8243 172391869.0358 241780118.7216 446740541.5537 295678270.6528 346996386.5116 512512427.8002 766568163.3666 409122612.3866 46490859.7745 x 420612568.0981 x 367129380.0042 461327704.6538 725783414.2964 393092965.3578 380525213.7741 55685313.1794 489161760.8782 452082601.3008 493213987.8675 737179417.787 135734146.967 274702873.8044 778076359.703
310743500.4954 492813564.939 x 523627353.1352 104521028.3129 682358392.0086 45778710.9118 232502205.3704 196360182.4583 269774957.5971 457984572.6527 x 851529133.076 26388076.3844 265537816.7017 x 646013382.4052 625171620.3313 657403123.9034 238369838.854 x 234446234.7331 342187285.0426 333829074.1896 293643330.2126 198086445.0566 311467277.7234 x 158697028.5978 487173306.8027 317127440.0923 630105118.959 315546140.6465 193167690.6737 244813556.0882 268898697.1744 292060105.0257 350746838.4938 275001866.7011 687324129.1875 538254293.8985 295294738.5912 186269005.1685 x 352474986.1864 721985133.186 756585044.797 102923929.5194 373064752.1566 798074720.6442
205271980.613 356878161.4163 455115343.1531 315932097.2082 337542206.8985 529635726.2152 x 437714948.332 332929788.0897 x x 726503641.8724 x 239829707.0518 183705185.4129 507023528.94 624754422.6602 584562087.6839 433254177.7842 139258644.369 234446234.7331 x 559420957.2966 x 527602248.9047 278329525.0653 370711575.1052 316742814.6249 355421328.169 256391178.8816 548804436.8176 641787446.0771 283603850.2586 122154472.2406 79424120.9064 316678353.5098 63283878.3193 480084414.6155 372306566.9019 586524916.253 x 469804104.7373 114880345.9957 371452734.3277 538767109.6481 509750566.3553 603088418.2545 165108707.0238 154140543.2777 644386787.8383
535393506.1705 829082552.3441 157190634.022 x 270542395.7115 1018866531.607 x x x 192827106.4218 627964653.5873 797492718.8699 1189957194.9019 352066367.6435 496363312.4537 x 918217655.7764 912523732.5625 939114672.7359 498405421.6377 342187285.0426 559420957.2966 x 300553465.2424 189238815.4365 337614871.7234 362322714.8618 844371994.2164 205788601.8427 815572470.1221 100354021.2135 877456325.0735 633295260.2591 469737696.6748 538716128.625 556767368.4533 621761605.0968 252984102.8951 521828951.1554 1004785327.4195 x 154893558.8659 x x 116256862.713 979666670.5649 x 395302996.9148 708735730.3597 1133382179.3158
309691263.0372 781270903.2396 146968067.4289 x 354550940.6488 962375754.7325 288136327.488 218242958.8851 x 418025063.7144 351070706.929 x 1119934307.3398 359112761.583 288186443.3613 89426715.6032 978171134.5534 954106087.0075 710373010.7697 315406068.1481 333829074.1896 x 300553465.2424 x 430192837.5562 160146766.7458 83636956.7042 752542929.9153 211196077.1281 662009898.8034 x x 638076894.7942 314609187.2015 377109318.8243 602414092.0964 x 61845496.4796 605412383.68 998086171.0747 707053920.8018 146023852.8626 321052286.1561 x 199068038.5189 728576064.6082 x 298140291.2995 x 1078088523.4933
574193411.0387 724520382.4705 288862581.9031 809979829.4067 190140041.8591 x 291667437.4101 212011038.197 x 24094213.1774 699548924.289 x 1083279193.6507 288586851.3151 529437004.6421 399624775.9934 757834143.0529 759809681.1959 948663805.2661 514916542.8243 293643330.2126 527602248.9047 189238815.4365 430192837.5562 x 395260323.9236 465953955.0701 764411593.7444 245164939.7834 776612116.7158 91046073.842 x 514208513.4522 474514534.2575 534497061.1105 422947133.8501 583156873.4803 x x 871080901.264 827548803.6133 296211043.1485 x 501758347.9086 291742386.3911 1007623331.463 980809025.208 x 658578560.6615 1020345886.1028
197876636.4627 621130069.7125 197006446.1767 453480440.2601 255961706.4585 802552646.0285 156690848.1115 216120772.0436 72657625.0578 376145427.8707 304755141.135 833688542.324 x 224463669.3823 160662922.5187 228997414.8844 828516547.6363 801234127.1535 604150726.0153 172391869.0358 198086445.0566 278329525.0653 337614871.7234 160146766.7458 395260323.9236 x 115167871.6059 594543033.6247 151514927.9531 x 370259557.3307 820631901.0532 483690677.9231 160061600.5695 227396704.9207 x 339361676.13 x 472274228.0705 839046434.8789 563507001.3053 208886949.4621 164967252.9941 542310168.1799 280480488.9544 642053958.9667 x 139984350.7497 430578149.2917 918402924.8662
227732736.0877 723558804.6897 205199877.768 474284319.8222 356486140.8988 900253844.7388 268194507.4366 260578890.1003 135364029.0529 450378393.722 271892554.4722 945434338.5691 1053773451.2697 337823902.8494 209966456.7035 172877145.1653 942853622.2104 914507743.7282 626736964.5376 241780118.7216 311467277.7234 370711575.1052 362322714.8618 83636956.7042 465953955.0701 115167871.6059 x x 226209756.7504 585555205.8113 421033662.3152 935779005.9421 596708521.0913 248609923.201 x 573198995.0405 427044151.144 144737462.0066 586366202.7616 946310922.4392 x x 256497382.1915 657253074.7886 272325658.4661 645894591.1577 973795820.6357 252422592.9782 515754409.372 1015096764.6168
491411155.4072 x 761749702.1478 x 586178247.9957 222639355.8346 533028808.8439 731083817.0082 644918492.7104 x 602213177.9405 698896936.3067 367784852.9657 493816296.6035 486128013.8247 822457178.3035 465525830.0132 408178629.9163 442650047.226 446740541.5537 x 316742814.6249 844371994.2164 752542929.9153 764411593.7444 594543033.6247 x x 651149005.1447 182820811.9553 810839033.4441 523507658.9623 284987065.211 438403322.3741 381995465.0637 384213464.1207 259058296.1866 795962253.9702 459498176.4684 329011713.3715 x 777125850.242 431554322.9447 361574419.3008 843033827.9058 549103596.9571 x 469887872.8952 173898165.5856 x
341472437.7138 649970497.9882 121492109.1343 590898764.9162 145132122.2139 838993002.3346 119464384.6476 82305478.8698 92013030.917 227304519.6744 456211363.2769 744721341.0574 1006790778.4498 177748698.205 299220812.7493 222603200.848 794821984.7655 777951508.6263 737755267.9201 295678270.6528 158697028.5978 355421328.169 205788601.8427 211196077.1281 245164939.7834 151514927.9531 226209756.7504 651149005.1447 x 610862721.6866 x 771000727.617 473136190.4978 264542178.4518 333128755.5668 417376647.0629 x x 407131258.4738 845755819.8224 661135850.17 x 263805048.6815 x x 784476913.6995 913422562.1589 190463912.4164 506908311.9962 955023787.5543
x x x 249185061.1161 587128633.82 390027327.0462 504107395.0867 693138776.8661 579272775.3546 752517983.661 446712428.4644 840285488.9479 x 488486705.8609 375645709.8435 742333553.543 639083248.2132 583967968.4361 267915978.0223 346996386.5116 487173306.8027 256391178.8816 815572470.1221 662009898.8034 776612116.7158 x 585555205.8113 182820811.9553 610862721.6866 x 803761897.04 688574257.5369 387608824.6825 357357518.6343 288668131.6783 470515126.6555 195394551.6841 714041473.7464 543496093.2037 511459618.7918 51081175.3771 718784492.6896 354440768.6281 479979663.7087 789253351.0406 372097511.6248 451034889.2083 420455056.7663 121887735.0655 487128572.2239
562001222.7922 782174766.34 225756793.1376 809153659.7551 224661097.6878 x 301790675.0448 160719803.874 302561102.1778 99665008.2971 672989335.2587 702107328.2327 1143148934.0828 319591238.5896 519304598.4701 328245831.1255 x 839036730.4384 953699181.9067 512512427.8002 317127440.0923 548804436.8176 100354021.2135 x 91046073.842 370259557.3307 421033662.3152 810839033.4441 x 803761897.04 x 794032779.5519 577244388.8278 x 542439619.2711 492123910.2382 608385967.6611 x 447917461.554 942412516.3547 854817886.9383 229407302.5333 474422722.8171 575298296.8606 210494120.6623 1004095292.5988 x 392307156.0635 690135853.1575 x
842598358.7422 402873399.8479 888627477.8429 906091941.305 632241162.4043 x 675774566.3392 818996599.9897 826254474.1852 x 993374915.915 231908054.7666 586889726.4202 604841048.3844 811333457.9578 993294309.0327 89335172.2509 142158352.9663 956489300.9507 766568163.3666 630105118.959 641787446.0771 877456325.0735 x x 820631901.0532 935779005.9421 523507658.9623 771000727.617 688574257.5369 794032779.5519 x 358562409.8022 729092263.6804 718643809.7608 362686308.9255 629427993.6043 976844295.8287 364551123.7114 311185111.0703 x x 718487485.004 280199509.7302 x 1059993772.9018 491200360.9045 686911660.004 607099020.5738 511905782.3634
x 213980439.4926 594453915.981 566829426.765 362784268.2825 396171325.434 359329435.5146 540565798.3948 x x 634872240.1774 x 569200900.5446 295409215.6214 454231894.6212 684166634.6139 349191307.2786 317813828.1134 644337775.6747 409122612.3866 315546140.6465 283603850.2586 633295260.2591 638076894.7942 514208513.4522 483690677.9231 596708521.0913 284987065.211 473136190.4978 387608824.6825 577244388.8278 358562409.8022 x 373660209.9155 360081794.177 x 277623031.2329 662983182.7871 175150654.1676 x 427926677.9361 x x 95121965.7183 664270542.1341 740185225.7363 466650413.6467 344319983.2504 278829270.2579 506411139.164
125092335.4717 476530219.4159 348183966.2307 335470976.6875 x x 183092892.15 344919377.5397 222043902.0969 451653735.0468 280081851.0074 x 806117813.866 211091446.0474 x 388790892.3098 x x 476877210.4712 46490859.7745 193167690.6737 122154472.2406 469737696.6748 314609187.2015 474514534.2575 160061600.5695 248609923.201 438403322.3741 264542178.4518 357357518.6343 x 729092263.6804 373660209.9155 x 69874823.1947 x x 361216771.3333 x 703050225.7461 405760262.5838 361830859.1244 10631961.9765 450200610.8159 432730016.8534 x 725196843.0311 91497736.0775 x 766519901.1046
x 432693171.2865 417894045.2605 279094685.4682 348701526.3618 600014609.128 243498667.4392 414074677.5098 291521928.8421 x 274969284.1935 x 749263322.2746 x x 454681135.2553 703569594.5033 663871524.3871 414180562.1786 x 244813556.0882 79424120.9064 538716128.625 377109318.8243 534497061.1105 227396704.9207 x 381995465.0637 333128755.5668 288668131.6783 542439619.2711 718643809.7608 360081794.177 69874823.1947 x 383770635.97 x 426664833.4977 x 664034465.6429 336519488.8127 431421470.5141 69338560.797 445120746.1959 502443535.5143 477380280.7304 672495217.3569 150845158.0496 210274052.959 713361622.0802
499849008.0906 x 538076637.0267 623234065.0084 290152086.0268 491945236.719 x 475798989.1287 465219145.0981 402614624.5069 654969825.7197 410297608.222 664457245.3607 244444515.8016 x 637020394.3928 377897995.9956 361347342.3282 716230254.6879 420612568.0981 268898697.1744 316678353.5098 556767368.4533 602414092.0964 422947133.8501 x 573198995.0405 384213464.1207 417376647.0629 470515126.6555 492123910.2382 362686308.9255 x x 383770635.97 x 329884034.7081 618738949.5102 75586992.0178 x x 553657798.4648 x 89688925.362 600777217.8863 806750528.935 560437274.2476 326188699.0828 353943604.4251 x
241355857.9765 312164885.6134 518326269.8654 x 393156269.847 476465526.5115 309025808.3615 x 395704185.5339 559081062.1098 374865473.14 733795582.5312 626750532.1401 294574671.5176 229331770.6962 x x 559465776.0503 394256420.8131 x 292060105.0257 63283878.3193 621761605.0968 x 583156873.4803 339361676.13 427044151.144 259058296.1866 x 195394551.6841 608385967.6611 629427993.6043 277623031.2329 x x 329884034.7081 x 541101039.3404 393504988.2149 545375200.9172 246435820.1222 532971208.1984 174563351.4424 370897221.8663 602031207.6887 478954698.6544 548955616.9086 228206205.2276 91399298.3455 589862825.1779
367908311.7073 817601417.7404 112040394.5253 618396372.9206 x 1001578464.8314 305328641.5579 191647284.4297 158430023.3452 391493780.5224 412737936.6265 x 1162131592.1432 374402382.5919 343460140.7859 28807843.0725 996466902.2458 975754921.8497 770977223.3546 367129380.0042 350746838.4938 480084414.6155 252984102.8951 61845496.4796 x x 144737462.0066 795962253.9702 x 714041473.7464 x 976844295.8287 662983182.7871 361216771.3333 426664833.4977 618738949.5102 541101039.3404 x 614236912.7738 1028961591.5573 760143295.7145 105119299.3354 366588413.0359 707529908.5132 143875189.5738 x 1076036229.3726 332067396.8221 632236959.9876 1117729758.9399
x 385090482.2282 524094639.6079 684972111.3659 267807310.4162 557791072.2206 319355781.131 454963989.3008 467744535.7149 353136140.4132 696666040.7027 367712348.2982 x 248727739.9697 501393011.8741 629705375.9178 396930459.4494 391464959.9337 784439721.6776 461327704.6538 275001866.7011 372306566.9019 521828951.1554 605412383.68 x 472274228.0705 586366202.7616 459498176.4684 407131258.4738 543496093.2037 447917461.554 364551123.7114 175150654.1676 x x 75586992.0178 393504988.2149 614236912.7738 x 501143783.4294 588221901.9213 539055970.2091 406590799.8589 131921014.5229 578830340.0872 872342670.4419 624041814.1553 351273086.0934 425276808.2783 661613878.7195
786483174.0266 234143459.2351 966669908.1729 x 734955573.5963 166270992.6936 729748489.7889 914231160.5363 870560406.5243 851638122.2567 915257985.9517 540031412.4441 x x 769999762.4692 1051730933.7714 223532874.2994 170158270.7518 762622883.0926 725783414.2964 687324129.1875 586524916.253 1004785327.4195 998086171.0747 871080901.264 839046434.8789 946310922.4392 329011713.3715 845755819.8224 511459618.7918 942412516.3547 311185111.0703 x 703050225.7461 664034465.6429 x 545375200.9172 1028961591.5573 501143783.4294 x 516845441.9811 982618452.678 693777953.3788 369564209.8347 1037780118.0234 869668364.4562 181155371.1516 x 481542670.7145 200885456.7329
406572717.9777 314344234.5495 753733305.1232 259378581.0697 x 383219456.1101 555006186.7068 743374531.8274 x 803455256.7058 475253823.1885 874875456.4961 481473809.2881 x 419461007.7738 788581274.6228 x 602868223.0531 247822713.1972 393092965.3578 538254293.8985 x x 707053920.8018 827548803.6133 563507001.3053 x x 661135850.17 51081175.3771 854817886.9383 x 427926677.9361 405760262.5838 336519488.8127 x 246435820.1222 760143295.7145 588221901.9213 516845441.9811 x 767535295.9967 403268054.0912 518419820.9337 838234124.2671 354561536.9051 438592551.0969 470830218.6577 171250892.6365 472250449.809
402609190.8362 x x x x 971464500.1702 253664089.7475 x 139948090.4251 x 479168052.7498 862171537.2064 1137434860.8411 315050625.0842 368683124.9679 104333920.6681 930362776.9084 914688670.9708 810814897.4542 380525213.7741 295294738.5912 469804104.7373 154893558.8659 146023852.8626 296211043.1485 208886949.4621 x 777125850.242 x 718784492.6896 229407302.5333 x x 361830859.1244 431421470.5141 553657798.4648 532971208.1984 105119299.3354 539055970.2091 982618452.678 767535295.9967 x 364352450.1057 643342585.8578 71602563.2324 842380865.3409 1046042716.3347 307732182.6894 623869387.1008 1087738668.8286
134957920.2102 467855450.5018 350470996.1427 340144920.4015 x 643850031.4907 x 344755716.534 224899048.2751 446986903.6624 290176429.3201 773336412.0622 799136151.484 203423486.4304 x 393950162.4718 712020111.9377 677016991.4839 480097303.9023 55685313.1794 186269005.1685 114880345.9957 x 321052286.1561 x 164967252.9941 256497382.1915 431554322.9447 263805048.6815 354440768.6281 474422722.8171 718487485.004 x 10631961.9765 69338560.797 x 174563351.4424 366588413.0359 406590799.8589 693777953.3788 403268054.0912 364352450.1057 x 439571732.2584 434966070.4091 538188682.495 717528189.7317 85881452.1863 265651073.2393 758907856.6882
566666421.0649 268940602.5009 627754914.8848 661522419.9506 379017193.5393 430592139.2936 402762899.6144 565219775.0737 553018338.2682 482704418.2605 x 365399552.1098 600268115.8757 333134021.5433 533389623.6534 726180332.4161 288963918.0478 271770991.5599 x 489161760.8782 x 371452734.3277 x x 501758347.9086 542310168.1799 657253074.7886 361574419.3008 x 479979663.7087 575298296.8606 280199509.7302 95121965.7183 450200610.8159 445120746.1959 89688925.362 370897221.8663 707529908.5132 131921014.5229 369564209.8347 518419820.9337 643342585.8578 439571732.2584 x 690196405.0663 x x 407070184.1292 x 531502798.4719
473457821.4961 x 84549669.3851 729739965.511 312075263.2162 1033386489.2574 313810341.8237 124979753.6249 211232552.059 289192547.9083 544054112.9161 884404717.8106 1200839158.7454 369700480.8087 440101188.318 128260067.8263 974196295.7916 961946671.4854 x 452082601.3008 352474986.1864 538767109.6481 116256862.713 199068038.5189 291742386.3911 280480488.9544 272325658.4661 843033827.9058 x 789253351.0406 210494120.6623 x 664270542.1341 432730016.8534 502443535.5143 600777217.8863 602031207.6887 143875189.5738 578830340.0872 1037780118.0234 838234124.2671 71602563.2324 434966070.4091 690196405.0663 x 911622009.7812 x 375274412.5335 692576885.3838 1149444453.581
444454778.4291 666664972.863 833262957.8405 198359625.5757 825263941.6065 726439756.911 716300529.7716 x x 984849985.429 384528473.528 1200340452.5433 788687802.1626 735327429.5986 485315041.5648 817905322.4584 1011017649.1526 955391399.4716 107054434.2598 493213987.8675 721985133.186 509750566.3553 979666670.5649 728576064.6082 1007623331.463 642053958.9667 645894591.1577 549103596.9571 784476913.6995 372097511.6248 1004095292.5988 1059993772.9018 740185225.7363 x 477380280.7304 806750528.935 478954698.6544 x 872342670.4419 869668364.4562 354561536.9051 842380865.3409 538188682.495 x 911622009.7812 x 771283342.2996 624066878.4916 462033219.7008 798785890.5217
783843338.0598 x 1030246108.385 697010722.9992 823224695.2949 74618497.1471 794029361.269 989046379.7267 x 959361763.4916 x 717517864.4384 105896392.023 742401405.9346 777620106.9434 1101384568.1402 404401527.9331 349212297.7709 666655816.1125 737179417.787 756585044.797 603088418.2545 x x 980809025.208 x 973795820.6357 x 913422562.1589 451034889.2083 x 491200360.9045 466650413.6467 725196843.0311 672495217.3569 560437274.2476 548955616.9086 1076036229.3726 624041814.1553 181155371.1516 438592551.0969 1046042716.3347 717528189.7317 x x 771283342.2996 x 744686512.0283 466267644.1937 41740046.0594
208168968.4866 485534984.3741 292585834.2459 425983093.1223 202088850.7339 670130929.4912 92846902.3399 272767401.1907 x 361303250.5037 x 718494010.9271 832860785.0362 x 163269367.7424 x 690842796.5604 662097314.343 564713908.0701 135734146.967 102923929.5194 165108707.0238 395302996.9148 298140291.2995 x 139984350.7497 252422592.9782 469887872.8952 190463912.4164 420455056.7663 392307156.0635 686911660.004 344319983.2504 91497736.0775 150845158.0496 326188699.0828 228206205.2276 332067396.8221 351273086.0934 x 470830218.6577 307732182.6894 85881452.1863 407070184.1292 375274412.5335 624066878.4916 744686512.0283 x 317796086.3256 786415415.4773
317609304.821 248224189.9018 609114926.6158 299166365.0461 470194052.8833 395589720.2848 394592523.6262 588952385.588 x 634509734.198 434588847.8359 738378356.4658 539521627.3501 371945718.7035 312818061.9964 659575563.9171 x 519553628.0088 365556736.9583 274702873.8044 373064752.1566 154140543.2777 708735730.3597 x 658578560.6615 430578149.2917 515754409.372 173898165.5856 506908311.9962 121887735.0655 690135853.1575 607099020.5738 278829270.2579 x 210274052.959 353943604.4251 91399298.3455 632236959.9876 425276808.2783 481542670.7145 171250892.6365 623869387.1008 265651073.2393 x 692576885.3838 462033219.7008 466267644.1937 317796086.3256 x 506465223.7675
823902386.278 305264719.2023 1071937935.3812 731381980.8955 864052723.3096 116355446.7272 835647029.3433 1030509768.1984 962471144.8489 999046510.5488 929181807.4326 740801523.7501 75282351.7501 783742183.6472 x 1143099206.0514 423689306.0996 371012946.761 695210677.0611 778076359.703 798074720.6442 644386787.8383 1133382179.3158 1078088523.4933 1020345886.1028 918402924.8662 1015096764.6168 x 955023787.5543 487128572.2239 x 511905782.3634 506411139.164 766519901.1046 713361622.0802 x 589862825.1779 1117729758.9399 661613878.7195 200885456.7329 472250449.809 1087738668.8286 758907856.6882 531502798.4719 1149444453.581 798785890.5217 41740046.0594 786415415.4773 506465223.7675 x
