50
23
0 1 2 3 4 5 6 7 8 9 10 11 12 13 14 15 16 17 18 19 20 21 22 23 24 25 26 27 28 29 30 31 32 33 34 35 36 37 38 39 40 41 42 43 44 45 46 47 48 49
17 26 47 49 24 20 27 19 18 44 6 43 40 10 9 22 15 33 42 16 12 35 23
38
x	1	1	1	x	1	1	x	x	1	1	1	1	1	1	1	1	1	x	1	1	1	x	1	1	1	1	1	1	x	1	1	1	1	1	x	1	x	1	1	1	1	1	1	x	x	1	1	x	1	
1	x	1	1	x	1	1	x	x	1	1	1	1	1	x	1	1	1	1	1	1	x	1	1	1	1	1	1	x	1	x	1	1	1	1	1	1	1	1	1	1	1	1	1	1	1	x	1	1	1	
1	1	x	1	x	1	1	1	1	1	1	1	1	1	x	1	1	1	1	1	1	x	1	x	x	1	x	1	1	1	1	1	x	1	1	1	1	1	x	1	1	1	1	1	1	1	x	1	1	1	
1	1	1	x	x	1	1	1	1	x	1	x	x	x	1	1	1	x	1	1	x	1	1	1	1	1	1	1	1	x	1	1	x	1	1	1	x	1	1	1	1	x	x	x	1	1	1	1	1	1	
x	x	x	x	x	1	x	1	1	1	1	1	1	1	1	1	x	1	1	1	1	1	1	1	1	1	1	1	1	1	x	x	x	1	1	1	1	1	1	1	1	1	1	1	1	1	1	1	1	1	
1	1	1	1	1	x	1	1	x	1	x	1	1	1	1	1	1	1	1	1	1	1	1	1	x	1	1	1	1	1	1	1	1	1	1	x	1	1	1	1	1	1	1	1	x	1	1	1	1	1	
1	1	1	1	x	1	x	1	1	x	1	1	x	1	1	1	1	x	x	1	1	1	x	1	1	x	1	1	1	1	1	1	x	1	1	1	1	1	1	1	1	1	1	x	1	x	1	x	1	1	
x	x	1	1	1	1	1	x	1	1	1	x	1	1	1	1	1	1	1	x	1	1	1	1	1	1	1	1	x	1	1	x	1	1	1	x	1	x	x	x	1	1	1	1	1	1	1	x	1	x	
x	x	1	1	1	x	1	1	x	1	1	1	1	1	1	x	x	1	1	1	1	1	1	1	1	1	1	1	1	1	1	x	x	1	1	1	1	1	1	1	1	1	1	x	1	1	1	x	1	x	
1	1	1	x	1	1	x	1	1	x	1	1	1	1	x	1	1	1	1	1	1	1	x	1	1	1	1	1	1	1	1	1	1	1	1	1	1	x	1	1	1	x	x	1	1	1	1	1	1	1	
1	1	1	1	1	x	1	1	1	1	x	1	1	x	1	1	1	1	1	1	1	1	1	x	x	1	1	1	1	1	1	1	1	1	x	1	1	1	1	1	1	1	1	1	x	x	1	1	1	1	
1	1	1	x	1	1	1	x	1	1	1	x	1	1	1	x	1	1	1	1	1	1	1	1	x	1	1	1	1	1	1	1	1	x	1	1	x	1	1	1	1	1	1	1	1	1	1	1	1	1	
1	1	1	x	1	1	x	1	1	1	1	1	x	1	1	1	1	1	1	1	1	1	x	x	1	1	1	1	1	1	1	1	1	1	1	1	1	x	1	1	1	1	1	1	1	x	1	1	x	1	
1	1	1	x	1	1	1	1	1	1	x	1	1	x	1	1	1	1	1	x	1	1	1	1	x	1	1	1	1	1	x	1	1	1	1	1	1	1	x	x	1	1	1	1	1	1	1	1	1	1	
1	x	x	1	1	1	1	1	1	x	1	1	1	1	x	1	1	x	x	1	1	1	1	1	1	1	1	1	1	1	1	x	x	1	1	x	x	1	1	x	1	x	1	x	1	x	1	1	1	x	
1	1	1	1	1	1	1	1	x	1	1	x	1	1	1	x	1	x	1	1	1	1	1	1	1	1	1	1	1	x	1	x	1	1	1	1	1	1	1	1	1	1	1	1	1	1	1	1	1	1	
1	1	1	1	x	1	1	1	x	1	1	1	1	1	1	1	x	1	1	1	1	1	1	1	1	1	1	x	1	1	1	1	1	1	x	1	1	1	x	1	x	1	1	1	1	1	x	1	1	1	
1	1	1	x	1	1	x	1	1	1	1	1	1	1	x	x	1	x	1	1	1	1	1	1	1	1	1	1	1	x	1	x	1	1	1	1	1	x	1	1	1	1	1	1	1	1	1	1	1	1	
x	1	1	1	1	1	x	1	1	1	1	1	1	1	x	1	1	1	x	1	1	x	1	x	1	1	1	1	1	1	1	1	x	1	1	1	1	1	1	1	x	1	1	1	1	1	1	1	x	1	
1	1	1	1	1	1	1	x	1	1	1	1	1	x	1	1	1	1	1	x	x	1	1	x	x	1	1	1	x	1	x	1	1	1	1	1	1	1	1	x	1	1	x	1	1	1	x	1	x	1	
1	1	1	x	1	1	1	1	1	1	1	1	1	1	1	1	1	1	1	x	x	x	1	1	x	1	x	1	1	1	1	x	1	x	x	1	1	1	1	1	1	1	x	x	1	1	1	1	1	1	
1	x	x	1	1	1	1	1	1	1	1	1	1	1	1	1	1	1	x	1	x	x	x	1	x	1	1	x	1	1	1	1	1	1	1	1	1	1	x	1	1	1	1	1	1	1	1	1	x	1	
x	1	1	1	1	1	x	1	1	x	1	1	x	1	1	1	1	1	1	1	1	x	x	1	x	x	1	1	1	1	1	1	1	x	1	1	1	1	x	1	x	x	x	x	1	1	x	1	1	1	
1	1	x	1	1	1	1	1	1	1	x	1	x	1	1	1	1	1	x	x	1	1	1	x	1	1	1	1	1	1	1	1	1	1	1	1	1	1	1	1	1	1	1	1	1	x	1	1	1	1	
1	1	x	1	1	x	1	1	1	1	x	x	1	x	1	1	1	1	1	x	x	x	x	1	x	x	1	1	1	1	1	x	x	1	1	1	1	1	1	1	1	1	1	1	x	x	x	1	1	1	
1	1	1	1	1	1	x	1	1	1	1	1	1	1	1	1	1	1	1	1	1	1	x	1	x	x	x	1	1	1	1	1	1	1	1	1	1	x	x	1	1	1	1	1	1	1	1	x	1	1	
1	1	x	1	1	1	1	1	1	1	1	1	1	1	1	1	1	1	1	1	x	1	1	1	1	x	x	1	1	1	x	x	x	1	x	x	1	1	1	1	1	1	1	1	1	1	1	x	1	1	
1	1	1	1	1	1	1	1	1	1	1	1	1	1	1	1	x	1	1	1	1	x	1	1	1	1	1	x	x	x	x	1	1	x	1	1	1	1	1	1	1	1	1	1	x	x	1	1	x	1	
1	x	1	1	1	1	1	x	1	1	1	1	1	1	1	1	1	1	1	x	1	1	1	1	1	1	1	x	x	x	1	1	x	1	x	1	x	1	1	1	1	1	1	1	1	1	1	1	1	1	
x	1	1	x	1	1	1	1	1	1	1	1	1	1	1	x	1	x	1	1	1	1	1	1	1	1	1	x	x	x	1	1	1	1	1	1	1	x	1	1	1	1	1	x	x	x	1	1	1	1	
1	x	1	1	x	1	1	1	1	1	1	1	1	x	1	1	1	1	1	x	1	1	1	1	1	1	x	x	1	1	x	1	1	1	1	1	1	1	1	1	x	1	1	1	1	1	x	x	1	1	
1	1	1	1	x	1	1	x	x	1	1	1	1	1	x	x	1	x	1	1	x	1	1	1	x	1	x	1	1	1	1	x	1	x	1	1	1	x	1	1	1	x	1	1	1	1	1	1	1	1	
1	1	x	x	x	1	x	1	x	1	1	1	1	1	x	1	1	1	x	1	1	1	1	1	x	1	x	1	x	1	1	1	x	1	x	x	1	1	1	1	1	1	1	1	1	1	1	1	1	x	
1	1	1	1	1	1	1	1	1	1	1	x	1	1	1	1	1	1	1	1	x	1	x	1	1	1	1	x	1	1	1	x	1	x	1	1	1	1	1	1	1	1	1	1	x	1	1	1	1	1	
1	1	1	1	1	1	1	1	1	1	x	1	1	1	1	1	x	1	1	1	x	1	1	1	1	1	x	1	x	1	1	1	x	1	x	x	1	1	x	1	x	1	1	1	1	1	1	1	1	1	
x	1	1	1	1	x	1	x	1	1	1	1	1	1	x	1	1	1	1	1	1	1	1	1	1	1	x	1	1	1	1	1	x	1	x	x	1	1	1	1	1	1	1	x	x	x	1	1	1	1	
1	1	1	x	1	1	1	1	1	1	1	x	1	1	x	1	1	1	1	1	1	1	1	1	1	1	1	1	x	1	1	1	1	1	1	1	x	1	1	x	1	1	1	1	1	1	1	1	x	1	
x	1	1	1	1	1	1	x	1	x	1	1	x	1	1	1	1	x	1	1	1	1	1	1	1	x	1	1	1	x	1	x	1	1	1	1	1	x	1	1	1	1	x	1	x	1	1	x	1	1	
1	1	x	1	1	1	1	x	1	1	1	1	1	x	1	1	x	1	1	1	1	x	x	1	1	x	1	1	1	1	1	1	1	1	x	1	1	1	x	1	1	1	1	x	1	1	x	1	1	1	
1	1	1	1	1	1	1	x	1	1	1	1	1	x	x	1	1	1	1	x	1	1	1	1	1	1	1	1	1	1	1	1	1	1	1	1	x	1	1	x	1	x	1	1	1	1	1	x	1	1	
1	1	1	1	1	1	1	1	1	1	1	1	1	1	1	1	x	1	x	1	1	1	x	1	1	1	1	1	1	1	x	1	1	1	x	1	1	1	1	1	x	1	1	1	1	1	1	1	1	1	
1	1	1	x	1	1	1	1	1	x	1	1	1	1	x	1	1	1	1	1	1	1	x	1	1	1	1	1	1	1	1	x	1	1	1	1	1	1	1	x	1	x	1	x	x	1	1	1	1	1	
1	1	1	x	1	1	1	1	1	x	1	1	1	1	1	1	1	1	1	x	x	1	x	1	1	1	1	1	1	1	1	1	1	1	1	1	1	x	1	1	1	1	x	x	1	x	x	1	1	1	
1	1	1	x	1	1	x	1	x	1	1	1	1	1	x	1	1	1	1	1	x	1	x	1	1	1	1	1	1	x	1	1	1	1	1	x	1	1	x	1	1	x	x	x	1	1	1	x	x	1	
x	1	1	1	1	x	1	1	1	1	x	1	1	1	1	1	1	1	1	1	1	1	1	1	x	1	1	x	1	x	1	1	1	x	1	x	1	x	1	1	1	x	1	1	x	1	1	1	1	1	
x	1	1	1	1	1	x	1	1	1	x	1	x	1	x	1	1	1	1	1	1	1	1	x	x	1	1	x	1	x	1	1	1	1	1	x	1	1	1	1	1	1	x	1	1	x	1	1	1	x	
1	x	x	1	1	1	1	1	1	1	1	1	1	1	1	1	x	1	1	x	1	1	x	1	x	1	1	1	1	1	x	1	1	1	1	1	1	1	x	1	1	1	x	1	1	1	x	1	1	1	
1	1	1	1	1	1	x	x	x	1	1	1	1	1	1	1	1	1	1	1	1	1	1	1	1	x	x	1	1	1	x	1	1	1	1	1	1	x	1	x	1	1	1	x	1	1	1	x	1	x	
x	1	1	1	1	1	1	1	1	1	1	1	x	1	1	1	1	1	x	x	1	x	1	1	1	1	1	x	1	1	1	1	1	1	1	1	x	1	1	1	1	1	1	x	1	1	1	1	x	x	
1	1	1	1	1	1	1	x	x	1	1	1	1	1	x	1	1	1	1	1	1	1	1	1	1	1	1	1	1	1	1	1	x	1	1	1	1	1	1	1	1	1	1	1	1	x	1	x	x	x	
