100
50
loc0 loc1 loc2 loc3 loc4 loc5 loc6 loc7 loc8 loc9 loc10 loc11 loc12 loc13 loc14 loc15 loc16 loc17 loc18 loc19 loc20 loc21 loc22 loc23 loc24 loc25 loc26 loc27 loc28 loc29 loc30 loc31 loc32 loc33 loc34 loc35 loc36 loc37 loc38 loc39 loc40 loc41 loc42 loc43 loc44 loc45 loc46 loc47 loc48 loc49 loc50 loc51 loc52 loc53 loc54 loc55 loc56 loc57 loc58 loc59 loc60 loc61 loc62 loc63 loc64 loc65 loc66 loc67 loc68 loc69 loc70 loc71 loc72 loc73 loc74 loc75 loc76 loc77 loc78 loc79 loc80 loc81 loc82 loc83 loc84 loc85 loc86 loc87 loc88 loc89 loc90 loc91 loc92 loc93 loc94 loc95 loc96 loc97 loc98 loc99
loc11 loc21 loc20 loc12 loc90 loc72 loc5 loc40 loc81 loc73 loc96 loc0 loc7 loc44 loc9 loc35 loc19 loc28 loc93 loc3 loc43 loc92 loc68 loc88 loc60 loc63 loc31 loc91 loc80 loc4 loc34 loc64 loc89 loc24 loc75 loc26 loc55 loc94 loc23 loc17 loc61 loc6 loc47 loc45 loc27 loc69 loc71 loc52 loc98 loc25
loc48
x  64 63 96 69 89 67 96 74 68 72 60 87 66 50 98 67 97 77 61 97 87 92 84 65 85 58 53 81 95 83 x  58 64 x  62 61 81 72 50 x  62 75 71 93 84 87 50 89 91 94 x  50 87 91 66 66 60 x  62 x  76 x  x  98 72 55 94 86 94 83 67 91 65 52 70 50 56 63 65 70 75 70 52 53 96 58 89 73 54 51 x  x  90 56 51 x  73 x  97
64 x  x  55 90 x  86 51 59 92 55 54 69 63 73 93 x  x  61 68 94 x  92 84 x  97 x  x  58 81 89 67 64 52 91 96 71 58 53 x  76 52 64 94 69 60 74 59 87 92 82 97 85 91 97 85 99 86 x  70 93 x  60 77 61 x  x  99 74 96 55 66 96 97 99 80 x  90 54 x  91 82 78 84 69 97 78 69 58 66 80 90 64 88 78 60 x  90 69 87
63 x  x  x  66 66 86 85 61 66 58 90 x  94 x  x  79 88 60 x  x  65 81 99 75 x  54 57 90 64 75 85 66 68 80 x  90 50 99 88 97 58 53 74 81 54 76 97 94 74 x  54 56 76 92 70 87 53 x  x  85 54 55 97 x  67 x  89 89 51 83 55 79 96 61 57 58 53 82 93 78 71 x  91 71 x  50 92 53 80 58 78 84 51 98 x  51 68 54 50
96 55 x  x  94 63 67 78 x  x  98 x  74 84 67 x  78 90 83 76 66 90 57 76 x  90 x  58 85 x  79 58 82 80 82 86 54 97 63 88 67 x  76 60 62 83 61 58 91 83 x  54 82 x  55 50 63 51 82 88 71 74 93 51 65 70 69 84 94 54 68 x  71 55 58 89 54 84 59 97 54 x  91 74 69 84 56 97 61 68 69 58 x  83 91 85 x  52 64 63
69 90 66 94 x  55 95 69 67 96 57 71 84 56 92 x  x  92 71 70 97 62 81 x  81 78 x  x  97 69 62 x  67 55 75 74 x  72 84 66 61 90 x  77 93 75 70 92 x  73 92 89 64 x  61 60 72 92 80 53 90 95 86 78 82 79 96 64 52 83 70 72 70 62 60 73 75 79 90 59 96 98 81 80 54 66 74 87 55 63 75 74 65 75 71 x  98 89 54 74
89 x  66 63 55 x  94 84 82 72 61 65 71 67 82 x  50 80 92 98 x  x  69 56 83 61 95 81 64 81 x  70 66 x  99 53 98 89 95 61 52 69 58 94 51 97 64 90 93 85 52 x  80 86 66 93 69 50 68 88 65 96 61 58 78 51 55 69 97 62 78 62 86 98 74 66 68 99 50 83 x  97 65 69 73 x  79 x  63 73 72 94 87 67 73 62 51 53 x  92
67 86 86 67 95 94 x  82 x  76 97 87 52 96 58 70 99 96 85 98 54 x  62 86 93 87 61 55 79 86 90 88 69 50 94 75 x  84 x  x  55 69 76 68 92 x  98 96 90 x  77 86 76 86 99 x  74 x  x  59 56 72 67 78 96 82 76 85 97 58 89 60 86 97 67 79 50 x  72 99 71 91 90 99 56 78 53 87 x  92 61 66 54 88 64 75 61 x  87 x
96 51 85 78 69 84 82 x  51 83 60 65 x  99 x  76 85 x  x  71 95 96 74 90 90 70 84 x  92 90 x  52 67 60 88 96 65 74 76 81 77 93 94 87 x  53 61 93 92 51 65 79 76 90 60 88 55 92 58 91 50 55 74 96 68 61 67 83 98 x  64 x  82 51 60 53 81 86 93 72 60 91 82 54 x  x  70 53 63 78 76 73 79 55 68 74 50 x  56 74
74 59 61 x  67 82 x  51 x  x  65 60 81 81 55 x  91 97 90 54 x  51 72 75 56 61 70 70 79 80 65 57 85 77 53 95 87 x  94 74 66 x  82 83 67 79 58 64 67 73 62 55 75 77 93 96 88 96 75 50 69 60 66 87 x  51 80 74 79 80 50 80 83 97 88 88 81 75 84 x  x  59 x  99 68 70 50 67 65 69 69 68 84 68 92 x  55 x  71 68
68 92 66 x  96 72 76 83 x  x  94 70 53 72 85 92 82 57 68 77 91 67 x  85 70 64 83 62 58 67 78 67 x  86 79 76 73 82 66 81 x  74 51 67 84 x  x  82 88 87 96 54 x  88 99 56 88 x  99 64 64 x  82 x  93 x  67 83 57 74 95 61 85 88 88 89 96 84 77 52 78 91 99 x  69 80 84 54 60 63 53 78 70 x  99 x  60 66 73 70
72 55 58 98 57 61 97 60 65 94 x  70 97 84 60 x  x  x  67 92 73 x  83 74 58 52 92 56 69 x  x  59 65 84 59 64 x  92 52 52 68 x  59 67 56 60 x  80 x  81 71 95 52 83 x  50 x  67 76 58 61 68 72 68 x  x  56 56 85 80 x  75 x  x  98 64 96 83 84 92 53 65 81 x  89 94 97 76 60 69 53 63 63 51 61 94 99 71 x  x
60 54 90 x  71 65 87 65 60 70 70 x  60 68 69 54 94 71 62 x  72 60 55 57 73 62 88 55 90 97 72 98 70 97 x  x  50 76 88 68 76 83 57 70 92 72 76 75 83 88 70 63 84 51 87 52 x  94 64 99 x  82 x  59 80 x  95 67 98 76 61 x  70 53 67 74 70 92 96 84 x  56 51 x  68 70 77 64 88 59 82 95 99 96 78 75 83 84 77 x
87 69 x  74 84 71 52 x  81 53 97 60 x  91 52 61 52 89 92 95 79 80 83 55 62 x  63 x  94 82 77 86 76 94 x  x  56 85 87 84 56 72 93 90 70 94 51 89 95 97 81 x  62 71 x  70 94 99 77 90 50 65 67 58 91 68 80 70 88 74 74 96 50 99 85 x  84 96 83 91 79 73 96 x  63 67 69 70 90 59 x  x  76 98 63 95 63 59 64 51
66 63 94 84 56 67 96 99 81 72 84 68 91 x  87 79 x  73 53 86 50 x  85 56 57 95 88 94 x  54 66 x  96 52 74 81 x  76 54 58 94 82 72 62 67 83 50 65 63 73 71 79 65 50 71 93 75 70 95 74 59 55 78 64 90 83 98 x  50 x  85 53 92 62 53 59 98 x  87 58 72 83 63 x  58 76 58 98 x  87 x  92 x  66 x  82 x  50 91 83
50 73 x  67 92 82 58 x  55 85 60 69 52 87 x  53 x  59 58 51 50 66 76 74 x  86 x  56 75 79 x  84 63 52 69 x  x  x  68 65 99 94 x  54 51 54 81 50 x  60 x  98 83 61 72 96 90 x  87 91 93 x  71 60 51 x  96 90 63 72 95 63 71 x  51 87 94 71 97 61 50 55 60 98 58 82 73 63 59 76 69 68 52 87 78 79 73 59 91 76
98 93 x  x  x  x  70 76 x  92 x  54 61 79 53 x  76 56 51 x  84 97 63 86 67 70 95 97 93 87 86 65 78 x  x  60 82 78 68 70 55 x  84 55 x  97 82 x  54 x  80 68 78 62 87 53 x  x  65 58 83 53 91 92 82 x  50 97 95 79 65 90 x  79 62 55 66 x  x  72 89 68 56 52 74 71 50 95 82 80 97 92 90 86 x  75 97 57 99 97
67 x  79 78 x  50 99 85 91 82 x  94 52 x  x  76 x  96 x  58 50 x  99 54 68 62 93 66 94 56 52 86 x  99 x  92 72 x  73 73 x  69 67 x  98 72 79 61 93 x  91 x  83 84 85 51 52 70 81 99 76 98 53 97 x  95 54 93 73 95 86 99 97 51 95 84 56 x  68 94 x  x  56 86 88 x  93 x  92 98 73 50 68 64 80 x  65 56 72 76
97 x  88 90 92 80 96 x  97 57 x  71 89 73 59 56 96 x  68 81 69 80 82 83 x  87 50 58 x  94 50 78 95 64 79 97 57 74 66 78 x  87 89 59 x  93 72 92 x  68 84 83 57 57 86 74 x  91 63 75 91 x  88 84 50 x  79 63 59 73 86 x  89 82 96 52 93 96 66 96 96 87 90 61 59 64 81 x  98 67 70 x  53 52 73 x  x  99 95 96
77 61 60 83 71 92 85 x  90 68 67 62 92 53 58 51 x  68 x  69 62 51 96 54 71 x  84 62 79 79 57 70 x  59 71 72 59 x  79 94 69 59 54 50 83 58 99 x  54 87 84 80 94 61 75 64 69 x  83 81 x  68 x  72 96 55 86 61 x  69 56 93 67 77 91 65 x  75 x  x  59 99 72 92 54 94 x  x  55 x  x  x  75 77 58 x  90 51 71 x
61 68 x  76 70 98 98 71 54 77 92 x  95 86 51 x  58 81 69 x  61 57 85 80 58 66 89 93 70 61 x  67 93 67 81 54 69 84 98 54 73 78 74 90 53 81 79 x  61 78 80 87 x  55 51 89 92 54 x  71 90 93 76 x  69 98 x  70 77 x  93 65 65 70 x  88 55 x  67 64 94 93 x  60 x  73 97 82 83 88 76 x  66 71 63 54 83 54 50 81
97 94 x  66 97 x  54 95 x  91 73 72 79 50 50 84 50 69 62 61 x  50 62 61 65 90 x  x  81 71 x  60 82 89 95 87 x  77 65 x  94 55 79 x  72 62 x  72 93 91 97 67 81 57 51 94 73 x  68 77 68 84 x  73 57 62 97 73 82 57 x  88 x  50 75 75 97 x  79 77 87 98 61 73 x  83 71 x  68 70 87 97 57 51 94 99 93 64 73 x
87 x  65 90 62 x  x  96 51 67 x  60 80 x  66 97 x  80 51 57 50 x  71 x  x  91 54 83 55 95 70 50 x  75 73 99 65 x  86 60 88 84 x  x  88 53 x  x  95 79 x  77 99 79 67 84 64 x  67 x  75 x  x  91 x  74 82 50 73 75 50 64 62 53 68 93 52 65 90 89 89 67 81 56 65 57 x  x  95 86 68 99 54 x  77 57 85 96 92 79
92 92 81 57 81 69 62 74 72 x  83 55 83 85 76 63 99 82 96 85 62 71 x  94 x  90 88 74 x  54 63 69 53 61 72 x  93 59 69 85 92 91 74 55 x  83 53 55 74 86 70 70 83 80 90 88 91 90 77 87 59 x  66 72 58 89 96 53 57 79 x  73 x  57 x  69 68 x  96 54 x  97 54 x  67 86 90 70 98 83 x  55 77 96 91 55 59 73 98 67
84 84 99 76 x  56 86 90 75 85 74 57 55 56 74 86 54 83 54 80 61 x  94 x  82 x  54 92 75 83 71 77 73 82 70 83 x  88 58 75 x  73 79 x  84 x  57 71 93 59 x  82 63 89 99 55 89 59 82 82 63 x  80 81 54 x  99 x  71 55 64 76 57 87 x  62 96 60 x  x  97 55 65 91 83 x  65 87 57 93 x  56 82 65 98 58 57 99 67 83
65 x  75 x  81 83 93 90 56 70 58 73 62 57 x  67 68 x  71 58 65 x  x  82 x  86 89 87 77 81 86 93 x  69 99 x  50 97 63 69 58 72 98 87 x  71 90 54 97 x  61 62 51 65 61 71 54 54 60 67 52 75 64 x  68 54 91 85 51 78 81 95 50 63 85 x  56 72 94 79 69 90 66 97 57 80 75 72 83 78 95 53 98 x  85 91 x  72 61 79
85 97 x  90 78 61 87 70 61 64 52 62 x  95 86 70 62 87 x  66 90 91 90 x  86 x  x  93 x  54 61 x  72 56 91 99 65 x  63 50 82 71 78 76 90 95 78 80 85 96 71 84 x  x  x  69 88 79 90 52 51 58 x  74 62 63 53 52 x  64 52 80 52 50 76 59 68 71 77 58 89 89 88 x  x  95 89 99 82 54 88 74 50 94 x  66 64 80 86 52
58 x  54 x  x  95 61 84 70 83 92 88 63 88 x  95 93 50 84 89 x  54 88 54 89 x  x  82 77 60 x  77 88 51 57 66 60 82 64 94 72 62 51 72 60 x  x  82 91 97 x  73 97 92 52 97 x  86 78 62 70 x  57 99 90 95 93 76 51 77 84 x  53 70 x  89 51 95 94 81 x  x  55 94 65 53 54 81 88 x  63 58 95 x  53 89 92 57 x  73
53 x  57 58 x  81 55 x  70 62 56 55 x  94 56 97 66 58 62 93 x  83 74 92 87 93 82 x  60 69 61 72 54 84 x  92 73 62 x  89 98 71 55 83 77 69 91 99 93 51 84 57 88 93 79 61 x  x  53 99 67 84 62 84 67 66 62 96 x  97 69 57 80 81 x  93 65 61 60 80 81 69 83 x  78 64 74 69 75 70 98 75 85 x  70 61 92 88 94 97
81 58 90 85 97 64 79 92 79 58 69 90 94 x  75 93 94 x  79 70 81 55 x  75 77 x  77 60 x  x  72 x  85 67 99 85 x  x  99 x  x  x  x  71 56 x  52 59 x  79 88 83 x  51 83 67 64 61 62 90 87 67 x  69 56 60 54 50 x  86 91 70 95 77 x  89 97 x  60 55 99 75 74 60 60 82 59 95 96 82 x  77 60 86 78 81 86 66 94 83
95 81 64 x  69 81 86 90 80 67 x  97 82 54 79 87 56 94 79 61 71 95 54 83 81 54 60 69 x  x  62 99 57 52 54 56 71 x  64 x  50 x  62 54 89 90 73 84 64 74 55 95 86 79 68 87 64 89 87 82 60 93 89 96 73 58 76 97 57 68 93 69 84 82 85 59 79 76 75 56 51 55 54 95 57 94 96 78 68 53 x  67 80 97 71 73 x  58 79 x
83 89 75 79 62 x  90 x  65 78 x  72 77 66 x  86 52 50 57 x  x  70 63 71 86 61 x  61 72 62 x  69 x  60 73 57 87 96 56 92 x  93 51 85 x  59 74 52 67 72 61 76 57 62 x  89 95 89 74 81 62 74 75 66 89 55 x  54 55 61 x  94 70 65 96 x  x  78 63 73 70 63 70 99 81 94 78 64 x  63 73 53 x  77 66 x  x  86 99 50
x  67 85 58 x  70 88 52 57 67 59 98 86 x  84 65 86 78 70 67 60 50 69 77 93 x  77 72 x  99 69 x  95 x  99 x  70 x  77 96 94 74 65 x  x  99 82 57 54 54 80 x  x  88 78 75 52 78 75 96 59 x  97 75 x  x  50 61 x  89 79 x  54 55 x  91 71 66 58 91 60 x  95 97 62 x  78 97 95 76 95 82 x  87 87 96 87 76 83 94
58 64 66 82 67 66 69 67 85 x  65 70 76 96 63 78 x  95 x  93 82 x  53 73 x  72 88 54 85 57 x  95 x  51 53 98 90 92 x  62 75 97 80 74 87 84 92 82 94 83 86 70 81 50 80 81 89 61 52 76 90 71 x  83 x  89 x  57 59 x  x  96 85 95 x  76 x  93 68 x  50 82 56 x  77 63 62 56 85 90 90 71 93 x  87 59 74 x  51 x
64 52 68 80 55 x  50 60 77 86 84 97 94 52 52 x  99 64 59 67 89 75 61 82 69 56 51 84 67 52 60 x  51 x  76 57 59 89 70 51 55 99 62 78 60 x  65 63 96 x  71 96 69 70 79 50 84 63 93 x  72 55 x  x  x  65 53 85 83 99 x  75 78 53 81 67 x  78 x  91 62 60 55 89 51 77 x  57 63 86 92 84 x  x  73 67 x  88 66 85
x  91 80 82 75 99 94 88 53 79 59 x  x  74 69 x  x  79 71 81 95 73 72 70 99 91 57 x  99 54 73 99 53 76 x  92 98 79 63 58 82 x  62 93 83 54 95 82 87 96 72 73 71 78 87 87 52 66 66 63 91 72 74 63 99 74 81 81 89 99 75 91 74 x  x  87 99 87 70 85 63 78 95 x  73 x  x  54 87 91 72 65 x  x  75 82 92 79 x  86
62 96 x  86 74 53 75 96 95 76 64 x  x  81 x  60 92 97 72 54 87 99 x  83 x  99 66 92 85 56 57 x  98 57 92 x  92 62 60 60 87 75 50 63 x  78 78 73 61 88 57 x  50 76 x  87 66 x  84 74 66 97 85 76 73 53 51 81 71 96 98 79 70 62 72 94 59 64 x  61 73 59 71 71 90 98 84 78 54 68 75 75 85 81 69 75 75 79 78 68
61 71 90 54 x  98 x  65 87 73 x  50 56 x  x  82 72 57 59 69 x  65 93 x  50 65 60 73 x  71 87 70 90 59 98 92 x  98 63 98 63 52 x  x  84 54 63 x  90 82 71 82 55 62 93 98 88 51 67 87 50 62 66 58 84 87 90 71 x  83 96 68 72 x  53 52 50 75 79 79 69 95 x  84 90 54 62 x  81 69 86 81 63 75 58 x  55 83 59 57
81 58 50 97 72 89 84 74 x  82 92 76 85 76 x  78 x  74 x  84 77 x  59 88 97 x  82 62 x  x  96 x  92 89 79 62 98 x  95 58 91 74 x  66 81 79 90 83 68 79 51 62 68 65 78 79 55 69 75 x  95 55 84 83 67 71 78 88 x  82 78 80 57 64 97 67 94 64 65 62 81 x  74 83 88 98 88 81 85 76 68 72 86 x  74 77 x  69 93 92
72 53 99 63 84 95 x  76 94 66 52 88 87 54 68 68 73 66 79 98 65 86 69 58 63 63 64 x  99 64 56 77 x  70 63 60 63 95 x  66 66 90 x  75 99 81 75 x  65 75 68 82 50 56 82 96 50 97 82 76 70 78 99 62 x  75 74 99 59 74 69 82 53 x  96 x  69 x  86 72 63 76 94 64 80 x  95 58 54 51 64 60 83 71 72 77 78 62 60 73
50 x  88 88 66 61 x  81 74 81 52 68 84 58 65 70 73 78 94 54 x  60 85 75 69 50 94 89 x  x  92 96 62 51 58 60 98 58 66 x  73 76 x  65 86 78 78 50 x  65 80 60 60 53 89 93 61 65 73 68 96 x  97 71 x  60 77 70 85 59 51 62 71 61 81 x  99 73 78 83 89 65 67 76 73 73 79 x  x  89 64 88 88 55 56 51 74 78 57 51
x  76 97 67 61 52 55 77 66 x  68 76 56 94 99 55 x  x  69 73 94 88 92 x  58 82 72 98 x  50 x  94 75 55 82 87 63 91 66 73 x  89 70 93 x  86 74 50 97 93 84 x  x  58 52 52 73 59 63 55 72 x  99 94 76 83 x  75 99 61 89 59 90 51 99 92 62 x  81 76 83 65 51 x  56 83 71 50 59 86 98 65 61 65 72 99 66 84 56 52
62 52 58 x  90 69 69 93 x  74 x  83 72 82 94 x  69 87 59 78 55 84 91 73 72 71 62 71 x  x  93 74 97 99 x  75 52 74 90 76 89 x  50 59 82 70 84 99 74 x  60 52 80 64 54 91 84 61 98 81 94 85 x  64 74 52 59 88 88 x  77 54 85 90 51 69 73 82 99 x  73 97 74 75 55 85 99 59 x  57 65 x  51 63 85 63 92 75 95 61
75 64 53 76 x  58 76 94 82 51 59 57 93 72 x  84 67 89 54 74 79 x  74 79 98 78 51 55 x  62 51 65 80 62 62 50 x  x  x  x  70 50 x  x  58 61 89 78 83 70 x  x  68 80 x  x  85 62 78 54 67 95 95 94 80 50 69 85 57 79 79 68 71 83 x  64 80 x  86 86 84 56 74 57 70 64 64 99 92 74 69 55 x  58 53 x  54 79 76 69
71 94 74 60 77 94 68 87 83 67 67 70 90 62 54 55 x  59 50 90 x  x  55 x  87 76 72 83 71 54 85 x  74 78 93 63 x  66 75 65 93 59 x  x  65 x  75 90 77 80 83 59 57 68 62 68 85 77 67 63 87 68 64 98 65 51 75 94 53 63 51 96 67 66 76 72 53 90 89 x  99 65 94 56 78 79 97 53 95 71 65 76 93 65 91 76 54 64 55 79
93 69 81 62 93 51 92 x  67 84 56 92 70 67 51 x  98 x  83 53 72 88 x  84 x  90 60 77 56 89 x  x  87 60 83 x  84 81 99 86 x  82 58 65 x  56 88 98 x  54 52 60 54 65 83 x  67 94 86 53 87 63 61 x  52 56 71 80 72 95 66 94 95 94 89 83 57 84 85 82 79 51 87 95 75 x  62 97 84 72 x  x  91 71 73 75 95 73 80 77
84 60 54 83 75 97 x  53 79 x  60 72 94 83 54 97 72 93 58 81 62 53 83 x  71 95 x  69 x  90 59 99 84 x  54 78 54 79 81 78 86 70 61 x  56 x  90 66 75 58 98 84 x  51 59 x  x  73 88 87 73 99 64 85 86 72 92 60 76 59 x  82 63 57 57 65 94 77 87 74 94 90 x  x  67 53 77 68 x  76 91 65 72 x  98 91 86 72 93 87
87 74 76 61 70 64 98 61 58 x  x  76 51 50 81 82 79 72 99 79 x  x  53 57 90 78 x  91 52 73 74 82 92 65 95 78 63 90 75 78 74 84 89 75 88 90 x  59 80 68 87 85 70 x  66 80 68 69 81 77 54 x  53 55 70 x  68 99 x  95 64 78 x  x  92 88 67 82 69 93 99 53 84 92 68 63 62 95 87 81 72 83 x  56 64 80 97 x  78 x
50 59 97 58 92 90 96 93 64 82 80 75 89 65 50 x  61 92 x  x  72 x  55 71 54 80 82 99 59 84 52 57 82 63 82 73 x  83 x  50 50 99 78 90 98 66 59 x  61 62 71 79 90 58 59 52 86 88 86 x  74 54 68 73 57 66 x  72 63 55 98 68 97 82 87 96 x  69 97 57 53 74 96 58 60 56 x  80 67 x  x  x  x  55 64 94 x  63 97 70
89 87 94 91 x  93 90 92 67 88 x  83 95 63 x  54 93 x  54 61 93 95 74 93 97 85 91 93 x  64 67 54 94 96 87 61 90 68 65 x  97 74 83 77 x  75 80 61 x  55 51 59 x  64 67 88 69 81 52 75 95 50 56 x  93 55 92 52 94 70 77 x  81 72 93 93 63 x  x  71 61 61 77 87 58 52 89 75 x  60 71 65 93 x  77 82 67 79 78 72
91 92 74 83 73 85 x  51 73 87 81 88 97 73 60 x  x  68 87 78 91 79 86 59 x  96 97 51 79 74 72 54 83 x  96 88 82 79 75 65 93 x  70 80 54 58 68 62 55 x  75 96 95 77 x  72 72 x  84 94 65 57 x  x  90 95 82 68 57 67 99 x  60 83 x  53 74 96 83 70 62 92 x  74 62 66 67 60 65 85 87 79 99 86 83 85 82 x  79 51
94 82 x  x  92 52 77 65 62 96 71 70 81 71 x  80 91 84 84 80 97 x  70 x  61 71 x  84 88 55 61 80 86 71 72 57 71 51 68 80 84 60 x  83 52 98 87 71 51 75 x  82 51 64 96 69 x  73 83 54 77 87 91 54 89 81 95 98 x  66 73 63 88 95 72 73 x  56 79 76 55 71 69 x  84 82 74 72 x  87 74 95 53 63 54 79 x  65 95 x
x  97 54 54 89 x  86 79 55 54 95 63 x  79 98 68 x  83 80 87 67 77 70 82 62 84 73 57 83 95 76 x  70 96 73 x  82 62 82 60 x  52 x  59 60 84 85 79 59 96 82 x  61 56 62 87 81 98 54 70 68 x  97 84 63 72 73 56 91 x  88 x  50 55 54 73 99 77 50 89 81 55 51 78 96 97 72 77 75 63 58 94 94 79 x  x  89 73 82 53
50 85 56 82 64 80 76 76 75 x  52 84 62 65 83 78 83 57 94 x  81 99 83 63 51 x  97 88 x  86 57 x  81 69 71 50 55 68 50 60 x  80 68 57 54 x  70 90 x  95 51 61 x  89 61 x  64 94 65 76 x  95 98 x  67 60 57 63 x  97 64 73 69 71 96 x  71 x  99 85 94 89 56 83 54 x  90 71 x  70 83 76 98 68 x  83 85 88 70 88
87 91 76 x  x  86 86 90 77 88 83 51 71 50 61 62 84 57 61 55 57 79 80 89 65 x  92 93 51 79 62 88 50 70 78 76 62 65 56 53 58 64 80 68 65 51 x  58 64 77 64 56 89 x  60 97 70 x  82 x  x  75 51 x  92 99 92 62 54 95 60 83 50 x  97 53 92 70 64 62 71 54 96 92 68 64 65 68 82 x  82 89 51 x  79 95 82 91 79 61
91 97 92 55 61 66 99 60 93 99 x  87 x  71 72 87 85 86 75 51 51 67 90 99 61 x  52 79 83 68 x  78 80 79 87 x  93 78 82 89 52 54 x  62 83 59 66 59 67 x  96 62 61 60 x  65 87 88 50 x  53 x  97 61 90 81 79 68 73 x  64 58 58 85 66 60 83 52 x  86 63 x  71 x  83 89 65 x  91 91 83 70 68 69 77 98 80 93 99 96
66 85 70 50 60 93 x  88 96 56 50 52 70 93 96 53 51 74 64 89 94 84 88 55 71 69 97 61 67 87 89 75 81 50 87 87 98 79 96 93 52 91 x  68 x  x  80 52 88 72 69 87 x  97 65 x  98 53 x  94 52 95 91 84 87 x  88 69 54 81 x  53 56 x  x  78 98 x  58 85 87 69 55 57 89 85 74 x  55 65 50 83 94 89 73 75 95 70 82 59
66 99 87 63 72 69 74 55 88 88 x  x  94 75 90 x  52 x  69 92 73 64 91 89 54 88 x  x  64 64 95 52 89 84 52 66 88 55 50 61 73 84 85 85 67 x  68 86 69 72 x  81 64 70 87 98 x  86 54 88 89 99 x  72 88 60 93 50 53 x  76 82 59 x  72 96 60 56 72 88 90 94 54 75 56 x  79 85 x  86 67 x  x  x  67 94 76 98 92 x
60 86 53 51 92 50 x  92 96 x  67 94 99 70 x  x  70 91 x  54 x  x  90 59 54 79 86 x  61 89 89 78 61 63 66 x  51 69 97 65 59 61 62 77 94 73 69 88 81 x  73 98 94 x  88 53 86 x  93 52 97 83 x  74 85 x  51 50 x  64 72 77 73 x  59 61 x  84 77 96 81 72 73 x  72 62 72 x  81 x  78 82 78 85 92 71 89 x  91 81
x  x  x  82 80 68 x  58 75 99 76 64 77 95 87 65 81 63 83 x  68 67 77 82 60 90 78 53 62 87 74 75 52 93 66 84 67 75 82 73 63 98 78 67 86 88 81 86 52 84 83 54 65 82 50 x  54 93 x  x  95 80 93 96 x  67 75 79 90 x  77 x  80 94 80 74 64 84 77 81 98 94 78 x  63 90 94 82 63 57 68 53 53 94 90 65 x  79 75 83
62 70 x  88 53 88 59 91 50 64 58 99 90 74 91 58 99 75 81 71 77 x  87 82 67 52 62 99 90 82 81 96 76 x  63 74 87 x  76 68 55 81 54 63 53 87 77 x  75 94 54 70 76 x  x  94 88 52 x  x  58 91 x  87 54 74 96 x  67 72 65 98 x  97 69 72 79 81 53 75 71 61 73 x  89 54 62 52 51 80 51 80 53 86 94 88 x  69 85 76
x  93 85 71 90 65 56 50 69 64 61 x  50 59 93 83 76 91 x  90 68 75 59 63 52 51 70 67 87 60 62 59 90 72 91 66 50 95 70 96 72 94 67 87 87 73 54 74 95 65 77 68 x  x  53 52 89 97 95 58 x  80 70 81 89 62 74 58 73 x  x  81 x  53 65 78 84 83 79 95 92 x  66 93 92 57 50 79 x  64 99 52 54 x  53 62 72 x  62 76
76 x  54 74 95 96 72 55 60 x  68 82 65 55 x  53 98 x  68 93 84 x  x  x  75 58 x  84 67 93 74 x  71 55 72 97 62 55 78 x  x  85 95 68 63 99 x  54 50 57 87 x  95 75 x  95 99 83 80 91 80 x  x  97 94 x  x  58 79 60 58 76 x  63 63 75 x  53 91 70 71 84 75 53 90 89 57 x  85 89 75 78 x  75 52 96 x  79 75 85
x  60 55 93 86 61 67 74 66 82 72 x  67 78 71 91 53 88 x  76 x  x  66 80 64 x  57 62 x  89 75 97 x  x  74 85 66 84 99 97 99 x  95 64 61 64 53 68 56 x  91 97 98 51 97 91 x  x  93 x  70 x  x  73 81 74 50 74 x  82 96 97 x  91 76 72 98 75 72 77 80 53 84 60 x  68 77 74 51 87 60 55 96 78 59 67 93 72 64 83
x  77 97 51 78 58 78 96 87 x  68 59 58 64 60 92 97 84 72 x  73 91 72 81 x  74 99 84 69 96 66 75 83 x  63 76 58 83 62 71 94 64 94 98 x  85 55 73 x  x  54 84 x  x  61 84 72 74 96 87 81 97 73 x  55 63 66 51 55 81 80 65 73 75 55 58 63 98 88 82 x  53 x  65 84 80 93 55 55 87 76 60 61 95 95 85 72 86 53 74
98 61 x  65 82 78 96 68 x  93 x  80 91 90 51 82 x  50 96 69 57 x  58 54 68 62 90 67 56 73 89 x  x  x  99 73 84 67 x  x  76 74 80 65 52 86 70 57 93 90 89 63 67 92 90 87 88 85 x  54 89 94 81 55 x  53 93 52 60 69 59 91 x  61 72 61 65 86 65 80 64 96 67 x  89 x  98 59 91 91 53 57 87 72 62 x  87 75 89 52
72 x  67 70 79 51 82 61 51 x  x  x  68 83 x  x  95 x  55 98 62 74 89 x  54 63 95 66 60 58 55 x  89 65 74 53 87 71 75 60 83 52 50 51 56 72 x  66 55 95 81 72 60 99 81 x  60 x  67 74 62 x  74 63 53 x  90 x  x  77 77 63 90 86 x  x  x  82 65 58 93 71 65 99 77 67 77 75 64 98 94 88 57 69 53 65 71 85 98 72
55 x  x  69 96 55 76 67 80 67 56 95 80 98 96 50 54 79 86 x  97 82 96 99 91 53 93 62 54 76 x  50 x  53 81 51 90 78 74 77 x  59 69 75 71 92 68 x  92 82 95 73 57 92 79 88 93 51 75 96 74 x  50 66 93 90 x  59 88 69 71 88 52 66 86 54 53 95 60 98 63 78 70 80 88 62 81 74 57 67 68 71 76 75 78 53 x  56 70 79
94 99 89 84 64 69 85 83 74 83 56 67 70 x  90 97 93 63 61 70 73 50 53 x  85 52 76 96 50 97 54 61 57 85 81 81 71 88 99 70 75 88 85 94 80 60 99 72 52 68 98 56 63 62 68 69 50 50 79 x  58 58 74 51 52 x  59 x  69 80 69 72 72 99 92 91 55 x  73 76 81 86 72 62 94 79 53 89 53 54 52 58 74 80 63 52 70 x  68 67
86 74 89 94 52 97 97 98 79 57 85 98 88 50 63 95 73 59 x  77 82 73 57 71 51 x  51 x  x  57 55 x  59 83 89 71 x  x  59 85 99 88 57 53 72 76 x  63 94 57 x  91 x  54 73 54 53 x  90 67 73 79 x  55 60 x  88 69 x  x  x  x  80 94 91 88 53 x  79 73 x  x  x  96 80 88 85 x  80 85 x  91 84 84 69 83 78 53 82 x
94 96 51 54 83 62 58 x  80 74 80 76 74 x  72 79 95 73 69 x  57 75 79 55 78 64 77 97 86 68 61 89 x  99 99 96 83 82 74 59 61 x  79 63 95 59 95 55 70 67 66 x  97 95 x  81 x  64 x  72 x  60 82 81 69 77 69 80 x  x  90 82 73 93 82 72 72 74 83 x  97 x  71 90 55 83 92 64 x  84 x  67 x  99 x  65 55 x  x  x
83 55 83 68 70 78 89 64 50 95 x  61 74 85 95 65 86 86 56 93 x  50 x  64 81 52 84 69 91 93 x  79 x  x  75 98 96 78 69 51 89 77 79 51 66 x  64 98 77 99 73 88 64 60 64 x  76 72 77 65 x  58 96 80 59 77 71 69 x  90 x  67 x  x  80 98 69 x  x  74 63 90 84 67 62 61 64 x  63 64 83 64 67 81 50 x  73 59 59 65
67 66 55 x  72 62 60 x  80 61 75 x  96 53 63 90 99 x  93 65 88 64 73 76 95 80 x  57 70 69 94 x  96 75 91 79 68 80 82 62 59 54 68 96 94 82 78 68 x  x  63 x  73 83 58 53 82 77 x  98 81 76 97 65 91 63 88 72 x  82 67 x  x  75 94 81 88 56 81 88 59 x  90 98 51 57 95 97 53 x  51 83 53 87 x  83 54 53 97 56
91 96 79 71 70 86 86 82 83 85 x  70 50 92 71 x  97 89 67 65 x  62 x  57 50 52 53 80 95 84 70 54 85 78 74 70 72 57 53 71 90 85 71 67 95 63 x  97 81 60 88 50 69 50 58 56 59 73 80 x  x  x  x  73 x  90 52 72 80 73 x  x  x  98 80 86 x  x  91 95 81 64 69 83 81 58 78 x  57 69 58 65 81 59 65 73 73 79 52 x
65 97 96 55 62 98 97 51 97 88 x  53 99 62 x  79 51 82 77 70 50 53 57 87 63 50 70 81 77 82 65 55 95 53 x  62 x  64 x  61 51 90 83 66 94 57 x  82 72 83 95 55 71 x  85 x  x  x  94 97 53 63 91 75 61 86 66 99 94 93 x  75 98 x  64 73 88 87 66 88 86 97 65 76 76 76 56 x  77 57 98 93 72 94 99 99 60 x  x  96
52 99 61 58 60 74 67 60 88 88 98 67 85 53 51 62 95 96 91 x  75 68 x  x  85 76 x  x  x  85 96 x  x  81 x  72 53 97 96 81 99 51 x  76 89 57 92 87 93 x  72 54 96 97 66 x  72 59 80 69 65 63 76 55 72 x  86 92 91 82 80 94 80 64 x  x  54 x  63 61 88 74 74 93 83 85 78 93 51 71 62 77 77 94 88 60 94 57 89 71
70 80 57 89 73 66 79 53 88 89 64 74 x  59 87 55 84 52 65 88 75 93 69 62 x  59 89 93 89 59 x  91 76 67 87 94 52 67 x  x  92 69 64 72 83 65 88 96 93 53 73 73 x  53 60 78 96 61 74 72 78 75 72 58 61 x  54 91 88 72 98 81 86 73 x  x  70 x  97 91 73 85 56 62 99 80 x  59 x  96 86 64 x  x  69 83 x  x  75 x
50 x  58 54 75 68 50 81 81 96 96 70 84 98 94 66 56 93 x  55 97 52 68 96 56 68 51 65 97 79 x  71 x  x  99 59 50 94 69 99 62 73 80 53 57 94 67 x  63 74 x  99 71 92 83 98 60 x  64 79 84 x  98 63 65 x  53 55 53 72 69 88 x  88 54 70 x  x  72 98 x  91 75 63 95 65 68 51 51 76 x  69 85 66 92 67 54 71 95 x
56 90 53 84 79 99 x  86 75 84 83 92 96 x  71 x  x  96 75 x  x  65 x  60 72 71 95 61 x  76 78 66 93 78 87 64 75 64 x  73 x  82 x  90 84 77 82 69 x  96 56 77 x  70 52 x  56 84 84 81 83 53 75 98 86 82 95 x  x  74 x  56 x  87 x  x  x  x  72 53 64 72 87 68 91 68 82 98 55 93 91 65 52 72 87 71 70 74 64 51
63 54 82 59 90 50 72 93 84 77 84 96 83 87 97 x  68 66 x  67 79 90 96 x  94 77 94 60 60 75 63 58 68 x  70 x  79 65 86 78 81 99 86 89 85 87 69 97 x  83 79 50 99 64 x  58 72 77 77 53 79 91 72 88 65 65 60 73 79 83 x  81 91 66 63 97 72 72 x  83 53 75 72 69 64 96 75 84 54 54 57 99 x  58 50 78 71 97 59 51
65 x  93 97 59 83 99 72 x  52 92 84 91 58 61 72 94 96 x  64 77 89 54 x  79 58 81 80 55 56 73 91 x  91 85 61 79 62 72 83 76 x  86 x  82 74 93 57 71 70 76 89 85 62 86 85 88 96 81 75 95 70 77 82 80 58 98 76 73 x  74 88 95 88 61 91 98 53 83 x  78 64 99 90 x  x  53 90 97 82 94 62 75 63 61 89 93 88 90 x
70 91 78 54 96 x  71 60 x  78 53 x  79 72 50 89 x  96 59 94 87 89 x  97 69 89 x  81 99 51 70 60 50 62 63 73 69 81 63 89 83 73 84 99 79 94 99 53 61 62 55 81 94 71 63 87 90 81 98 71 92 71 80 x  64 93 63 81 x  97 63 59 81 86 88 73 x  64 53 78 x  51 82 82 x  71 64 70 50 86 61 75 55 51 67 86 78 58 66 80
75 82 71 x  98 97 91 91 59 91 65 56 73 83 55 68 x  87 99 93 98 67 97 55 90 89 x  69 75 55 63 x  82 60 78 59 95 x  76 65 65 97 56 65 51 90 53 74 61 92 71 55 89 54 x  69 94 72 94 61 x  84 53 53 96 71 78 86 x  x  90 x  64 97 74 85 91 72 75 64 51 x  83 72 92 69 75 x  66 93 74 55 59 95 55 54 60 58 70 65
70 78 x  91 81 65 90 82 x  99 81 51 96 63 60 56 56 90 72 x  61 81 54 65 66 88 55 83 74 54 70 95 56 55 95 71 x  74 94 67 51 74 74 94 87 x  84 96 77 x  69 51 56 96 71 55 54 73 78 73 66 75 84 x  67 65 70 72 x  71 84 90 69 65 74 56 75 87 72 99 82 83 x  81 89 x  82 59 77 99 68 50 67 83 61 89 76 73 58 66
52 84 91 74 80 69 99 54 99 x  x  x  x  x  98 52 86 61 92 60 73 56 x  91 97 x  94 x  60 95 99 97 x  89 x  71 84 83 64 76 x  75 57 56 95 x  92 58 87 74 x  78 83 92 x  57 75 x  x  x  93 53 60 65 x  99 80 62 96 90 67 98 83 76 93 62 63 68 69 90 82 72 81 x  57 79 x  x  x  90 83 68 85 64 x  75 82 x  74 81
53 69 71 69 54 73 56 x  68 69 89 68 63 58 58 74 88 59 54 x  x  65 67 83 57 x  65 78 60 57 81 62 77 51 73 90 90 88 80 73 56 55 70 78 75 67 68 60 58 62 84 96 54 68 83 89 56 72 63 89 92 90 x  84 89 77 88 94 80 55 62 51 81 76 83 99 95 91 64 x  x  92 89 57 x  x  99 65 90 x  98 92 89 83 94 x  74 93 96 93
96 97 x  84 66 x  78 x  70 80 94 70 67 76 82 71 x  64 94 73 83 57 86 x  80 95 53 64 82 94 94 x  63 77 x  98 54 98 x  73 83 85 64 79 x  53 63 56 52 66 82 97 x  64 89 85 x  62 90 54 57 89 68 80 x  67 62 79 88 83 61 57 58 76 85 80 65 68 96 x  71 69 x  79 x  x  x  80 61 91 69 52 73 62 89 61 67 69 63 50
58 78 50 56 74 79 53 70 50 84 97 77 69 58 73 50 93 81 x  97 71 x  90 65 75 89 54 74 59 96 78 78 62 x  x  84 62 88 95 79 71 99 64 97 62 77 62 x  89 67 74 72 90 65 65 74 79 72 94 62 50 57 77 93 98 77 81 53 85 92 64 95 78 56 78 x  68 82 75 53 64 75 82 x  99 x  x  93 x  74 x  60 84 51 58 91 50 x  71 76
89 69 92 97 87 x  87 53 67 54 76 64 70 98 63 95 x  x  x  82 x  x  70 87 72 99 81 69 95 78 64 97 56 57 54 78 x  81 58 x  50 59 99 53 97 68 95 80 75 60 72 77 71 68 x  x  85 x  82 52 79 x  74 55 59 75 74 89 x  64 x  97 x  x  93 59 51 98 84 90 70 x  59 x  65 80 93 x  72 76 77 85 69 69 58 57 88 68 97 93
73 58 53 61 55 63 x  63 65 60 60 88 90 x  59 82 92 98 55 83 68 95 98 57 83 82 88 75 96 68 x  95 85 63 87 54 81 85 54 x  59 x  92 95 84 x  87 67 x  65 x  75 x  82 91 55 x  81 63 51 x  85 51 55 91 64 57 53 80 x  63 53 57 77 51 x  51 55 54 97 50 66 77 x  90 61 x  72 x  97 78 50 63 72 79 62 95 72 61 82
54 66 80 68 63 73 92 78 69 63 69 59 59 87 76 80 98 67 x  88 70 86 83 93 78 54 x  70 82 53 63 76 90 86 91 68 69 76 51 89 86 57 74 71 72 76 81 x  60 85 87 63 70 x  91 65 86 x  57 80 64 89 87 87 91 98 67 54 85 84 64 x  69 57 71 96 76 93 54 82 86 93 99 90 x  91 74 76 97 x  60 88 73 52 x  97 x  99 x  84
51 80 58 69 75 72 61 76 69 53 53 82 x  x  69 97 73 70 x  76 87 68 x  x  95 88 63 98 x  x  73 95 90 92 72 75 86 68 64 64 98 65 69 65 x  91 72 x  71 87 74 58 83 82 83 50 67 78 68 51 99 75 60 76 53 94 68 52 x  x  83 51 58 98 62 86 x  91 57 94 61 74 68 83 98 69 x  77 78 60 x  68 71 91 97 86 77 73 99 65
x  90 78 58 74 94 66 73 68 78 63 95 x  92 68 92 50 x  x  x  97 99 55 56 53 74 58 75 77 67 53 82 71 84 65 75 81 72 60 88 65 x  55 76 x  65 83 x  65 79 95 94 76 89 70 83 x  82 53 80 52 78 55 60 57 88 71 58 91 67 64 83 65 93 77 64 69 65 99 62 75 55 50 68 92 52 60 85 50 88 68 x  x  x  63 94 63 76 66 77
x  64 84 x  65 87 54 79 84 70 63 99 76 x  52 90 68 53 75 66 57 54 77 82 98 50 95 85 60 80 x  x  93 x  x  85 63 86 83 88 61 51 x  93 91 72 x  x  93 99 53 94 98 51 68 94 x  78 53 53 54 x  96 61 87 57 76 74 84 x  67 53 81 72 77 x  85 52 x  75 55 59 67 85 89 73 84 69 63 73 71 x  x  x  72 x  80 86 50 77
90 88 51 83 75 67 88 55 68 x  51 96 98 66 87 86 64 52 77 71 51 x  96 65 x  94 x  x  86 97 77 87 x  x  x  81 75 x  71 55 65 63 58 65 71 x  56 55 x  86 63 79 68 x  69 89 x  85 94 86 x  75 78 95 72 69 75 80 84 99 81 87 59 94 94 x  66 72 58 63 51 95 83 64 83 62 51 69 72 52 91 x  x  x  70 68 86 93 72 63
56 78 98 91 71 73 64 68 92 99 61 78 63 x  78 x  80 73 58 63 94 77 91 98 85 x  53 70 78 71 66 87 87 73 75 69 58 74 72 56 72 85 53 91 73 98 64 64 77 83 54 x  x  79 77 73 67 92 90 94 53 52 59 95 62 53 78 63 69 x  50 x  65 99 88 69 92 87 50 61 67 55 61 x  94 89 58 58 79 x  97 63 72 70 x  x  92 72 83 69
51 60 x  85 x  62 75 74 x  x  94 75 95 82 79 75 x  x  x  54 99 57 55 58 91 66 89 61 81 73 x  96 59 67 82 75 x  77 77 51 99 63 x  76 75 91 80 94 82 85 79 x  83 95 98 75 94 71 65 88 62 96 67 85 x  65 53 52 83 65 x  83 73 99 60 83 67 71 78 89 86 54 89 75 x  61 91 57 62 97 86 94 x  68 x  x  74 98 72 93
x  x  51 x  98 51 61 50 55 60 99 83 63 x  73 97 65 x  90 83 93 85 59 57 x  64 92 92 86 x  x  87 74 x  92 75 55 x  78 74 66 92 54 54 95 86 97 x  67 82 x  89 85 82 80 95 76 89 x  x  72 x  93 72 87 71 x  70 78 55 73 54 73 60 94 x  54 70 71 93 78 60 76 82 74 67 50 88 95 x  77 63 80 86 92 74 x  65 67 58
73 90 68 52 89 53 x  x  x  66 71 84 59 50 59 57 56 99 51 54 64 96 73 99 72 80 57 88 66 58 86 76 x  88 79 79 83 69 62 78 84 75 79 64 73 72 x  63 79 x  65 73 88 91 93 70 98 x  79 69 x  79 72 86 75 85 56 x  53 x  59 53 79 x  57 x  71 74 97 88 58 58 73 x  93 69 x  68 72 99 73 76 86 93 72 98 65 x  78 92
x  69 54 64 54 x  87 56 71 73 x  77 64 91 91 99 72 95 71 50 73 92 98 67 61 86 x  94 94 79 99 83 51 66 x  78 59 93 60 57 56 95 76 55 80 93 78 97 78 79 95 82 70 79 99 82 92 91 75 85 62 75 64 53 89 98 70 68 82 x  59 97 52 x  89 75 95 64 59 90 66 70 58 74 96 63 71 97 61 x  99 66 50 72 83 72 67 78 x  78
97 87 50 63 74 92 x  74 68 70 x  x  51 83 76 97 76 96 x  81 x  79 67 83 79 52 73 97 83 x  50 94 x  85 86 68 57 92 73 51 52 61 69 79 77 87 x  70 72 51 x  53 88 61 96 59 x  81 83 76 76 85 83 74 52 72 79 67 x  x  65 56 x  96 71 x  x  51 51 x  80 65 66 81 93 50 76 93 82 84 65 77 77 63 69 93 58 92 78 x