50
25
loc0 loc1 loc2 loc3 loc4 loc5 loc6 loc7 loc8 loc9 loc10 loc11 loc12 loc13 loc14 loc15 loc16 loc17 loc18 loc19 loc20 loc21 loc22 loc23 loc24 loc25 loc26 loc27 loc28 loc29 loc30 loc31 loc32 loc33 loc34 loc35 loc36 loc37 loc38 loc39 loc40 loc41 loc42 loc43 loc44 loc45 loc46 loc47 loc48 loc49
loc30 loc20 loc23 loc37 loc22 loc4 loc47 loc36 loc39 loc17 loc16 loc31 loc35 loc42 loc46 loc14 loc33 loc25 loc6 loc41 loc7 loc19 loc28 loc32 loc29
loc44
x  x  x  66 98 77 88 53 72 89 87 64 x  58 x  83 68 x  64 69 52 75 56 67 90 61 71 55 97 51 92 78 58 93 x  53 76 81 81 51 88 82 99 78 x  65 63 x  91 89
x  x  x  x  69 58 81 86 68 x  79 84 59 52 69 98 x  51 x  95 72 81 x  90 63 95 81 56 77 68 91 86 59 84 96 x  96 x  x  x  69 65 74 58 x  50 89 64 x  99
x  x  x  69 50 69 74 65 74 54 93 51 55 x  x  x  x  60 93 89 95 82 65 52 x  55 96 58 67 x  68 x  87 63 51 73 67 x  84 83 52 92 50 x  87 94 97 62 95 52
66 x  69 x  90 80 58 68 51 53 58 x  62 81 x  73 54 63 50 94 72 81 68 x  63 96 67 73 79 90 x  85 70 68 91 71 87 x  94 71 67 x  82 84 67 71 88 98 58 x
98 69 50 90 x  52 74 x  82 55 86 88 51 62 99 71 x  77 78 x  x  76 81 74 94 81 61 82 80 81 63 80 80 x  84 86 50 97 55 97 95 57 97 66 x  58 95 72 51 68
77 58 69 80 52 x  81 98 52 x  63 80 96 93 94 64 50 72 78 75 85 97 58 59 57 x  50 99 x  69 94 60 x  73 67 57 82 50 95 98 51 75 56 59 94 97 x  x  57 83
88 81 74 58 74 81 x  64 x  76 x  x  x  86 69 71 98 61 74 50 72 61 76 90 67 65 51 76 71 58 x  54 95 89 50 97 x  60 93 89 74 76 88 x  90 96 60 81 89 60
53 86 65 68 x  98 64 x  86 71 81 x  86 90 75 57 58 83 53 60 52 65 95 52 82 85 75 71 70 53 x  67 75 82 85 60 60 97 60 x  65 69 58 76 56 71 77 x  63 x
72 68 74 51 82 52 x  86 x  58 89 53 95 x  x  63 x  50 x  60 97 65 82 65 88 87 69 62 61 85 82 69 95 x  93 99 x  93 91 x  69 x  62 76 91 71 89 68 52 72
89 x  54 53 55 x  76 71 58 x  88 93 79 x  x  x  67 61 69 66 60 x  71 65 59 57 94 x  67 92 x  86 87 95 95 57 66 69 97 86 73 83 88 x  95 86 90 x  81 74
87 79 93 58 86 63 x  81 89 88 x  75 96 70 81 51 x  64 75 82 97 x  89 92 x  61 57 x  64 74 65 56 93 95 80 57 65 x  x  50 61 90 52 52 50 82 87 96 72 x
64 84 51 x  88 80 x  x  53 93 75 x  98 83 92 50 66 95 60 53 86 64 84 54 71 64 63 x  54 84 53 x  84 x  74 50 92 93 52 78 x  x  69 65 59 93 77 53 57 94
x  59 55 62 51 96 x  86 95 79 96 98 x  90 82 60 66 86 80 96 97 84 x  53 54 54 90 58 x  81 92 x  51 59 60 77 95 56 97 x  65 99 78 84 x  63 81 82 54 68
58 52 x  81 62 93 86 90 x  x  70 83 90 x  74 85 96 57 60 50 98 68 59 x  53 50 93 82 86 71 85 96 60 50 88 85 x  x  94 92 x  69 80 87 79 67 75 51 90 50
x  69 x  x  99 94 69 75 x  x  81 92 82 74 x  51 75 92 x  87 51 59 77 61 61 67 69 74 64 91 94 84 70 73 79 77 64 x  x  54 82 x  70 63 x  78 77 93 x  54
83 98 x  73 71 64 71 57 63 x  51 50 60 85 51 x  88 72 54 86 50 x  52 73 x  89 66 58 58 97 66 52 68 x  62 68 x  51 67 68 x  55 51 72 75 64 57 91 54 58
68 x  x  54 x  50 98 58 x  67 x  66 66 96 75 88 x  89 66 82 57 54 59 65 70 85 70 60 75 63 82 65 60 72 x  81 85 74 96 68 x  75 78 78 96 x  99 85 83 52
x  51 60 63 77 72 61 83 50 61 64 95 86 57 92 72 89 x  x  81 x  71 64 70 99 96 76 61 x  60 82 x  73 x  51 57 95 77 56 92 76 97 66 73 85 69 76 84 x  82
64 x  93 50 78 78 74 53 x  69 75 60 80 60 x  54 66 x  x  x  71 81 71 50 73 53 x  x  59 64 83 54 92 90 98 69 92 93 60 70 62 x  78 x  84 83 97 x  70 x
69 95 89 94 x  75 50 60 60 66 82 53 96 50 87 86 82 81 x  x  53 x  89 94 59 96 x  97 62 51 62 82 64 86 79 x  52 59 73 x  62 65 57 56 88 x  55 98 50 95
52 72 95 72 x  85 72 52 97 60 97 86 97 98 51 50 57 x  71 53 x  64 84 85 94 x  94 50 x  61 97 62 x  82 65 55 76 x  54 51 82 55 85 64 70 x  59 x  74 56
75 81 82 81 76 97 61 65 65 x  x  64 84 68 59 x  54 71 81 x  64 x  52 x  77 71 88 80 83 66 95 x  65 74 73 84 72 71 69 93 85 91 70 86 53 95 90 57 86 56
56 x  65 68 81 58 76 95 82 71 89 84 x  59 77 52 59 64 71 89 84 52 x  x  93 x  75 75 77 81 x  60 86 54 69 60 62 76 x  65 x  x  58 69 57 x  91 x  x  x
67 90 52 x  74 59 90 52 65 65 92 54 53 x  61 73 65 70 50 94 85 x  x  x  74 94 x  83 68 74 66 98 82 86 x  86 70 53 x  60 x  62 52 92 57 85 89 56 90 76
90 63 x  63 94 57 67 82 88 59 x  71 54 53 61 x  70 99 73 59 94 77 93 74 x  76 81 99 50 57 x  83 85 80 86 52 x  50 71 x  57 x  72 60 94 55 66 x  x  95
61 95 55 96 81 x  65 85 87 57 61 64 54 50 67 89 85 96 53 96 x  71 x  94 76 x  64 96 52 x  51 82 85 94 97 77 98 98 53 76 x  64 87 63 60 55 52 x  84 78
71 81 96 67 61 50 51 75 69 94 57 63 90 93 69 66 70 76 x  x  94 88 75 x  81 64 x  x  66 53 76 96 93 88 85 90 63 82 73 x  95 74 62 68 x  96 81 64 84 x
55 56 58 73 82 99 76 71 62 x  x  x  58 82 74 58 60 61 x  97 50 80 75 83 99 96 x  x  82 93 51 86 56 72 x  x  99 x  90 83 97 75 69 87 80 87 63 97 x  78
97 77 67 79 80 x  71 70 61 67 64 54 x  86 64 58 75 x  59 62 x  83 77 68 50 52 66 82 x  99 54 74 77 x  69 91 63 52 x  64 84 62 57 63 89 x  x  76 64 90
51 68 x  90 81 69 58 53 85 92 74 84 81 71 91 97 63 60 64 51 61 66 81 74 57 x  53 93 99 x  57 54 94 90 81 60 99 75 74 77 99 x  73 89 89 64 74 70 85 63
92 91 68 x  63 94 x  x  82 x  65 53 92 85 94 66 82 82 83 62 97 95 x  66 x  51 76 51 54 57 x  53 61 80 79 50 89 66 69 92 78 x  50 77 90 84 66 61 52 60
78 86 x  85 80 60 54 67 69 86 56 x  x  96 84 52 65 x  54 82 62 x  60 98 83 82 96 86 74 54 53 x  x  73 x  94 80 92 77 51 91 x  x  89 75 64 85 66 89 56
58 59 87 70 80 x  95 75 95 87 93 84 51 60 70 68 60 73 92 64 x  65 86 82 85 85 93 56 77 94 61 x  x  63 75 78 x  65 68 75 60 77 79 62 95 x  78 85 x  x
93 84 63 68 x  73 89 82 x  95 95 x  59 50 73 x  72 x  90 86 82 74 54 86 80 94 88 72 x  90 80 73 63 x  94 71 x  67 62 52 72 96 54 92 91 70 93 x  88 x
x  96 51 91 84 67 50 85 93 95 80 74 60 88 79 62 x  51 98 79 65 73 69 x  86 97 85 x  69 81 79 x  75 94 x  58 55 x  60 91 73 96 91 59 82 92 82 86 63 76
53 x  73 71 86 57 97 60 99 57 57 50 77 85 77 68 81 57 69 x  55 84 60 86 52 77 90 x  91 60 50 94 78 71 58 x  59 57 x  x  66 90 58 86 89 96 94 85 62 77
76 96 67 87 50 82 x  60 x  66 65 92 95 x  64 x  85 95 92 52 76 72 62 70 x  98 63 99 63 99 89 80 x  x  55 59 x  x  68 76 91 76 87 92 60 83 71 67 67 x
81 x  x  x  97 50 60 97 93 69 x  93 56 x  x  51 74 77 93 59 x  71 76 53 50 98 82 x  52 75 66 92 65 67 x  57 x  x  70 67 76 58 77 68 x  88 83 x  82 x
81 x  84 94 55 95 93 60 91 97 x  52 97 94 x  67 96 56 60 73 54 69 x  x  71 53 73 90 x  74 69 77 68 62 60 x  68 70 x  77 73 52 x  x  71 73 52 x  86 70
51 x  83 71 97 98 89 x  x  86 50 78 x  92 54 68 68 92 70 x  51 93 65 60 x  76 x  83 64 77 92 51 75 52 91 x  76 67 77 x  85 50 76 x  53 x  96 50 80 x
88 69 52 67 95 51 74 65 69 73 61 x  65 x  82 x  x  76 62 62 82 85 x  x  57 x  95 97 84 99 78 91 60 72 73 66 91 76 73 85 x  79 92 93 52 98 74 x  51 92
82 65 92 x  57 75 76 69 x  83 90 x  99 69 x  55 75 97 x  65 55 91 x  62 x  64 74 75 62 x  x  x  77 96 96 90 76 58 52 50 79 x  86 75 79 98 84 77 89 63
99 74 50 82 97 56 88 58 62 88 52 69 78 80 70 51 78 66 78 57 85 70 58 52 72 87 62 69 57 73 50 x  79 54 91 58 87 77 x  76 92 86 x  84 84 90 90 76 73 55
78 58 x  84 66 59 x  76 76 x  52 65 84 87 63 72 78 73 x  56 64 86 69 92 60 63 68 87 63 89 77 89 62 92 59 86 92 68 x  x  93 75 84 x  52 x  97 x  96 72
x  x  87 67 x  94 90 56 91 95 50 59 x  79 x  75 96 85 84 88 70 53 57 57 94 60 x  80 89 89 90 75 95 91 82 89 60 x  71 53 52 79 84 52 x  92 x  91 x  73
65 50 94 71 58 97 96 71 71 86 82 93 63 67 78 64 x  69 83 x  x  95 x  85 55 55 96 87 x  64 84 64 x  70 92 96 83 88 73 x  98 98 90 x  92 x  73 89 90 x
63 89 97 88 95 x  60 77 89 90 87 77 81 75 77 57 99 76 97 55 59 90 91 89 66 52 81 63 x  74 66 85 78 93 82 94 71 83 52 96 74 84 90 97 x  73 x  74 52 89
x  64 62 98 72 x  81 x  68 x  96 53 82 51 93 91 85 84 x  98 x  57 x  56 x  x  64 97 76 70 61 66 85 x  86 85 67 x  x  50 x  77 76 x  91 89 74 x  95 88
91 x  95 58 51 57 89 63 52 81 72 57 54 90 x  54 83 x  70 50 74 86 x  90 x  84 84 x  64 85 52 89 x  88 63 62 67 82 86 80 51 89 73 96 x  90 52 95 x  62
89 99 52 x  68 83 60 x  72 74 x  94 68 50 54 58 52 82 x  95 56 56 x  76 95 78 x  78 90 63 60 56 x  x  76 77 x  x  70 x  92 63 55 72 73 x  89 88 62 x