50
5
GpyFTnEE4rHNMuc ndY4X14CxOpD EklqsAxUlgEcLXU tVPxuBp 89cJIN1EhzqE boDRGmFj29CbjOef4tAB TshYfdpi wKIsVWvdEcW EyT4NHjYwMPuA1Vh cW4tJL664XdIU pLMRqE Frc 5 wpKGlzpgVavk0n5TWyuG mL6XGsQDGTsp TQ1LGE62xX d1FfXMls5tWicQE lsMw 9Gnpl4H4q WT9r Piwck8w DWFbiFpcxq L112bEQ2X27OBz Tnq745yp 1x4bEchDBIm0qcmOmOX drkMnPY YT4j 0Q KVuL gOHHiHuAB3qFFgoW 3x65QjLCo2R0OD IDo1mqLTH u0i2y5pEitib ilRBZ3wvfoN54ay BVou70 silC60mrHEyXogGvuEs Zyn wC9AkzxwXtyQUcGIc2g r8eZT EotGOTAC 0CYxLOjqc lsTqU xPKBw 1y 4zva CyQUXpmVCcDmeGzaKns oJzOYnS12bPL506yg I7OrugJZbnz MrmTg9zk2tmnB0ZmrP08 BtHvFyaguHL7UVjYeWQ
MrmTg9zk2tmnB0ZmrP08 mL6XGsQDGTsp WT9r silC60mrHEyXogGvuEs 89cJIN1EhzqE
3x65QjLCo2R0OD
x 82.13404 60.63827 65.36819 51.78803 62.62587 35.4683 74.33034 59.13544 24.69818 18.35756 29.61419 58.54912 56.4358 42.19005 110.63453 60.90156 24.5153 x 19.41649 43.17407 92.76314 65.12296 73.24616 78.39005 92.61749 71.17584 49.0306 70.77429 78.58753 72.94518 76.41989 81.21576 26.68333 72.0 56.30275 52.95281 80.11242 58.00862 40.5216 51.97115 94.11164 14.86607 37.57659 38.20995 74.27651 85.14693 71.58911 89.37561 31.01612
82.13404 x 41.04875 23.34524 52.15362 20.0 77.20104 11.0 59.03389 81.43709 80.13114 68.88396 63.07139 29.54657 54.42426 31.01612 31.06445 98.61541 49.39636 66.06815 52.63079 56.0803 59.13544 45.88028 25.55386 18.43909 60.82763 51.47815 27.29469 83.67795 27.51363 5.83095 53.23533 70.3278 63.32456 31.04835 71.06335 25.05993 62.07254 73.75636 33.12099 51.62364 83.52844 49.65884 43.93177 10.04988 4.0 10.63015 x 61.77378
60.63827 41.04875 x 18.11077 62.20129 26.92582 74.46476 41.97618 18.0 72.33948 68.02941 36.05551 22.02272 17.20465 19.72308 71.19691 48.60041 83.48653 42.72002 41.23106 56.4358 87.23531 18.97367 70.21396 57.58472 59.03389 22.47221 59.64059 15.23155 100.4241 55.4617 38.11824 79.88116 38.58756 82.73452 43.27817 78.77182 23.60085 74.4043 74.33034 18.43909 84.58132 69.06519 47.42362 33.24154 x 41.4367 33.37664 44.91102 30.8707
65.36819 23.34524 18.11077 x 51.62364 10.63015 70.00714 24.04163 36.05551 70.85901 67.91171 47.20169 40.0125 8.94427 31.76476 54.12024 34.20526 85.3815 38.11824 47.20169 48.05206 70.72482 36.87818 55.15433 40.24922 41.0 39.56008 49.64877 8.94427 88.68484 38.83298 20.02498 64.44377 49.0408 69.63476 30.01666 69.92138 16.03122 63.56099 68.35934 13.41641 67.60178 70.21396 41.04875 29.61419 22.80351 24.35159 15.29706 28.23119 x
51.78803 52.15362 62.20129 51.62364 x 41.76123 28.42534 41.19466 74.33034 37.20215 39.35734 60.40695 76.6942 46.14109 57.42822 71.11962 21.09502 56.61272 24.16609 48.05206 9.05539 41.0 78.49204 21.93171 34.48188 52.80152 83.54639 3.16228 60.53924 38.28838 29.06888 47.01064 29.42788 59.48109 22.84732 22.36068 19.0263 66.48308 12.20656 23.32381 43.82921 42.72002 44.28318 18.38478 31.40064 42.10701 56.14268 45.17743 59.4138 54.626
62.62587 20.0 26.92582 10.63015 41.76123 x 62.28965 16.03122 44.14748 64.56005 62.39391 49.24429 47.85394 11.0 35.69314 50.53712 23.60085 80.5295 31.62278 46.09772 39.11521 60.53924 45.88028 44.55334 30.67572 34.9285 49.1935 40.02499 19.41649 78.29432 28.6531 14.76482 53.90733 x 59.07622 19.69772 60.41523 24.73863 53.48832 60.0 13.60147 57.69749 65.30697 33.37664 24.69818 15.13275 22.62742 9.43398 26.87006 42.04759
35.4683 77.20104 74.46476 70.00714 28.42534 62.28965 x 66.7308 80.9506 12.0 17.46425 57.31492 81.9878 x 62.17717 99.12618 47.42362 30.08322 32.24903 43.18565 24.69818 65.76473 86.33076 49.0408 62.68174 80.62258 92.19544 27.45906 78.16009 x 57.14018 71.56815 54.20332 55.15433 41.10961 46.17359 19.23538 86.0 27.73085 6.32456 x 68.7968 22.2036 29.01724 41.59327 67.35726 81.0432 68.44706 84.77028 54.40588
74.33034 11.0 41.97618 24.04163 41.19466 16.03122 66.7308 x 59.68249 71.58911 70.72482 64.51356 63.50591 27.01851 51.62364 36.40055 20.09975 89.30845 40.45986 59.68249 42.05948 48.16638 60.87693 35.77709 17.02939 19.31321 63.56886 40.60788 30.88689 73.08215 17.49286 6.7082 43.82921 65.55151 52.81098 20.61553 60.07495 31.82766 x 63.06346 29.42788 44.40721 74.4043 39.96248 36.40055 1.41421 15.0 8.94427 18.24829 57.24509
59.13544 59.03389 18.0 36.05551 74.33034 44.14748 80.9506 59.68249 x 76.2168 70.88018 30.06659 4.12311 33.52611 18.78829 88.95504 63.95311 83.48653 51.85557 40.79216 67.20863 103.4698 6.0 85.47514 74.72617 77.02597 12.04159 71.44928 32.55764 112.4322 72.11103 56.0803 95.29428 33.06055 96.2133 58.18075 88.86507 39.56008 86.27862 82.1523 33.10589 101.24228 70.61161 57.38467 43.13931 58.54912 59.3043 51.24451 62.64982 28.44293
24.69818 81.43709 72.33948 70.85901 37.20215 64.56005 12.0 71.58911 76.2168 x 6.40312 49.92995 76.6942 62.39391 57.56735 105.8017 53.60037 19.41649 32.98485 36.23534 31.14482 76.55717 81.90849 58.83026 70.0928 87.20092 87.93179 35.4683 78.31347 55.44367 64.44377 75.6439 64.88451 47.43416 52.63079 x 31.14482 86.83317 38.8973 18.11077 58.21512 79.17702 10.44031 31.7805 41.30375 72.00694 85.08819 71.86793 89.05055 48.33218
18.35756 80.13114 68.02941 67.91171 39.35734 62.39391 17.46425 70.72482 70.88018 6.40312 x 43.909 71.16881 59.22837 52.39275 105.75916 53.75872 18.60108 30.8707 30.46309 32.20248 79.71198 76.65507 61.26989 70.76722 87.20665 82.71034 37.21559 74.96666 61.0 65.11528 74.30343 68.00735 41.34005 56.7186 50.60632 36.01389 83.74366 42.75512 23.08679 54.91812 81.939 5.09902 30.80584 38.32754 71.02112 83.64807 70.21396 87.70975 x
29.61419 68.88396 36.05551 47.20169 60.40695 49.24429 57.31492 64.51356 30.06659 49.92995 43.909 x 29.06888 39.44617 16.40122 99.74467 59.00847 54.12947 36.40055 14.14214 51.62364 97.62172 36.05551 77.78175 74.67262 83.81527 42.0119 57.24509 49.51767 95.52487 70.25667 63.97656 87.29834 3.0 83.21658 53.03772 69.89278 58.79626 70.68239 60.20797 35.77709 97.12878 42.54409 42.05948 32.01562 63.90618 70.83078 58.60034 74.94665 7.28011
58.54912 63.07139 22.02272 40.0125 76.6942 47.85394 81.9878 63.50591 4.12311 76.6942 71.16881 29.06888 x 37.10795 20.0 93.05912 67.1193 83.02409 53.75872 40.80441 69.31089 106.77547 8.06226 88.54942 78.33901 81.00617 13.34166 73.75636 36.67424 114.62984 75.58439 60.03332 98.38699 32.06244 98.81295 61.26989 90.68627 43.65776 88.52683 83.48653 36.40055 104.67569 70.60453 x 45.34314 62.39391 63.3877 55.14526 66.75328 28.4605
56.4358 29.54657 17.20465 8.94427 46.14109 11.0 x 27.01851 33.52611 62.39391 59.22837 39.44617 37.10795 x x 60.53924 31.40064 76.53757 30.01666 38.41875 41.4367 70.21396 35.77709 53.00943 41.23106 45.70558 39.66106 43.82921 16.0 84.05355 38.62642 25.0 62.68174 41.04875 65.8559 26.1725 63.69458 24.5153 58.30952 61.0 4.47214 67.77905 61.40033 33.54102 21.09502 26.07681 31.38471 19.64688 35.51056 32.44996
42.19005 54.42426 19.72308 31.76476 57.42822 35.69314 62.17717 51.62364 18.78829 57.56735 52.39275 16.40122 20.0 x x 85.44004 50.44799 66.00758 33.97058 23.0 49.67897 90.24965 24.35159 71.16881 64.07027 70.61161 30.36445 54.40588 33.24154 95.01579 60.40695 50.0 80.99383 18.86796 79.92496 44.38468 70.76722 42.44997 69.02898 63.51378 22.2036 88.84256 52.46904 39.69887 26.07681 50.80354 55.9464 44.64303 59.9333 11.40175
110.63453 31.01612 71.19691 54.12024 71.11962 50.53712 99.12618 36.40055 88.95504 105.8017 105.75916 99.74467 93.05912 60.53924 85.44004 x 52.20153 124.32618 76.38063 95.96353 74.88658 54.45181 88.27797 55.54278 36.67424 18.60108 89.00562 71.69379 56.4358 92.34717 42.05948 35.77709 58.13777 101.07423 72.99315 55.22681 88.02272 51.0098 77.49194 x 63.97656 48.50773 109.78616 75.0733 72.8011 36.61967 29.83287 41.14608 26.30589 92.57429
60.90156 31.06445 48.60041 34.20526 21.09502 23.60085 47.42362 20.09975 63.95311 53.60037 53.75872 59.00847 67.1193 31.40064 50.44799 52.20153 x 72.24957 26.40076 50.21952 22.82542 39.84972 66.88797 21.63331 17.49286 33.6006 71.02816 20.61553 43.01163 55.03635 12.08305 26.01922 31.38471 59.13544 35.51056 6.08276 40.0125 47.42362 31.40064 x 30.88689 38.47077 58.0 23.60085 27.07397 21.0238 35.0571 24.73863 38.32754 52.00961
24.5153 98.61541 83.48653 85.3815 56.61272 80.5295 30.08322 89.30845 83.48653 19.41649 18.60108 54.12947 83.02409 76.53757 66.00758 124.32618 72.24957 x 49.24429 43.01163 50.24938 95.70789 89.4539 78.23043 89.09545 105.75916 95.52487 54.81788 91.92388 71.11259 83.4386 92.7847 84.07735 51.1957 71.16881 69.2026 49.0408 100.96039 57.77543 36.40055 72.12489 98.48858 15.23155 49.40648 56.0803 89.58795 102.0833 88.58894 106.17438 55.14526
x 49.39636 42.72002 38.11824 24.16609 31.62278 32.24903 40.45986 51.85557 32.98485 30.8707 36.40055 53.75872 30.01666 33.97058 76.38063 26.40076 49.24429 x 25.0 15.81139 62.00806 56.61272 42.0119 43.82921 58.13777 62.1289 21.0238 46.01087 61.07373 38.48376 43.56604 51.24451 35.69314 47.01064 21.63331 37.01351 54.14795 35.22783 31.62278 26.1725 62.20129 34.1321 5.83095 9.48683 40.60788 52.83938 39.35734 56.93856 30.46309
19.41649 66.06815 41.23106 47.20169 48.05206 46.09772 43.18565 59.68249 40.79216 36.23534 30.46309 14.14214 40.80441 38.41875 23.0 95.96353 50.21952 43.01163 25.0 x 39.05125 87.00575 46.69047 67.00746 67.05222 78.77182 52.7731 44.91102 51.88449 81.88406 62.0967 60.60528 76.1643 12.20656 70.60453 44.64303 56.0803 61.29437 57.58472 46.09772 34.05877 87.14356 29.83287 30.14963 23.76973 59.36329 68.68042 55.44367 72.91776 12.36932
43.17407 52.63079 56.4358 48.05206 9.05539 39.11521 24.69818 42.05948 67.20863 31.14482 32.20248 51.62364 69.31089 41.4367 49.67897 74.88658 22.82542 50.24938 15.81139 39.05125 x 49.64877 71.70077 30.08322 38.94868 56.30275 77.00649 6.0 56.75385 45.34314 33.30165 47.07441 38.20995 50.59644 31.62278 21.58703 22.36068 63.63961 19.41649 21.2132 38.48376 50.96077 36.89173 10.0 24.08319 42.72002 56.51548 44.28318 60.16644 46.06517
92.76314 56.0803 87.23531 70.72482 41.0 60.53924 65.76473 48.16638 103.4698 76.55717 79.71198 97.62172 106.77547 70.21396 90.24965 54.45181 39.84972 95.70789 62.00806 87.00575 49.64877 x 105.99057 20.0 31.14482 42.95346 109.65856 43.73786 78.60025 40.8534 31.90611 54.45181 11.7047 97.32934 26.1725 45.88028 48.01042 79.93122 38.07887 59.5399 70.38466 6.0 84.75848 57.03508 65.76473 49.57822 59.20304 56.85068 59.90826 90.93404
65.12296 59.13544 18.97367 36.87818 78.49204 45.88028 86.33076 60.87693 6.0 81.90849 76.65507 36.05551 8.06226 35.77709 24.35159 88.27797 66.88797 89.4539 56.61272 46.69047 71.70077 105.99057 x 88.50989 76.55064 77.41447 6.08276 75.69016 32.0 116.72618 74.32362 56.7186 98.27004 39.05125 100.005 61.29437 93.60021 37.85499 90.55385 87.32125 36.05551 103.4698 76.48529 62.00806 47.63402 59.66574 59.0 52.17279 62.07254 34.36568
73.24616 45.88028 70.21396 55.15433 21.93171 44.55334 49.0408 35.77709 85.47514 58.83026 61.26989 77.78175 88.54942 53.00943 71.16881 55.54278 21.63331 78.23043 42.0119 67.00746 30.08322 20.0 88.50989 x 21.2132 39.05125 92.65528 24.35159 63.70243 38.32754 18.38478 42.48529 9.84886 77.41447 18.02776 27.29469 33.83785 66.85058 23.02173 43.18565 52.47857 20.88061 66.21178 37.05401 46.09772 37.12142 49.64877 43.26662 51.66237 71.19691
78.39005 25.55386 57.58472 40.24922 34.48188 30.67572 62.68174 17.02939 74.72617 70.0928 70.76722 74.67262 78.33901 41.23106 64.07027 36.67424 17.49286 89.09545 43.82921 67.05222 38.94868 31.14482 76.55064 21.2132 x 18.68154 79.70571 35.22783 47.70744 59.5399 5.65685 23.34524 27.73085 x 39.20459 22.47221 51.5461 48.79549 41.23106 57.80138 42.42641 27.45906 75.16648 41.04875 43.41659 18.43909 29.06888 25.80698 30.67572 67.47592
92.61749 18.43909 59.03389 41.0 52.80152 34.9285 80.62258 19.31321 77.02597 87.20092 87.20665 83.81527 81.00617 45.70558 70.61161 18.60108 33.6006 105.75916 58.13777 78.77182 56.30275 42.95346 77.41447 39.05125 18.68154 x 79.24645 53.23533 45.70558 77.05842 23.76973 21.0238 43.56604 84.8646 57.00877 36.76955 70.21396 43.08132 59.90826 76.02631 48.50773 37.58989 91.28527 56.58622 55.22681 19.92486 19.69772 26.1725 18.60108 76.55064
71.17584 60.82763 22.47221 39.56008 83.54639 49.1935 92.19544 63.56886 12.04159 87.93179 82.71034 42.0119 13.34166 39.66106 30.36445 89.00562 71.02816 95.52487 62.1289 52.7731 77.00649 109.65856 6.08276 92.65528 79.70571 79.24645 x 80.80842 33.54102 121.82775 77.82673 58.94065 102.34256 x 104.73777 65.60488 99.04544 38.0526 95.67131 93.05912 40.45986 106.88779 82.56513 67.42403 53.00943 62.29767 60.29925 54.70832 63.07139 40.4475
49.0306 51.47815 59.64059 49.64877 3.16228 40.02499 27.45906 40.60788 71.44928 35.4683 37.21559 57.24509 73.75636 43.82921 54.40588 71.69379 20.61553 54.81788 21.0238 44.91102 6.0 43.73786 75.69016 24.35159 35.22783 53.23533 80.80842 x 58.5235 41.03657 29.68164 46.17359 32.24903 56.32051 26.0 21.0238 20.39608 64.7611 14.86607 22.84732 41.34005 45.22168 42.05948 15.23155 28.42534 41.4367 55.44367 44.01136 58.85576 51.47815
70.77429 27.29469 15.23155 8.94427 60.53924 19.41649 78.16009 30.88689 32.55764 78.31347 74.96666 49.51767 36.67424 16.0 33.24154 56.4358 43.01163 91.92388 46.01087 51.88449 56.75385 78.60025 32.0 63.70243 47.70744 45.70558 33.54102 58.5235 x 97.6166 46.8615 25.63201 72.83543 51.73973 78.49204 38.94868 78.74643 9.43398 72.49828 76.79193 20.09975 75.16648 76.90254 49.36598 37.05401 29.52965 27.0 21.9545 30.14963 43.41659
78.58753 83.67795 100.4241 88.68484 38.28838 78.29432 x 73.08215 112.4322 55.44367 61.0 95.52487 114.62984 84.05355 95.01579 92.34717 55.03635 71.11259 61.07373 81.88406 45.34314 40.8534 116.72618 38.32754 59.5399 77.05842 121.82775 41.03657 97.6166 x 56.29387 79.69944 34.23449 94.02127 20.39608 58.66856 26.0 102.45975 26.1725 38.07887 82.0061 46.48656 65.76473 55.31727 69.31089 74.33034 87.5557 79.47956 x 90.6973
72.94518 27.51363 55.4617 38.83298 29.06888 28.6531 57.14018 17.49286 72.11103 64.44377 65.11528 70.25667 75.58439 38.62642 60.40695 42.05948 12.08305 83.4386 38.48376 62.0967 33.30165 31.90611 74.32362 18.38478 5.65685 23.76973 77.82673 29.68164 46.8615 56.29387 x 24.18677 26.40076 70.5762 35.90265 17.46425 46.57252 49.0408 36.49658 52.35456 39.29377 29.15476 69.52697 35.51056 38.63936 18.86796 31.32092 25.4951 33.54102 63.12686
76.41989 5.83095 38.11824 20.02498 47.01064 14.76482 71.56815 6.7082 56.0803 75.6439 74.30343 63.97656 60.03332 25.0 50.0 35.77709 26.01922 92.7847 43.56604 60.60528 47.07441 54.45181 56.7186 42.48529 23.34524 21.0238 58.94065 46.17359 25.63201 79.69944 24.18677 x 50.47772 65.29931 59.46427 25.4951 66.0 25.4951 57.31492 68.24954 28.23119 50.44799 77.69813 43.86342 38.20995 5.38516 9.48683 5.38516 13.41641 56.79789
81.21576 53.23533 79.88116 64.44377 29.42788 53.90733 54.20332 43.82921 95.29428 64.88451 68.00735 87.29834 98.38699 62.68174 80.99383 58.13777 31.38471 84.07735 51.24451 76.1643 38.20995 11.7047 98.27004 9.84886 27.73085 43.56604 102.34256 32.24903 72.83543 34.23449 26.40076 50.47772 x 86.83317 16.12452 37.12142 36.87818 75.43209 26.62705 48.02083 x 14.86607 73.05477 46.04346 55.7853 45.22168 56.79789 51.85557 58.30952 80.80842
26.68333 70.3278 38.58756 49.0408 59.48109 x 55.15433 65.55151 33.06055 47.43416 41.34005 3.0 32.06244 41.04875 18.86796 101.07423 59.13544 51.1957 35.69314 12.20656 50.59644 97.32934 39.05125 77.41447 x 84.8646 x 56.32051 51.73973 94.02127 70.5762 65.29931 86.83317 x 82.21922 53.23533 68.26419 61.07373 69.46222 58.25805 37.21559 97.02062 39.81206 41.23106 32.06244 65.0 72.40166 59.94164 76.55064 8.60233
72.0 63.32456 82.73452 69.63476 22.84732 59.07622 41.10961 52.81098 96.2133 52.63079 56.7186 83.21658 98.81295 65.8559 79.92496 72.99315 35.51056 71.16881 47.01064 70.60453 31.62278 26.1725 100.005 18.02776 39.20459 57.00877 104.73777 26.0 78.49204 20.39608 35.90265 59.46427 16.12452 82.21922 x 39.82462 22.36068 82.76473 14.03567 34.78505 64.3506 30.61046 61.81424 41.23106 53.85165 54.08327 67.18631 59.5063 69.42622 77.47258
56.30275 31.04835 43.27817 30.01666 22.36068 19.69772 46.17359 20.61553 58.18075 x 50.60632 53.03772 61.26989 26.1725 44.38468 55.22681 6.08276 69.2026 21.63331 44.64303 21.58703 45.88028 61.29437 27.29469 22.47221 36.76955 65.60488 21.0238 38.94868 58.66856 17.46425 25.4951 37.12142 53.23533 39.82462 x 41.30375 44.27189 33.83785 42.75512 25.23886 44.55334 54.56189 19.84943 21.2132 21.18962 34.9285 23.0 38.60052 46.0
52.95281 71.06335 78.77182 69.92138 19.0263 60.41523 19.23538 60.07495 88.86507 31.14482 36.01389 69.89278 90.68627 63.69458 70.76722 88.02272 40.0125 49.0408 37.01351 56.0803 22.36068 48.01042 93.60021 33.83785 51.5461 70.21396 99.04544 20.39608 78.74643 26.0 46.57252 66.0 36.87818 68.26419 22.36068 41.30375 x 85.14693 10.81665 13.0384 60.83584 51.73973 41.0 31.62278 46.04346 61.03278 75.05998 64.19502 78.23043 65.43699
80.11242 25.05993 23.60085 16.03122 66.48308 24.73863 86.0 31.82766 39.56008 86.83317 83.74366 58.79626 43.65776 24.5153 42.44997 51.0098 47.42362 100.96039 54.14795 61.29437 63.63961 79.93122 37.85499 66.85058 48.79549 43.08132 38.0526 64.7611 9.43398 102.45975 49.0408 25.4951 75.43209 61.07373 82.76473 44.27189 85.14693 x 78.1089 84.21401 28.86174 75.9276 85.86617 57.00877 45.54119 x 23.4094 23.60085 25.4951 52.80152
58.00862 62.07254 74.4043 63.56099 12.20656 53.48832 27.73085 x 86.27862 38.8973 42.75512 70.68239 88.52683 58.30952 69.02898 77.49194 31.40064 57.77543 35.22783 57.58472 19.41649 38.07887 90.55385 23.02173 41.23106 59.90826 95.67131 14.86607 72.49828 26.1725 36.49658 57.31492 26.62705 69.46222 14.03567 33.83785 10.81665 78.1089 x 21.47091 56.0357 41.40048 47.85394 29.41088 43.18565 52.15362 66.06815 56.08921 69.0 65.36819
40.5216 73.75636 74.33034 68.35934 23.32381 60.0 6.32456 63.06346 82.1523 18.11077 23.08679 60.20797 83.48653 61.0 63.51378 x x 36.40055 31.62278 46.09772 21.2132 59.5399 87.32125 43.18565 57.80138 76.02631 93.05912 22.84732 76.79193 38.07887 52.35456 68.24954 48.02083 58.25805 34.78505 42.75512 13.0384 84.21401 21.47091 x 57.48913 62.68174 28.01785 27.45906 41.10961 63.78871 77.66595 65.49046 81.25269 56.63921
51.97115 33.12099 18.43909 13.41641 43.82921 13.60147 x 29.42788 33.10589 58.21512 54.91812 35.77709 36.40055 4.47214 22.2036 63.97656 30.88689 72.12489 26.1725 34.05877 38.48376 70.38466 36.05551 52.47857 42.42641 48.50773 40.45986 41.34005 20.09975 82.0061 39.29377 28.23119 x 37.21559 64.3506 25.23886 60.83584 28.86174 56.0357 57.48913 x 68.30813 57.00877 30.08322 17.0 28.63564 35.22783 22.84732 39.40812 28.6531
94.11164 51.62364 84.58132 67.60178 42.72002 57.69749 68.7968 44.40721 101.24228 79.17702 81.939 97.12878 104.67569 67.77905 88.84256 48.50773 38.47077 98.48858 62.20129 87.14356 50.96077 6.0 103.4698 20.88061 27.45906 37.58989 106.88779 45.22168 75.16648 46.48656 29.15476 50.44799 14.86607 97.02062 30.61046 44.55334 51.73973 75.9276 41.40048 62.68174 68.30813 x 86.92526 57.55867 65.12296 45.80393 54.56189 53.25411 55.0 90.27181
14.86607 83.52844 69.06519 70.21396 44.28318 65.30697 22.2036 74.4043 70.61161 10.44031 5.09902 42.54409 70.60453 61.40033 52.46904 109.78616 58.0 15.23155 34.1321 29.83287 36.89173 84.75848 76.48529 66.21178 75.16648 91.28527 82.56513 42.05948 76.90254 65.76473 69.52697 77.69813 73.05477 39.81206 61.81424 54.56189 41.0 85.86617 47.85394 28.01785 57.00877 86.92526 x 34.71311 40.8534 74.63243 86.95401 73.43024 91.06591 42.2019
37.57659 49.65884 47.42362 41.04875 18.38478 33.37664 29.01724 39.96248 57.38467 31.7805 30.80584 42.05948 x 33.54102 39.69887 75.0733 23.60085 49.40648 5.83095 30.14963 10.0 57.03508 62.00806 37.05401 41.04875 56.58622 67.42403 15.23155 49.36598 55.31727 35.51056 43.86342 46.04346 41.23106 41.23106 19.84943 31.62278 57.00877 29.41088 27.45906 30.08322 57.55867 34.71311 x 14.42221 40.31129 53.31041 40.16217 57.27128 36.24914
38.20995 43.93177 33.24154 29.61419 31.40064 24.69818 41.59327 36.40055 43.13931 41.30375 38.32754 32.01562 45.34314 21.09502 26.07681 72.8011 27.07397 56.0803 9.48683 23.76973 24.08319 65.76473 47.63402 46.09772 43.41659 55.22681 53.00943 28.42534 37.05401 69.31089 38.63936 38.20995 55.7853 32.06244 53.85165 21.2132 46.04346 45.54119 43.18565 41.10961 17.0 65.12296 40.8534 14.42221 x 36.23534 47.01064 33.42155 51.22499 25.17936
74.27651 10.04988 x 22.80351 42.10701 15.13275 67.35726 1.41421 58.54912 72.00694 71.02112 63.90618 62.39391 26.07681 50.80354 36.61967 21.0238 89.58795 40.60788 59.36329 42.72002 49.57822 59.66574 37.12142 18.43909 19.92486 62.29767 41.4367 29.52965 74.33034 18.86796 5.38516 45.22168 65.0 54.08327 21.18962 61.03278 x 52.15362 63.78871 28.63564 45.80393 74.63243 40.31129 36.23534 x 14.03567 7.61577 17.46425 56.64804
85.14693 4.0 41.4367 24.35159 56.14268 22.62742 81.0432 15.0 59.3043 85.08819 83.64807 70.83078 63.3877 31.38471 55.9464 29.83287 35.0571 102.0833 52.83938 68.68042 56.51548 59.20304 59.0 49.64877 29.06888 19.69772 60.29925 55.44367 27.0 87.5557 31.32092 9.48683 56.79789 72.40166 67.18631 34.9285 75.05998 23.4094 66.06815 77.66595 35.22783 54.56189 86.95401 53.31041 47.01064 14.03567 x 13.60147 4.24264 63.81222
71.58911 10.63015 33.37664 15.29706 45.17743 9.43398 68.44706 8.94427 51.24451 71.86793 70.21396 58.60034 55.14526 19.64688 44.64303 41.14608 24.73863 88.58894 39.35734 55.44367 44.28318 56.85068 52.17279 43.26662 25.80698 26.1725 54.70832 44.01136 21.9545 79.47956 25.4951 5.38516 51.85557 59.94164 59.5063 23.0 64.19502 23.60085 56.08921 65.49046 22.84732 53.25411 73.43024 40.16217 33.42155 7.61577 13.60147 x 17.80449 51.42956
89.37561 x 44.91102 28.23119 59.4138 26.87006 84.77028 18.24829 62.64982 89.05055 87.70975 74.94665 66.75328 35.51056 59.9333 26.30589 38.32754 106.17438 56.93856 72.91776 60.16644 59.90826 62.07254 51.66237 30.67572 18.60108 63.07139 58.85576 30.14963 x 33.54102 13.41641 58.30952 76.55064 69.42622 38.60052 78.23043 25.4951 69.0 81.25269 39.40812 55.0 91.06591 57.27128 51.22499 17.46425 4.24264 17.80449 x 67.95587
31.01612 61.77378 30.8707 x 54.626 42.04759 54.40588 57.24509 28.44293 48.33218 x 7.28011 28.4605 32.44996 11.40175 92.57429 52.00961 55.14526 30.46309 12.36932 46.06517 90.93404 34.36568 71.19691 67.47592 76.55064 40.4475 51.47815 43.41659 90.6973 63.12686 56.79789 80.80842 8.60233 77.47258 46.0 65.43699 52.80152 65.36819 56.63921 28.6531 90.27181 42.2019 36.24914 25.17936 56.64804 63.81222 51.42956 67.95587 x
