100
45
0 1 2 3 4 5 6 7 8 9 10 11 12 13 14 15 16 17 18 19 20 21 22 23 24 25 26 27 28 29 30 31 32 33 34 35 36 37 38 39 40 41 42 43 44 45 46 47 48 49 50 51 52 53 54 55 56 57 58 59 60 61 62 63 64 65 66 67 68 69 70 71 72 73 74 75 76 77 78 79 80 81 82 83 84 85 86 87 88 89 90 91 92 93 94 95 96 97 98 99
0 3 4 5 7 10 11 12 19 21 22 29 30 31 32 33 36 39 40 42 43 44 45 50 52 55 61 63 64 65 70 72 73 76 78 79 83 86 87 88 90 94 95 98 99
58
x 1.005 2.00999 3.01497 4.01996 5.02495 6.02994 7.03492 8.03991 9.0449 1.00001 1.48662 2.33239 3.26957 4.23793 5.22016 6.20968 7.20348 8.20001 9.19838 2.00001 2.32595 2.97322 3.78022 4.66477 5.59018 6.53912 7.50268 8.47586 9.4557 3.00001 x 3.7736 4.45983 5.24977 6.10329 6.99715 7.91771 8.85665 9.80868 4.00001 4.2202 4.65189 5.2431 5.94644 6.72682 7.56043 x x 10.24745 5.00001 5.19712 5.57137 6.09017 x 7.43304 8.20732 x 9.88131 x 6.00001 6.18143 6.51461 6.97783 7.54719 8.20062 8.91965 9.6897 10.49953 11.34064 7.00001 x 7.47263 7.89241 8.41191 x 9.68298 10.40626 11.17319 11.9754 8.00001 8.1615 8.44039 8.82554 9.30377 9.86155 10.48619 11.16648 11.89286 12.65742 9.00001 9.15479 9.41489 x 10.21568 10.73547 11.32079 11.96203 12.6507 13.37947
1.005 x 1.005 2.00999 3.01497 4.01996 5.02495 6.02994 7.03492 8.03991 x x x 2.33239 3.26957 x 5.22016 6.20968 7.20348 x 2.1471 2.00001 2.32595 2.97322 3.78022 4.66477 5.59018 6.53912 7.50268 8.47586 x 3.00001 3.25731 3.7736 4.45983 5.24977 6.10329 6.99715 7.91771 8.85665 4.02617 4.00001 4.2202 4.65189 5.2431 5.94644 6.72682 x 8.4315 9.32953 5.00101 x 5.19712 5.57137 6.09017 x 7.43304 8.20732 9.02719 9.88131 5.98416 6.00001 6.18143 6.51461 6.97783 7.54719 8.20062 8.91965 x x 6.9721 7.00001 7.17009 7.47263 7.89241 x 9.01389 9.68298 10.40626 11.17319 7.96305 8.00001 8.1615 8.44039 8.82554 x x 10.48619 11.16648 11.89286 8.95601 9.00001 9.15479 9.41489 9.77191 x 10.73547 x 11.96203 12.6507
2.00999 1.005 x 1.005 2.00999 3.01497 4.01996 5.02495 6.02994 x 2.15408 1.34537 1.00001 1.48662 2.33239 3.26957 4.23793 5.22016 6.20968 7.20348 2.69073 2.1471 2.00001 2.32595 2.97322 3.78022 4.66477 5.59018 6.53912 7.50268 3.44094 3.06758 3.00001 3.25731 3.7736 4.45983 5.24977 6.10329 6.99715 7.91771 4.29419 4.02617 4.00001 4.2202 4.65189 5.2431 5.94644 6.72682 x 8.4315 5.20001 5.00101 5.00001 5.19712 5.57137 6.09017 6.72013 7.43304 8.20732 9.02719 6.13515 5.98416 6.00001 6.18143 6.51461 6.97783 7.54719 8.20062 8.91965 9.6897 7.08803 6.9721 7.00001 7.17009 7.47263 7.89241 8.41191 9.01389 9.68298 10.40626 x 7.96305 8.00001 8.1615 x 8.82554 9.30377 9.86155 10.48619 11.16648 9.02442 8.95601 9.00001 9.15479 9.41489 9.77191 10.21568 10.73547 11.32079 11.96203
3.01497 2.00999 1.005 x 1.005 2.00999 x 4.01996 5.02495 x 3.08059 2.15408 1.34537 1.00001 1.48662 2.33239 x 4.23793 5.22016 6.20968 3.4482 2.69073 2.1471 2.00001 2.32595 2.97322 3.78022 4.66477 5.59018 6.53912 4.0361 3.44094 3.06758 3.00001 3.25731 3.7736 4.45983 x x 6.99715 4.76341 4.29419 x 4.00001 4.2202 4.65189 5.2431 5.94644 6.72682 7.56043 5.57585 5.20001 5.00101 5.00001 5.19712 5.57137 6.09017 6.72013 7.43304 8.20732 6.44128 6.13515 x 6.00001 6.18143 6.51461 6.97783 7.54719 8.20062 8.91965 7.34099 x 6.9721 7.00001 7.17009 7.47263 7.89241 x 9.01389 9.68298 8.26379 8.05234 7.96305 8.00001 8.1615 8.44039 x x 9.86155 10.48619 9.20273 9.02442 8.95601 9.00001 9.15479 x 9.77191 10.21568 10.73547 11.32079
4.01996 3.01497 2.00999 1.005 x 1.005 2.00999 3.01497 4.01996 5.02495 4.04476 3.08059 2.15408 1.34537 1.00001 1.48662 2.33239 3.26957 4.23793 5.22016 4.30814 3.4482 2.69073 2.1471 2.00001 2.32595 2.97322 3.78022 4.66477 5.59018 4.77075 4.0361 3.44094 3.06758 3.00001 3.25731 3.7736 4.45983 5.24977 x 5.38146 4.76341 4.29419 4.02617 x 4.2202 4.65189 5.2431 5.94644 6.72682 6.09591 5.57585 5.20001 5.00101 5.00001 x 5.57137 6.09017 6.72013 7.43304 x 6.44128 6.13515 5.98416 6.00001 6.18143 x 6.97783 7.54719 8.20062 7.71752 7.34099 7.08803 6.9721 7.00001 7.17009 7.47263 7.89241 8.41191 9.01389 x 8.26379 8.05234 7.96305 8.00001 8.1615 8.44039 8.82554 9.30377 9.86155 9.48473 9.20273 9.02442 8.95601 9.00001 9.15479 9.41489 9.77191 10.21568 x
5.02495 4.01996 3.01497 2.00999 1.005 x 1.005 2.00999 3.01497 4.01996 5.02495 4.04476 3.08059 2.15408 1.34537 x 1.48662 2.33239 3.26957 4.23793 5.22016 4.30814 3.4482 2.69073 2.1471 2.00001 2.32595 2.97322 3.78022 4.66477 5.59018 4.77075 4.0361 x 3.06758 3.00001 3.25731 3.7736 x 5.24977 6.10329 5.38146 4.76341 4.29419 4.02617 4.00001 4.2202 4.65189 5.2431 5.94644 6.72682 6.09591 5.57585 5.20001 5.00101 x 5.19712 5.57137 6.09017 6.72013 7.43304 6.88187 6.44128 6.13515 5.98416 6.00001 6.18143 6.51461 6.97783 7.54719 8.20062 7.71752 7.34099 7.08803 6.9721 7.00001 7.17009 7.47263 7.89241 8.41191 9.01389 8.58837 8.26379 8.05234 7.96305 8.00001 x 8.44039 8.82554 x 9.86155 9.48473 9.20273 9.02442 x 9.00001 9.15479 9.41489 9.77191 10.21568
6.02994 5.02495 4.01996 x 2.00999 1.005 x x 2.00999 3.01497 6.01333 5.02495 4.04476 3.08059 2.15408 1.34537 1.00001 1.48662 2.33239 x 6.16118 5.22016 4.30814 3.4482 2.69073 2.1471 2.00001 2.32595 2.97322 3.78022 6.46221 5.59018 4.77075 4.0361 3.44094 3.06758 3.00001 3.25731 3.7736 4.45983 6.89639 6.10329 5.38146 4.76341 4.29419 x 4.00001 4.2202 4.65189 5.2431 7.44044 6.72682 6.09591 5.57585 5.20001 5.00101 x 5.19712 5.57137 6.09017 8.07218 7.43304 6.88187 6.44128 6.13515 x 6.00001 6.18143 6.51461 6.97783 8.77269 8.20062 7.71752 7.34099 7.08803 6.9721 7.00001 7.17009 x 7.89241 x 9.01389 8.58837 8.26379 8.05234 7.96305 8.00001 8.1615 8.44039 8.82554 10.3228 9.86155 9.48473 x 9.02442 8.95601 9.00001 9.15479 9.41489 9.77191
7.03492 6.02994 5.02495 4.01996 3.01497 2.00999 x x 1.005 2.00999 7.00644 6.01333 5.02495 4.04476 3.08059 2.15408 1.34537 1.00001 1.48662 2.33239 7.1197 6.16118 5.22016 4.30814 3.4482 2.69073 2.1471 2.00001 2.32595 2.97322 7.36818 6.46221 5.59018 4.77075 4.0361 x x x 3.25731 3.7736 7.73887 6.89639 6.10329 5.38146 4.76341 4.29419 4.02617 4.00001 x 4.65189 8.21524 7.44044 6.72682 6.09591 5.57585 5.20001 5.00101 5.00001 5.19712 5.57137 8.7801 8.07218 7.43304 6.88187 6.44128 6.13515 5.98416 6.00001 6.18143 6.51461 9.41755 x 8.20062 7.71752 7.34099 7.08803 6.9721 7.00001 7.17009 7.47263 10.11386 9.52681 9.01389 8.58837 8.26379 8.05234 7.96305 8.00001 8.1615 x 10.85773 10.3228 9.86155 9.48473 x 9.02442 x 9.00001 9.15479 9.41489
8.03991 7.03492 6.02994 5.02495 4.01996 3.01497 2.00999 1.005 x 1.005 8.00251 7.00644 6.01333 5.02495 4.04476 x x 1.34537 1.00001 1.48662 8.08951 7.1197 6.16118 5.22016 4.30814 x 2.69073 x x 2.32595 8.297 7.36818 x 5.59018 4.77075 x 3.44094 3.06758 3.00001 x 8.61627 7.73887 6.89639 x 5.38146 4.76341 4.29419 4.02617 4.00001 4.2202 9.0355 8.21524 x 6.72682 6.09591 5.57585 5.20001 5.00101 5.00001 5.19712 9.5415 8.7801 8.07218 7.43304 6.88187 6.44128 x 5.98416 6.00001 6.18143 10.12127 9.41755 8.77269 8.20062 7.71752 7.34099 7.08803 6.9721 7.00001 7.17009 10.76291 10.11386 x 9.01389 8.58837 8.26379 8.05234 x x 8.1615 11.45601 10.85773 10.3228 9.86155 9.48473 9.20273 x 8.95601 9.00001 9.15479
9.0449 8.03991 x x 5.02495 4.01996 3.01497 2.00999 1.005 x 9.00057 8.00251 7.00644 6.01333 5.02495 4.04476 3.08059 2.15408 1.34537 x 9.06698 8.08951 7.1197 x 5.22016 4.30814 3.4482 2.69073 2.1471 2.00001 9.24176 8.297 7.36818 6.46221 5.59018 x 4.0361 3.44094 3.06758 3.00001 9.51894 8.61627 7.73887 6.89639 6.10329 x 4.76341 4.29419 4.02617 4.00001 9.8899 9.0355 8.21524 7.44044 6.72682 x x 5.20001 5.00101 5.00001 10.34457 9.5415 8.7801 8.07218 7.43304 x x 6.13515 5.98416 6.00001 10.87245 10.12127 9.41755 8.77269 8.20062 7.71752 7.34099 7.08803 6.9721 7.00001 11.46343 10.76291 10.11386 9.52681 x 8.58837 8.26379 8.05234 x 8.00001 12.10827 11.45601 10.85773 10.3228 9.86155 9.48473 9.20273 9.02442 x 9.00001
1.00001 x 2.15408 3.08059 4.04476 5.02495 6.01333 7.00644 8.00251 9.00057 x 1.005 2.00999 3.01497 4.01996 5.02495 6.02994 7.03492 8.03991 x 1.00001 1.48662 2.33239 3.26957 4.23793 5.22016 6.20968 7.20348 8.20001 9.19838 2.00001 2.32595 2.97322 x 4.66477 5.59018 6.53912 7.50268 8.47586 x 3.00001 3.25731 3.7736 4.45983 5.24977 6.10329 6.99715 7.91771 8.85665 9.80868 4.00001 4.2202 x 5.2431 5.94644 6.72682 7.56043 8.4315 9.32953 x 5.00001 5.19712 5.57137 6.09017 6.72013 7.43304 x 9.02719 9.88131 x 6.00001 6.18143 6.51461 x 7.54719 8.20062 8.91965 9.6897 10.49953 11.34064 7.00001 7.17009 7.47263 7.89241 8.41191 9.01389 9.68298 10.40626 11.17319 11.9754 x 8.1615 8.44039 x 9.30377 9.86155 10.48619 11.16648 11.89286 12.65742
1.48662 x 1.34537 2.15408 3.08059 4.04476 5.02495 6.01333 7.00644 8.00251 1.005 x 1.005 2.00999 3.01497 4.01996 5.02495 6.02994 7.03492 8.03991 1.34537 1.00001 1.48662 2.33239 3.26957 4.23793 5.22016 6.20968 7.20348 8.20001 x 2.00001 2.32595 2.97322 3.78022 4.66477 x 6.53912 7.50268 8.47586 3.06758 3.00001 3.25731 3.7736 4.45983 5.24977 6.10329 6.99715 7.91771 8.85665 4.02617 4.00001 4.2202 4.65189 5.2431 5.94644 x 7.56043 8.4315 9.32953 5.00101 5.00001 5.19712 5.57137 6.09017 6.72013 7.43304 8.20732 9.02719 9.88131 5.98416 6.00001 6.18143 6.51461 x 7.54719 8.20062 8.91965 9.6897 10.49953 6.9721 7.00001 7.17009 7.47263 7.89241 8.41191 9.01389 x 10.40626 x 7.96305 x 8.1615 8.44039 8.82554 9.30377 9.86155 10.48619 11.16648 11.89286
2.33239 x 1.00001 1.34537 2.15408 3.08059 4.04476 5.02495 6.01333 7.00644 2.00999 1.005 x 1.005 2.00999 3.01497 4.01996 5.02495 6.02994 7.03492 2.15408 1.34537 1.00001 1.48662 2.33239 3.26957 4.23793 x 6.20968 7.20348 2.69073 2.1471 2.00001 2.32595 2.97322 3.78022 4.66477 5.59018 6.53912 7.50268 3.44094 3.06758 3.00001 3.25731 3.7736 x 5.24977 6.10329 6.99715 7.91771 4.29419 4.02617 x 4.2202 4.65189 5.2431 5.94644 6.72682 7.56043 8.4315 5.20001 5.00101 5.00001 5.19712 5.57137 6.09017 6.72013 7.43304 8.20732 9.02719 6.13515 5.98416 6.00001 6.18143 6.51461 6.97783 x 8.20062 x 9.6897 7.08803 6.9721 7.00001 7.17009 7.47263 7.89241 8.41191 9.01389 9.68298 10.40626 8.05234 x 8.00001 8.1615 8.44039 x 9.30377 9.86155 10.48619 11.16648
3.26957 2.33239 1.48662 1.00001 1.34537 2.15408 3.08059 4.04476 5.02495 6.01333 3.01497 2.00999 1.005 x 1.005 2.00999 3.01497 4.01996 5.02495 6.02994 3.08059 2.15408 1.34537 1.00001 1.48662 2.33239 3.26957 4.23793 5.22016 6.20968 3.4482 2.69073 2.1471 x 2.32595 2.97322 x 4.66477 5.59018 6.53912 x 3.44094 3.06758 3.00001 3.25731 3.7736 4.45983 5.24977 6.10329 6.99715 4.76341 4.29419 4.02617 4.00001 4.2202 4.65189 5.2431 5.94644 6.72682 x 5.57585 5.20001 5.00101 5.00001 5.19712 5.57137 6.09017 6.72013 7.43304 8.20732 6.44128 6.13515 5.98416 6.00001 6.18143 6.51461 6.97783 7.54719 8.20062 8.91965 7.34099 7.08803 6.9721 x 7.17009 7.47263 7.89241 8.41191 x 9.68298 8.26379 8.05234 7.96305 8.00001 8.1615 8.44039 x 9.30377 9.86155 10.48619
4.23793 3.26957 2.33239 1.48662 1.00001 1.34537 2.15408 3.08059 4.04476 5.02495 4.01996 3.01497 2.00999 1.005 x 1.005 2.00999 3.01497 4.01996 5.02495 4.04476 3.08059 x 1.34537 1.00001 1.48662 2.33239 3.26957 4.23793 5.22016 4.30814 x 2.69073 2.1471 2.00001 2.32595 2.97322 3.78022 4.66477 5.59018 4.77075 4.0361 3.44094 3.06758 3.00001 3.25731 3.7736 4.45983 5.24977 6.10329 5.38146 x 4.29419 4.02617 4.00001 4.2202 4.65189 x 5.94644 6.72682 6.09591 5.57585 5.20001 5.00101 5.00001 5.19712 5.57137 6.09017 6.72013 7.43304 6.88187 6.44128 6.13515 5.98416 6.00001 6.18143 6.51461 6.97783 7.54719 8.20062 7.71752 7.34099 7.08803 6.9721 7.00001 7.17009 7.47263 7.89241 8.41191 9.01389 8.58837 8.26379 8.05234 7.96305 8.00001 8.1615 8.44039 x x 9.86155
5.22016 x 3.26957 2.33239 1.48662 x 1.34537 2.15408 x 4.04476 5.02495 4.01996 3.01497 2.00999 1.005 x 1.005 2.00999 3.01497 4.01996 5.02495 4.04476 3.08059 2.15408 1.34537 1.00001 1.48662 2.33239 x x 5.22016 4.30814 3.4482 2.69073 2.1471 2.00001 2.32595 2.97322 3.78022 4.66477 5.59018 4.77075 4.0361 3.44094 3.06758 3.00001 3.25731 3.7736 4.45983 5.24977 6.10329 5.38146 4.76341 4.29419 4.02617 4.00001 4.2202 4.65189 5.2431 5.94644 6.72682 6.09591 5.57585 5.20001 x 5.00001 5.19712 5.57137 x 6.72013 x 6.88187 6.44128 x 5.98416 6.00001 6.18143 6.51461 6.97783 7.54719 8.20062 7.71752 x 7.08803 6.9721 7.00001 7.17009 7.47263 7.89241 8.41191 9.01389 x 8.26379 8.05234 7.96305 8.00001 8.1615 8.44039 x 9.30377
6.20968 5.22016 4.23793 x 2.33239 1.48662 1.00001 1.34537 x 3.08059 6.02994 5.02495 4.01996 3.01497 2.00999 1.005 x 1.005 2.00999 3.01497 6.01333 5.02495 4.04476 3.08059 2.15408 1.34537 1.00001 1.48662 2.33239 3.26957 6.16118 5.22016 4.30814 3.4482 2.69073 2.1471 2.00001 2.32595 2.97322 3.78022 6.46221 5.59018 4.77075 x 3.44094 3.06758 3.00001 3.25731 3.7736 4.45983 6.89639 6.10329 5.38146 4.76341 4.29419 4.02617 4.00001 4.2202 4.65189 5.2431 7.44044 6.72682 6.09591 x x 5.00101 5.00001 x 5.57137 6.09017 8.07218 7.43304 6.88187 6.44128 6.13515 5.98416 x 6.18143 6.51461 6.97783 8.77269 8.20062 7.71752 7.34099 x 6.9721 x 7.17009 7.47263 7.89241 9.52681 9.01389 8.58837 8.26379 8.05234 7.96305 8.00001 8.1615 8.44039 x
7.20348 6.20968 5.22016 4.23793 3.26957 2.33239 1.48662 1.00001 1.34537 2.15408 7.03492 6.02994 5.02495 4.01996 3.01497 2.00999 1.005 x 1.005 2.00999 7.00644 6.01333 5.02495 4.04476 3.08059 2.15408 x 1.00001 1.48662 2.33239 7.1197 6.16118 x 4.30814 3.4482 2.69073 2.1471 2.00001 2.32595 2.97322 7.36818 6.46221 x 4.77075 4.0361 3.44094 x 3.00001 3.25731 3.7736 7.73887 6.89639 6.10329 5.38146 4.76341 x 4.02617 4.00001 x 4.65189 8.21524 7.44044 6.72682 6.09591 5.57585 5.20001 5.00101 5.00001 5.19712 5.57137 8.7801 8.07218 7.43304 6.88187 6.44128 6.13515 5.98416 6.00001 6.18143 x 9.41755 8.77269 8.20062 7.71752 7.34099 7.08803 6.9721 7.00001 x 7.47263 10.11386 9.52681 9.01389 x 8.26379 8.05234 7.96305 8.00001 8.1615 8.44039
8.20001 7.20348 6.20968 5.22016 4.23793 3.26957 2.33239 1.48662 1.00001 1.34537 8.03991 7.03492 6.02994 5.02495 4.01996 3.01497 2.00999 1.005 x 1.005 8.00251 7.00644 6.01333 5.02495 4.04476 3.08059 2.15408 1.34537 1.00001 1.48662 8.08951 7.1197 6.16118 5.22016 x x 2.69073 2.1471 2.00001 2.32595 8.297 7.36818 x 5.59018 4.77075 4.0361 3.44094 3.06758 3.00001 3.25731 8.61627 7.73887 x 6.10329 5.38146 4.76341 4.29419 4.02617 4.00001 4.2202 9.0355 8.21524 7.44044 6.72682 6.09591 x 5.20001 5.00101 5.00001 5.19712 9.5415 8.7801 8.07218 7.43304 6.88187 6.44128 6.13515 5.98416 x 6.18143 10.12127 x 8.77269 8.20062 7.71752 7.34099 7.08803 6.9721 7.00001 7.17009 10.76291 10.11386 9.52681 9.01389 x 8.26379 8.05234 x 8.00001 8.1615
9.19838 x 7.20348 6.20968 5.22016 4.23793 x 2.33239 1.48662 x x 8.03991 7.03492 6.02994 5.02495 4.01996 3.01497 2.00999 1.005 x 9.00057 8.00251 7.00644 6.01333 5.02495 4.04476 3.08059 2.15408 1.34537 1.00001 9.06698 8.08951 x 6.16118 5.22016 4.30814 3.4482 2.69073 2.1471 2.00001 9.24176 8.297 7.36818 6.46221 5.59018 4.77075 4.0361 3.44094 3.06758 3.00001 9.51894 8.61627 7.73887 6.89639 6.10329 5.38146 4.76341 4.29419 4.02617 4.00001 9.8899 9.0355 8.21524 7.44044 6.72682 6.09591 5.57585 5.20001 5.00101 5.00001 10.34457 9.5415 8.7801 8.07218 7.43304 6.88187 x 6.13515 5.98416 6.00001 10.87245 10.12127 9.41755 8.77269 8.20062 7.71752 7.34099 7.08803 6.9721 7.00001 11.46343 10.76291 x 9.52681 9.01389 x 8.26379 8.05234 7.96305 8.00001
2.00001 2.1471 2.69073 3.4482 4.30814 5.22016 6.16118 7.1197 8.08951 9.06698 1.00001 1.34537 2.15408 3.08059 4.04476 5.02495 6.01333 7.00644 8.00251 9.00057 x 1.005 2.00999 3.01497 4.01996 5.02495 6.02994 7.03492 x 9.0449 1.00001 1.48662 2.33239 3.26957 x 5.22016 6.20968 7.20348 8.20001 9.19838 x 2.32595 x 3.78022 4.66477 x 6.53912 7.50268 8.47586 9.4557 3.00001 3.25731 3.7736 4.45983 5.24977 x x 7.91771 8.85665 9.80868 x x 4.65189 5.2431 5.94644 6.72682 7.56043 8.4315 9.32953 10.24745 5.00001 5.19712 5.57137 6.09017 x 7.43304 8.20732 x x 10.76152 6.00001 6.18143 6.51461 6.97783 7.54719 8.20062 8.91965 9.6897 10.49953 11.34064 7.00001 7.17009 7.47263 7.89241 8.41191 9.01389 9.68298 10.40626 11.17319 11.9754
2.32595 2.00001 2.1471 2.69073 3.4482 4.30814 5.22016 6.16118 7.1197 8.08951 1.48662 1.00001 1.34537 2.15408 3.08059 4.04476 5.02495 6.01333 7.00644 8.00251 1.005 x 1.005 2.00999 3.01497 4.01996 5.02495 6.02994 x 8.03991 1.34537 1.00001 1.48662 2.33239 3.26957 4.23793 5.22016 x 7.20348 8.20001 2.1471 2.00001 2.32595 2.97322 3.78022 4.66477 5.59018 6.53912 7.50268 8.47586 3.06758 3.00001 3.25731 3.7736 4.45983 5.24977 6.10329 6.99715 7.91771 8.85665 4.02617 4.00001 4.2202 4.65189 5.2431 5.94644 6.72682 7.56043 8.4315 9.32953 5.00101 5.00001 5.19712 5.57137 6.09017 6.72013 7.43304 8.20732 9.02719 9.88131 5.98416 6.00001 6.18143 6.51461 6.97783 7.54719 8.20062 8.91965 9.6897 10.49953 6.9721 7.00001 7.17009 7.47263 7.89241 8.41191 9.01389 9.68298 10.40626 11.17319
2.97322 2.32595 2.00001 2.1471 2.69073 3.4482 4.30814 5.22016 6.16118 7.1197 2.33239 1.48662 1.00001 1.34537 x 3.08059 4.04476 5.02495 6.01333 7.00644 2.00999 1.005 x 1.005 2.00999 3.01497 x x 6.02994 x 2.15408 1.34537 1.00001 1.48662 2.33239 3.26957 4.23793 5.22016 x 7.20348 2.69073 2.1471 2.00001 2.32595 2.97322 3.78022 4.66477 5.59018 6.53912 7.50268 3.44094 3.06758 3.00001 3.25731 3.7736 4.45983 5.24977 6.10329 6.99715 x 4.29419 4.02617 4.00001 4.2202 4.65189 5.2431 5.94644 6.72682 x 8.4315 5.20001 5.00101 5.00001 5.19712 5.57137 6.09017 6.72013 7.43304 8.20732 9.02719 6.13515 5.98416 6.00001 6.18143 6.51461 6.97783 7.54719 8.20062 8.91965 9.6897 7.08803 6.9721 7.00001 7.17009 7.47263 7.89241 8.41191 9.01389 x 10.40626
3.78022 2.97322 2.32595 2.00001 2.1471 2.69073 3.4482 4.30814 5.22016 x 3.26957 2.33239 1.48662 1.00001 1.34537 2.15408 3.08059 4.04476 5.02495 6.01333 3.01497 2.00999 1.005 x 1.005 2.00999 3.01497 4.01996 5.02495 6.02994 3.08059 2.15408 1.34537 1.00001 1.48662 2.33239 3.26957 4.23793 5.22016 6.20968 3.4482 2.69073 x 2.00001 2.32595 2.97322 3.78022 4.66477 5.59018 6.53912 4.0361 3.44094 x 3.00001 3.25731 3.7736 4.45983 5.24977 6.10329 6.99715 4.76341 4.29419 4.02617 4.00001 4.2202 4.65189 5.2431 5.94644 6.72682 7.56043 5.57585 5.20001 5.00101 5.00001 5.19712 5.57137 x 6.72013 7.43304 8.20732 6.44128 6.13515 5.98416 6.00001 6.18143 6.51461 6.97783 7.54719 8.20062 8.91965 7.34099 7.08803 6.9721 7.00001 7.17009 7.47263 7.89241 8.41191 x 9.68298
4.66477 3.78022 2.97322 2.32595 2.00001 2.1471 2.69073 3.4482 4.30814 5.22016 4.23793 3.26957 2.33239 1.48662 1.00001 1.34537 2.15408 3.08059 4.04476 5.02495 4.01996 3.01497 2.00999 1.005 x 1.005 2.00999 3.01497 4.01996 5.02495 x 3.08059 2.15408 1.34537 1.00001 1.48662 2.33239 3.26957 4.23793 5.22016 4.30814 3.4482 2.69073 2.1471 2.00001 2.32595 2.97322 x 4.66477 5.59018 4.77075 4.0361 3.44094 3.06758 3.00001 3.25731 3.7736 4.45983 5.24977 6.10329 5.38146 4.76341 4.29419 4.02617 4.00001 4.2202 4.65189 5.2431 5.94644 x 6.09591 x 5.20001 5.00101 5.00001 5.19712 x 6.09017 6.72013 7.43304 x 6.44128 6.13515 5.98416 6.00001 6.18143 6.51461 6.97783 7.54719 8.20062 7.71752 7.34099 7.08803 6.9721 7.00001 7.17009 7.47263 7.89241 8.41191 9.01389
5.59018 4.66477 3.78022 2.97322 2.32595 2.00001 2.1471 2.69073 x 4.30814 5.22016 4.23793 3.26957 2.33239 1.48662 1.00001 1.34537 2.15408 3.08059 4.04476 5.02495 4.01996 3.01497 2.00999 1.005 x 1.005 2.00999 3.01497 4.01996 5.02495 x 3.08059 2.15408 1.34537 1.00001 1.48662 2.33239 3.26957 4.23793 5.22016 4.30814 3.4482 2.69073 2.1471 2.00001 2.32595 2.97322 3.78022 4.66477 5.59018 4.77075 4.0361 3.44094 3.06758 3.00001 x 3.7736 4.45983 5.24977 6.10329 5.38146 x 4.29419 4.02617 4.00001 4.2202 4.65189 5.2431 5.94644 6.72682 6.09591 5.57585 5.20001 5.00101 5.00001 5.19712 5.57137 6.09017 6.72013 7.43304 6.88187 6.44128 6.13515 5.98416 6.00001 6.18143 x x 7.54719 8.20062 7.71752 7.34099 7.08803 6.9721 7.00001 7.17009 7.47263 7.89241 8.41191
6.53912 5.59018 4.66477 3.78022 2.97322 2.32595 2.00001 2.1471 2.69073 3.4482 6.20968 5.22016 4.23793 3.26957 2.33239 1.48662 1.00001 x 2.15408 3.08059 6.02994 5.02495 x 3.01497 2.00999 1.005 x 1.005 2.00999 3.01497 6.01333 5.02495 4.04476 3.08059 2.15408 1.34537 x 1.48662 2.33239 3.26957 6.16118 5.22016 4.30814 3.4482 x 2.1471 x 2.32595 2.97322 3.78022 6.46221 5.59018 4.77075 4.0361 3.44094 3.06758 3.00001 3.25731 3.7736 4.45983 6.89639 6.10329 x 4.76341 4.29419 x x 4.2202 4.65189 5.2431 7.44044 6.72682 6.09591 5.57585 5.20001 5.00101 5.00001 5.19712 5.57137 6.09017 8.07218 7.43304 6.88187 6.44128 6.13515 5.98416 6.00001 6.18143 6.51461 6.97783 8.77269 8.20062 7.71752 7.34099 7.08803 6.9721 x 7.17009 7.47263 7.89241
7.50268 6.53912 5.59018 4.66477 3.78022 2.97322 2.32595 2.00001 x 2.69073 7.20348 6.20968 x 4.23793 3.26957 2.33239 1.48662 1.00001 1.34537 2.15408 7.03492 6.02994 x 4.01996 3.01497 2.00999 1.005 x 1.005 2.00999 7.00644 6.01333 5.02495 4.04476 3.08059 2.15408 1.34537 1.00001 x 2.33239 7.1197 6.16118 5.22016 4.30814 3.4482 2.69073 2.1471 2.00001 2.32595 2.97322 7.36818 x 5.59018 4.77075 4.0361 3.44094 3.06758 x 3.25731 3.7736 7.73887 6.89639 6.10329 5.38146 4.76341 4.29419 4.02617 4.00001 4.2202 4.65189 8.21524 7.44044 6.72682 6.09591 5.57585 5.20001 5.00101 5.00001 5.19712 5.57137 8.7801 8.07218 7.43304 6.88187 6.44128 6.13515 5.98416 6.00001 6.18143 6.51461 9.41755 8.77269 8.20062 7.71752 7.34099 7.08803 6.9721 x 7.17009 7.47263
8.47586 7.50268 6.53912 5.59018 4.66477 3.78022 2.97322 2.32595 x 2.1471 8.20001 7.20348 6.20968 5.22016 4.23793 x 2.33239 1.48662 1.00001 1.34537 x x 6.02994 5.02495 4.01996 3.01497 2.00999 1.005 x 1.005 8.00251 7.00644 6.01333 5.02495 4.04476 3.08059 2.15408 1.34537 1.00001 1.48662 8.08951 7.1197 6.16118 5.22016 4.30814 3.4482 2.69073 2.1471 2.00001 2.32595 8.297 7.36818 6.46221 5.59018 4.77075 4.0361 3.44094 3.06758 3.00001 3.25731 8.61627 x 6.89639 6.10329 5.38146 x x 4.02617 4.00001 x 9.0355 8.21524 7.44044 6.72682 6.09591 x 5.20001 5.00101 x 5.19712 x 8.7801 8.07218 x 6.88187 6.44128 6.13515 x 6.00001 6.18143 10.12127 9.41755 8.77269 8.20062 7.71752 7.34099 7.08803 6.9721 7.00001 7.17009
9.4557 8.47586 7.50268 6.53912 5.59018 4.66477 3.78022 2.97322 2.32595 2.00001 9.19838 8.20001 7.20348 6.20968 5.22016 x 3.26957 2.33239 1.48662 1.00001 9.0449 8.03991 x 6.02994 5.02495 4.01996 3.01497 2.00999 1.005 x 9.00057 8.00251 7.00644 6.01333 x 4.04476 3.08059 2.15408 1.34537 1.00001 9.06698 8.08951 7.1197 6.16118 5.22016 4.30814 3.4482 2.69073 2.1471 2.00001 9.24176 8.297 7.36818 6.46221 5.59018 4.77075 4.0361 3.44094 3.06758 3.00001 9.51894 x 7.73887 6.89639 6.10329 5.38146 4.76341 4.29419 4.02617 4.00001 9.8899 9.0355 8.21524 7.44044 6.72682 6.09591 5.57585 5.20001 x 5.00001 10.34457 9.5415 8.7801 8.07218 7.43304 6.88187 6.44128 6.13515 5.98416 x 10.87245 10.12127 9.41755 8.77269 8.20062 x 7.34099 x 6.9721 7.00001
3.00001 x 3.44094 4.0361 4.77075 5.59018 6.46221 7.36818 8.297 9.24176 2.00001 x 2.69073 3.4482 4.30814 5.22016 6.16118 7.1197 8.08951 9.06698 1.00001 1.34537 2.15408 3.08059 x 5.02495 6.01333 7.00644 8.00251 9.00057 x 1.005 2.00999 3.01497 4.01996 5.02495 6.02994 7.03492 8.03991 9.0449 1.00001 1.48662 x 3.26957 4.23793 5.22016 6.20968 7.20348 8.20001 9.19838 2.00001 2.32595 2.97322 3.78022 4.66477 5.59018 6.53912 7.50268 8.47586 9.4557 3.00001 3.25731 3.7736 4.45983 5.24977 6.10329 x 7.91771 8.85665 9.80868 x 4.2202 4.65189 5.2431 5.94644 6.72682 7.56043 8.4315 x 10.24745 x 5.19712 5.57137 x 6.72013 7.43304 8.20732 9.02719 9.88131 10.76152 6.00001 6.18143 6.51461 6.97783 7.54719 8.20062 8.91965 9.6897 10.49953 11.34064
x 3.00001 3.06758 3.44094 4.0361 4.77075 5.59018 6.46221 7.36818 8.297 2.32595 2.00001 2.1471 2.69073 x 4.30814 5.22016 6.16118 7.1197 8.08951 1.48662 1.00001 1.34537 2.15408 3.08059 x 5.02495 6.01333 7.00644 8.00251 1.005 x 1.005 2.00999 3.01497 4.01996 5.02495 6.02994 7.03492 8.03991 1.34537 1.00001 1.48662 2.33239 3.26957 4.23793 5.22016 6.20968 7.20348 8.20001 2.1471 2.00001 2.32595 2.97322 3.78022 4.66477 5.59018 6.53912 7.50268 8.47586 x 3.00001 3.25731 3.7736 4.45983 5.24977 6.10329 6.99715 7.91771 8.85665 4.02617 4.00001 4.2202 x 5.2431 5.94644 6.72682 7.56043 8.4315 9.32953 5.00101 5.00001 5.19712 5.57137 6.09017 6.72013 7.43304 x 9.02719 9.88131 5.98416 6.00001 6.18143 6.51461 6.97783 7.54719 8.20062 8.91965 9.6897 10.49953
3.7736 3.25731 3.00001 3.06758 3.44094 4.0361 4.77075 5.59018 x 7.36818 2.97322 2.32595 2.00001 2.1471 2.69073 3.4482 4.30814 x 6.16118 x 2.33239 1.48662 1.00001 1.34537 2.15408 3.08059 4.04476 5.02495 6.01333 7.00644 2.00999 1.005 x 1.005 2.00999 3.01497 4.01996 5.02495 6.02994 x 2.15408 1.34537 1.00001 1.48662 2.33239 3.26957 4.23793 5.22016 6.20968 7.20348 2.69073 2.1471 2.00001 2.32595 2.97322 3.78022 4.66477 5.59018 6.53912 7.50268 3.44094 3.06758 3.00001 3.25731 x 4.45983 5.24977 6.10329 6.99715 7.91771 4.29419 4.02617 4.00001 4.2202 4.65189 5.2431 5.94644 6.72682 7.56043 x 5.20001 5.00101 5.00001 x 5.57137 x 6.72013 7.43304 8.20732 9.02719 6.13515 5.98416 6.00001 6.18143 6.51461 6.97783 x 8.20062 8.91965 9.6897
4.45983 3.7736 3.25731 3.00001 3.06758 x 4.0361 4.77075 5.59018 6.46221 x 2.97322 2.32595 x 2.1471 2.69073 3.4482 4.30814 5.22016 6.16118 3.26957 2.33239 1.48662 1.00001 1.34537 2.15408 3.08059 4.04476 5.02495 6.01333 3.01497 2.00999 1.005 x 1.005 2.00999 3.01497 4.01996 5.02495 6.02994 3.08059 2.15408 1.34537 1.00001 1.48662 x 3.26957 4.23793 5.22016 6.20968 3.4482 2.69073 2.1471 x 2.32595 2.97322 3.78022 4.66477 5.59018 6.53912 x 3.44094 3.06758 3.00001 3.25731 3.7736 4.45983 5.24977 6.10329 6.99715 4.76341 4.29419 4.02617 4.00001 4.2202 4.65189 5.2431 5.94644 6.72682 7.56043 x 5.20001 5.00101 x 5.19712 5.57137 6.09017 6.72013 7.43304 8.20732 6.44128 6.13515 5.98416 6.00001 6.18143 x 6.97783 7.54719 8.20062 8.91965
5.24977 4.45983 3.7736 3.25731 3.00001 3.06758 3.44094 4.0361 4.77075 5.59018 4.66477 3.78022 2.97322 2.32595 2.00001 2.1471 2.69073 3.4482 x 5.22016 x 3.26957 2.33239 1.48662 1.00001 1.34537 2.15408 3.08059 4.04476 x 4.01996 3.01497 2.00999 1.005 x 1.005 2.00999 3.01497 4.01996 5.02495 4.04476 3.08059 2.15408 1.34537 1.00001 1.48662 x x 4.23793 5.22016 4.30814 3.4482 2.69073 x 2.00001 2.32595 2.97322 3.78022 4.66477 5.59018 x 4.0361 3.44094 3.06758 3.00001 3.25731 3.7736 4.45983 5.24977 6.10329 5.38146 4.76341 4.29419 4.02617 4.00001 4.2202 4.65189 5.2431 5.94644 6.72682 6.09591 5.57585 5.20001 5.00101 5.00001 5.19712 5.57137 x 6.72013 7.43304 6.88187 6.44128 6.13515 5.98416 6.00001 6.18143 x 6.97783 7.54719 8.20062
6.10329 5.24977 4.45983 3.7736 3.25731 3.00001 3.06758 x x x 5.59018 4.66477 3.78022 2.97322 2.32595 2.00001 2.1471 2.69073 x 4.30814 5.22016 4.23793 3.26957 2.33239 1.48662 1.00001 1.34537 2.15408 3.08059 4.04476 5.02495 4.01996 3.01497 2.00999 1.005 x 1.005 2.00999 3.01497 4.01996 5.02495 4.04476 3.08059 2.15408 1.34537 1.00001 1.48662 2.33239 3.26957 4.23793 5.22016 4.30814 3.4482 2.69073 2.1471 2.00001 2.32595 2.97322 3.78022 4.66477 5.59018 4.77075 4.0361 3.44094 3.06758 3.00001 3.25731 3.7736 4.45983 5.24977 6.10329 5.38146 x 4.29419 4.02617 4.00001 4.2202 4.65189 5.2431 5.94644 6.72682 6.09591 5.57585 5.20001 5.00101 5.00001 5.19712 5.57137 6.09017 6.72013 7.43304 6.88187 6.44128 6.13515 5.98416 6.00001 6.18143 6.51461 6.97783 7.54719
6.99715 6.10329 5.24977 4.45983 3.7736 3.25731 3.00001 x 3.44094 4.0361 6.53912 x 4.66477 x 2.97322 2.32595 2.00001 2.1471 2.69073 3.4482 6.20968 5.22016 4.23793 3.26957 2.33239 1.48662 x 1.34537 2.15408 3.08059 6.02994 5.02495 4.01996 3.01497 2.00999 1.005 x x x 3.01497 6.01333 5.02495 4.04476 3.08059 2.15408 1.34537 1.00001 1.48662 2.33239 3.26957 6.16118 5.22016 4.30814 3.4482 2.69073 2.1471 2.00001 2.32595 2.97322 3.78022 6.46221 5.59018 4.77075 4.0361 3.44094 3.06758 3.00001 3.25731 3.7736 4.45983 6.89639 6.10329 5.38146 4.76341 4.29419 4.02617 4.00001 4.2202 4.65189 5.2431 7.44044 6.72682 6.09591 5.57585 5.20001 5.00101 5.00001 5.19712 5.57137 6.09017 8.07218 7.43304 x 6.44128 6.13515 5.98416 6.00001 6.18143 6.51461 6.97783
7.91771 6.99715 6.10329 x 4.45983 3.7736 3.25731 x 3.06758 3.44094 7.50268 6.53912 5.59018 4.66477 3.78022 2.97322 2.32595 2.00001 2.1471 2.69073 7.20348 x 5.22016 4.23793 3.26957 2.33239 1.48662 1.00001 1.34537 2.15408 7.03492 6.02994 5.02495 4.01996 3.01497 2.00999 x x 1.005 2.00999 7.00644 6.01333 5.02495 4.04476 3.08059 2.15408 x 1.00001 1.48662 2.33239 7.1197 x 5.22016 4.30814 x 2.69073 2.1471 2.00001 2.32595 2.97322 7.36818 6.46221 5.59018 4.77075 4.0361 3.44094 3.06758 3.00001 3.25731 3.7736 7.73887 6.89639 x 5.38146 4.76341 4.29419 x 4.00001 4.2202 4.65189 8.21524 7.44044 6.72682 6.09591 5.57585 5.20001 5.00101 5.00001 5.19712 5.57137 8.7801 8.07218 7.43304 6.88187 6.44128 6.13515 5.98416 6.00001 6.18143 6.51461
8.85665 7.91771 6.99715 x 5.24977 x 3.7736 3.25731 3.00001 3.06758 8.47586 7.50268 6.53912 5.59018 4.66477 3.78022 2.97322 2.32595 2.00001 2.1471 8.20001 7.20348 x 5.22016 4.23793 3.26957 2.33239 x 1.00001 1.34537 8.03991 7.03492 6.02994 5.02495 4.01996 3.01497 x 1.005 x 1.005 8.00251 7.00644 6.01333 5.02495 4.04476 3.08059 2.15408 1.34537 1.00001 1.48662 8.08951 7.1197 6.16118 5.22016 4.30814 3.4482 2.69073 2.1471 x 2.32595 x 7.36818 x 5.59018 4.77075 4.0361 3.44094 3.06758 3.00001 x 8.61627 7.73887 6.89639 6.10329 5.38146 4.76341 4.29419 4.02617 4.00001 4.2202 9.0355 8.21524 7.44044 6.72682 6.09591 5.57585 5.20001 5.00101 5.00001 5.19712 9.5415 8.7801 8.07218 7.43304 6.88187 6.44128 6.13515 5.98416 6.00001 6.18143
9.80868 8.85665 7.91771 6.99715 x 5.24977 4.45983 3.7736 x 3.00001 x 8.47586 7.50268 6.53912 5.59018 4.66477 3.78022 2.97322 2.32595 2.00001 9.19838 8.20001 7.20348 6.20968 5.22016 4.23793 3.26957 2.33239 1.48662 1.00001 9.0449 8.03991 x 6.02994 5.02495 4.01996 3.01497 2.00999 1.005 x 9.00057 8.00251 7.00644 6.01333 5.02495 4.04476 3.08059 2.15408 1.34537 1.00001 9.06698 8.08951 7.1197 6.16118 5.22016 4.30814 3.4482 2.69073 2.1471 2.00001 9.24176 8.297 7.36818 6.46221 5.59018 4.77075 4.0361 3.44094 3.06758 3.00001 x 8.61627 7.73887 6.89639 x 5.38146 4.76341 4.29419 4.02617 4.00001 9.8899 9.0355 x 7.44044 6.72682 6.09591 5.57585 5.20001 5.00101 5.00001 x 9.5415 8.7801 8.07218 7.43304 6.88187 6.44128 6.13515 5.98416 x
4.00001 4.02617 4.29419 4.76341 5.38146 6.10329 6.89639 7.73887 8.61627 9.51894 3.00001 3.06758 3.44094 x 4.77075 5.59018 6.46221 7.36818 8.297 9.24176 x 2.1471 2.69073 3.4482 4.30814 5.22016 6.16118 7.1197 8.08951 9.06698 1.00001 1.34537 2.15408 3.08059 4.04476 5.02495 6.01333 7.00644 8.00251 9.00057 x 1.005 2.00999 3.01497 4.01996 5.02495 6.02994 7.03492 8.03991 9.0449 1.00001 1.48662 2.33239 3.26957 4.23793 5.22016 6.20968 x 8.20001 9.19838 2.00001 2.32595 2.97322 3.78022 4.66477 5.59018 6.53912 x 8.47586 9.4557 3.00001 3.25731 3.7736 4.45983 5.24977 6.10329 6.99715 7.91771 8.85665 9.80868 4.00001 4.2202 4.65189 5.2431 5.94644 6.72682 7.56043 8.4315 9.32953 10.24745 5.00001 5.19712 5.57137 6.09017 x 7.43304 8.20732 9.02719 9.88131 10.76152
4.2202 4.00001 4.02617 4.29419 4.76341 5.38146 6.10329 6.89639 7.73887 8.61627 3.25731 3.00001 3.06758 3.44094 4.0361 4.77075 5.59018 6.46221 7.36818 8.297 2.32595 2.00001 2.1471 2.69073 3.4482 4.30814 5.22016 6.16118 7.1197 8.08951 1.48662 1.00001 1.34537 2.15408 3.08059 4.04476 5.02495 6.01333 7.00644 8.00251 1.005 x 1.005 2.00999 3.01497 4.01996 5.02495 6.02994 x x 1.34537 1.00001 1.48662 2.33239 3.26957 4.23793 5.22016 6.20968 7.20348 8.20001 2.1471 2.00001 2.32595 2.97322 3.78022 4.66477 5.59018 6.53912 7.50268 8.47586 3.06758 3.00001 3.25731 3.7736 4.45983 5.24977 6.10329 6.99715 7.91771 8.85665 x 4.00001 4.2202 4.65189 5.2431 5.94644 6.72682 7.56043 8.4315 x 5.00101 5.00001 5.19712 5.57137 6.09017 6.72013 7.43304 x x 9.88131
4.65189 4.2202 4.00001 x 4.29419 4.76341 5.38146 6.10329 6.89639 7.73887 3.7736 3.25731 3.00001 3.06758 3.44094 4.0361 4.77075 x x 7.36818 x 2.32595 2.00001 x 2.69073 3.4482 4.30814 5.22016 6.16118 7.1197 x 1.48662 1.00001 1.34537 2.15408 3.08059 4.04476 5.02495 6.01333 7.00644 2.00999 1.005 x 1.005 2.00999 x 4.01996 5.02495 6.02994 7.03492 2.15408 1.34537 1.00001 1.48662 2.33239 3.26957 4.23793 5.22016 6.20968 7.20348 2.69073 2.1471 2.00001 2.32595 2.97322 3.78022 4.66477 5.59018 6.53912 7.50268 3.44094 3.06758 x 3.25731 3.7736 4.45983 5.24977 6.10329 6.99715 7.91771 4.29419 x 4.00001 x 4.65189 5.2431 5.94644 6.72682 7.56043 x 5.20001 5.00101 5.00001 5.19712 5.57137 x 6.72013 7.43304 8.20732 x
5.2431 4.65189 4.2202 4.00001 4.02617 4.29419 4.76341 5.38146 x 6.89639 4.45983 3.7736 3.25731 3.00001 3.06758 3.44094 x 4.77075 5.59018 6.46221 3.78022 2.97322 2.32595 2.00001 2.1471 2.69073 3.4482 4.30814 5.22016 6.16118 3.26957 2.33239 1.48662 1.00001 1.34537 2.15408 3.08059 4.04476 5.02495 6.01333 3.01497 2.00999 1.005 x 1.005 2.00999 3.01497 4.01996 5.02495 6.02994 x 2.15408 1.34537 x 1.48662 2.33239 3.26957 4.23793 5.22016 6.20968 3.4482 2.69073 2.1471 2.00001 2.32595 2.97322 3.78022 4.66477 5.59018 6.53912 4.0361 3.44094 x 3.00001 3.25731 3.7736 x 5.24977 6.10329 6.99715 4.76341 4.29419 4.02617 x 4.2202 x 5.2431 5.94644 x 7.56043 5.57585 5.20001 5.00101 5.00001 5.19712 5.57137 6.09017 6.72013 7.43304 x
5.94644 5.2431 4.65189 4.2202 x 4.02617 4.29419 4.76341 5.38146 6.10329 5.24977 4.45983 3.7736 3.25731 3.00001 3.06758 3.44094 4.0361 4.77075 5.59018 4.66477 3.78022 2.97322 2.32595 2.00001 2.1471 x 3.4482 4.30814 5.22016 4.23793 3.26957 2.33239 1.48662 1.00001 1.34537 2.15408 3.08059 4.04476 5.02495 4.01996 3.01497 2.00999 1.005 x 1.005 2.00999 3.01497 4.01996 5.02495 4.04476 3.08059 2.15408 1.34537 1.00001 1.48662 x 3.26957 4.23793 5.22016 4.30814 3.4482 x 2.1471 2.00001 2.32595 2.97322 3.78022 x 5.59018 4.77075 4.0361 3.44094 3.06758 3.00001 3.25731 3.7736 x 5.24977 6.10329 5.38146 4.76341 4.29419 4.02617 4.00001 4.2202 4.65189 5.2431 5.94644 6.72682 6.09591 5.57585 5.20001 5.00101 5.00001 5.19712 5.57137 6.09017 x 7.43304
6.72682 5.94644 5.2431 4.65189 4.2202 4.00001 x 4.29419 4.76341 x 6.10329 5.24977 x 3.7736 3.25731 3.00001 3.06758 3.44094 4.0361 4.77075 x 4.66477 3.78022 2.97322 2.32595 2.00001 2.1471 2.69073 3.4482 4.30814 5.22016 4.23793 3.26957 x 1.48662 1.00001 1.34537 2.15408 3.08059 4.04476 5.02495 4.01996 x 2.00999 1.005 x 1.005 x 3.01497 4.01996 5.02495 x 3.08059 2.15408 1.34537 1.00001 1.48662 x 3.26957 4.23793 5.22016 4.30814 3.4482 2.69073 2.1471 x 2.32595 2.97322 3.78022 4.66477 5.59018 4.77075 4.0361 3.44094 3.06758 3.00001 3.25731 3.7736 4.45983 5.24977 6.10329 5.38146 4.76341 4.29419 4.02617 4.00001 4.2202 4.65189 5.2431 5.94644 6.72682 6.09591 5.57585 5.20001 5.00101 5.00001 5.19712 5.57137 6.09017 x
7.56043 6.72682 5.94644 5.2431 4.65189 4.2202 4.00001 4.02617 4.29419 4.76341 6.99715 6.10329 5.24977 4.45983 3.7736 3.25731 3.00001 x 3.44094 4.0361 6.53912 5.59018 4.66477 3.78022 2.97322 2.32595 x 2.1471 2.69073 3.4482 6.20968 5.22016 4.23793 3.26957 x 1.48662 1.00001 x 2.15408 3.08059 6.02994 5.02495 4.01996 3.01497 2.00999 1.005 x 1.005 2.00999 x 6.01333 5.02495 4.04476 3.08059 2.15408 1.34537 1.00001 1.48662 x 3.26957 6.16118 x 4.30814 3.4482 2.69073 2.1471 2.00001 x 2.97322 3.78022 6.46221 5.59018 4.77075 4.0361 3.44094 3.06758 3.00001 3.25731 3.7736 4.45983 x 6.10329 5.38146 4.76341 4.29419 x 4.00001 4.2202 4.65189 x 7.44044 x 6.09591 5.57585 5.20001 5.00101 5.00001 5.19712 5.57137 6.09017
x x 6.72682 5.94644 5.2431 4.65189 4.2202 4.00001 4.02617 4.29419 7.91771 6.99715 6.10329 5.24977 4.45983 3.7736 3.25731 3.00001 3.06758 3.44094 7.50268 6.53912 5.59018 4.66477 x 2.97322 2.32595 2.00001 2.1471 2.69073 7.20348 6.20968 5.22016 4.23793 x 2.33239 1.48662 1.00001 1.34537 2.15408 7.03492 6.02994 5.02495 4.01996 3.01497 x 1.005 x 1.005 2.00999 7.00644 6.01333 5.02495 4.04476 3.08059 2.15408 1.34537 1.00001 1.48662 2.33239 7.1197 6.16118 x 4.30814 3.4482 2.69073 2.1471 2.00001 2.32595 x 7.36818 6.46221 5.59018 4.77075 4.0361 3.44094 3.06758 3.00001 3.25731 3.7736 7.73887 6.89639 6.10329 5.38146 4.76341 4.29419 4.02617 4.00001 4.2202 4.65189 8.21524 7.44044 6.72682 x 5.57585 5.20001 5.00101 5.00001 5.19712 5.57137
x 8.4315 x 6.72682 5.94644 5.2431 4.65189 x 4.00001 4.02617 8.85665 7.91771 6.99715 6.10329 5.24977 4.45983 3.7736 3.25731 3.00001 3.06758 8.47586 7.50268 6.53912 5.59018 4.66477 3.78022 2.97322 2.32595 2.00001 2.1471 8.20001 7.20348 6.20968 5.22016 4.23793 3.26957 2.33239 1.48662 1.00001 1.34537 8.03991 x 6.02994 5.02495 4.01996 3.01497 2.00999 1.005 x 1.005 8.00251 7.00644 6.01333 5.02495 4.04476 3.08059 2.15408 x 1.00001 1.48662 8.08951 7.1197 6.16118 5.22016 4.30814 x 2.69073 2.1471 2.00001 2.32595 8.297 7.36818 6.46221 5.59018 4.77075 4.0361 3.44094 x 3.00001 3.25731 8.61627 7.73887 6.89639 x 5.38146 4.76341 x 4.02617 4.00001 4.2202 9.0355 x 7.44044 6.72682 x 5.57585 5.20001 5.00101 5.00001 x
10.24745 9.32953 8.4315 7.56043 6.72682 5.94644 5.2431 4.65189 4.2202 4.00001 9.80868 8.85665 7.91771 6.99715 6.10329 5.24977 4.45983 3.7736 3.25731 3.00001 9.4557 8.47586 7.50268 6.53912 5.59018 4.66477 3.78022 2.97322 2.32595 2.00001 9.19838 8.20001 7.20348 6.20968 5.22016 4.23793 3.26957 2.33239 1.48662 1.00001 9.0449 x 7.03492 6.02994 5.02495 4.01996 x 2.00999 1.005 x 9.00057 8.00251 7.00644 6.01333 5.02495 4.04476 x 2.15408 1.34537 1.00001 9.06698 8.08951 7.1197 6.16118 5.22016 4.30814 3.4482 2.69073 2.1471 2.00001 9.24176 8.297 7.36818 6.46221 5.59018 x 4.0361 3.44094 3.06758 3.00001 9.51894 8.61627 7.73887 6.89639 6.10329 5.38146 4.76341 x x x 9.8899 9.0355 8.21524 7.44044 6.72682 6.09591 5.57585 x 5.00101 5.00001
5.00001 5.00101 5.20001 5.57585 6.09591 6.72682 7.44044 8.21524 9.0355 9.8899 4.00001 4.02617 4.29419 4.76341 5.38146 6.10329 6.89639 7.73887 8.61627 9.51894 3.00001 3.06758 3.44094 4.0361 4.77075 5.59018 6.46221 7.36818 8.297 9.24176 2.00001 2.1471 2.69073 3.4482 4.30814 5.22016 6.16118 7.1197 8.08951 9.06698 1.00001 1.34537 2.15408 x 4.04476 5.02495 6.01333 7.00644 8.00251 9.00057 x 1.005 2.00999 3.01497 4.01996 5.02495 x 7.03492 8.03991 9.0449 1.00001 1.48662 x 3.26957 4.23793 5.22016 6.20968 7.20348 8.20001 9.19838 2.00001 2.32595 2.97322 3.78022 4.66477 5.59018 6.53912 7.50268 8.47586 9.4557 3.00001 x 3.7736 4.45983 x 6.10329 6.99715 7.91771 8.85665 9.80868 4.00001 4.2202 4.65189 5.2431 5.94644 6.72682 7.56043 8.4315 9.32953 10.24745
5.19712 x 5.00101 5.20001 5.57585 6.09591 6.72682 7.44044 8.21524 9.0355 4.2202 4.00001 4.02617 4.29419 x 5.38146 6.10329 6.89639 7.73887 8.61627 3.25731 3.00001 3.06758 3.44094 4.0361 4.77075 5.59018 x 7.36818 8.297 2.32595 2.00001 2.1471 2.69073 3.4482 4.30814 5.22016 x 7.1197 8.08951 1.48662 1.00001 1.34537 2.15408 3.08059 x 5.02495 6.01333 7.00644 8.00251 1.005 x 1.005 2.00999 3.01497 4.01996 5.02495 6.02994 7.03492 8.03991 1.34537 x 1.48662 2.33239 3.26957 4.23793 5.22016 x 7.20348 8.20001 2.1471 2.00001 2.32595 2.97322 3.78022 4.66477 5.59018 6.53912 7.50268 8.47586 3.06758 3.00001 3.25731 3.7736 4.45983 5.24977 6.10329 6.99715 7.91771 8.85665 4.02617 4.00001 4.2202 4.65189 5.2431 5.94644 6.72682 7.56043 8.4315 9.32953
5.57137 5.19712 5.00001 5.00101 5.20001 5.57585 6.09591 6.72682 x 8.21524 x 4.2202 x 4.02617 4.29419 4.76341 5.38146 6.10329 x 7.73887 3.7736 3.25731 3.00001 x 3.44094 4.0361 4.77075 5.59018 6.46221 7.36818 2.97322 2.32595 2.00001 2.1471 2.69073 3.4482 4.30814 5.22016 6.16118 7.1197 2.33239 1.48662 1.00001 1.34537 2.15408 3.08059 4.04476 5.02495 6.01333 7.00644 2.00999 1.005 x 1.005 x 3.01497 4.01996 5.02495 6.02994 7.03492 2.15408 1.34537 1.00001 x 2.33239 3.26957 4.23793 5.22016 6.20968 7.20348 2.69073 2.1471 2.00001 2.32595 2.97322 3.78022 4.66477 5.59018 6.53912 7.50268 x 3.06758 3.00001 3.25731 x 4.45983 5.24977 6.10329 6.99715 x 4.29419 4.02617 4.00001 4.2202 4.65189 5.2431 5.94644 x 7.56043 8.4315
6.09017 5.57137 5.19712 5.00001 5.00101 5.20001 5.57585 6.09591 6.72682 7.44044 5.2431 4.65189 4.2202 4.00001 4.02617 4.29419 4.76341 5.38146 6.10329 6.89639 4.45983 3.7736 3.25731 3.00001 3.06758 3.44094 4.0361 4.77075 5.59018 6.46221 3.78022 2.97322 2.32595 x x 2.69073 3.4482 4.30814 5.22016 6.16118 3.26957 2.33239 1.48662 x 1.34537 2.15408 3.08059 4.04476 5.02495 6.01333 3.01497 2.00999 1.005 x 1.005 2.00999 3.01497 4.01996 5.02495 6.02994 3.08059 2.15408 1.34537 1.00001 1.48662 2.33239 3.26957 4.23793 5.22016 x x 2.69073 2.1471 2.00001 2.32595 2.97322 x 4.66477 5.59018 6.53912 4.0361 3.44094 3.06758 3.00001 3.25731 3.7736 4.45983 5.24977 6.10329 6.99715 4.76341 x 4.02617 4.00001 4.2202 4.65189 5.2431 5.94644 6.72682 7.56043
x 6.09017 5.57137 5.19712 5.00001 5.00101 5.20001 5.57585 6.09591 6.72682 5.94644 5.2431 4.65189 4.2202 4.00001 4.02617 4.29419 4.76341 5.38146 6.10329 5.24977 4.45983 3.7736 3.25731 3.00001 3.06758 3.44094 4.0361 4.77075 5.59018 4.66477 3.78022 2.97322 2.32595 2.00001 2.1471 2.69073 x 4.30814 5.22016 4.23793 3.26957 2.33239 1.48662 1.00001 1.34537 2.15408 3.08059 4.04476 5.02495 4.01996 3.01497 x 1.005 x 1.005 2.00999 3.01497 x 5.02495 4.04476 3.08059 2.15408 1.34537 1.00001 1.48662 2.33239 3.26957 4.23793 5.22016 4.30814 3.4482 2.69073 2.1471 2.00001 2.32595 2.97322 3.78022 4.66477 x 4.77075 x 3.44094 3.06758 x 3.25731 3.7736 4.45983 5.24977 6.10329 5.38146 4.76341 4.29419 4.02617 4.00001 4.2202 4.65189 5.2431 5.94644 6.72682
7.43304 x 6.09017 5.57137 x x 5.00101 5.20001 5.57585 x 6.72682 5.94644 5.2431 4.65189 4.2202 4.00001 4.02617 x 4.76341 5.38146 x 5.24977 4.45983 3.7736 3.25731 3.00001 3.06758 3.44094 4.0361 4.77075 5.59018 4.66477 3.78022 2.97322 2.32595 2.00001 2.1471 2.69073 3.4482 4.30814 5.22016 4.23793 3.26957 2.33239 1.48662 1.00001 1.34537 2.15408 3.08059 4.04476 5.02495 4.01996 3.01497 2.00999 1.005 x 1.005 2.00999 3.01497 4.01996 5.02495 4.04476 3.08059 2.15408 1.34537 1.00001 1.48662 2.33239 3.26957 4.23793 5.22016 4.30814 3.4482 2.69073 2.1471 2.00001 2.32595 2.97322 3.78022 4.66477 5.59018 4.77075 4.0361 3.44094 3.06758 3.00001 3.25731 3.7736 4.45983 5.24977 6.10329 5.38146 4.76341 4.29419 4.02617 4.00001 4.2202 4.65189 5.2431 x
8.20732 7.43304 6.72013 6.09017 5.57137 5.19712 x 5.00101 5.20001 x 7.56043 x 5.94644 5.2431 4.65189 4.2202 4.00001 4.02617 4.29419 4.76341 x 6.10329 5.24977 4.45983 3.7736 x 3.00001 3.06758 3.44094 4.0361 6.53912 5.59018 4.66477 3.78022 2.97322 2.32595 2.00001 2.1471 2.69073 3.4482 6.20968 5.22016 4.23793 3.26957 x 1.48662 1.00001 1.34537 2.15408 x x 5.02495 4.01996 3.01497 2.00999 1.005 x 1.005 2.00999 3.01497 6.01333 5.02495 x 3.08059 2.15408 1.34537 1.00001 1.48662 x 3.26957 6.16118 5.22016 4.30814 3.4482 2.69073 2.1471 2.00001 x 2.97322 3.78022 6.46221 5.59018 4.77075 4.0361 3.44094 x 3.00001 3.25731 x 4.45983 6.89639 6.10329 5.38146 4.76341 x 4.02617 4.00001 4.2202 4.65189 5.2431
x 8.20732 7.43304 6.72013 6.09017 5.57137 5.19712 5.00001 5.00101 5.20001 8.4315 7.56043 6.72682 5.94644 x 4.65189 4.2202 4.00001 4.02617 4.29419 7.91771 6.99715 6.10329 5.24977 4.45983 3.7736 3.25731 x 3.06758 3.44094 7.50268 6.53912 5.59018 4.66477 3.78022 2.97322 2.32595 2.00001 2.1471 2.69073 x 6.20968 5.22016 4.23793 3.26957 x 1.48662 1.00001 x 2.15408 7.03492 6.02994 5.02495 4.01996 3.01497 2.00999 1.005 x 1.005 2.00999 7.00644 6.01333 5.02495 4.04476 3.08059 2.15408 1.34537 1.00001 x 2.33239 7.1197 6.16118 5.22016 4.30814 3.4482 2.69073 2.1471 x 2.32595 2.97322 7.36818 6.46221 5.59018 4.77075 4.0361 3.44094 3.06758 x 3.25731 3.7736 7.73887 6.89639 6.10329 5.38146 4.76341 x 4.02617 4.00001 4.2202 4.65189
9.88131 9.02719 8.20732 7.43304 6.72013 6.09017 5.57137 5.19712 5.00001 5.00101 9.32953 8.4315 7.56043 6.72682 5.94644 5.2431 4.65189 x 4.00001 4.02617 8.85665 7.91771 6.99715 6.10329 5.24977 4.45983 3.7736 3.25731 3.00001 3.06758 8.47586 7.50268 6.53912 5.59018 4.66477 3.78022 2.97322 2.32595 x 2.1471 8.20001 7.20348 6.20968 5.22016 4.23793 3.26957 x 1.48662 1.00001 1.34537 8.03991 7.03492 6.02994 5.02495 x 3.01497 2.00999 1.005 x 1.005 8.00251 7.00644 x x 4.04476 3.08059 2.15408 1.34537 1.00001 1.48662 8.08951 7.1197 6.16118 5.22016 4.30814 3.4482 2.69073 2.1471 2.00001 2.32595 8.297 7.36818 6.46221 5.59018 4.77075 4.0361 x 3.06758 x 3.25731 8.61627 7.73887 6.89639 6.10329 x x 4.29419 x 4.00001 4.2202
x 9.88131 9.02719 8.20732 7.43304 6.72013 6.09017 5.57137 5.19712 5.00001 x 9.32953 8.4315 x 6.72682 5.94644 5.2431 4.65189 4.2202 4.00001 9.80868 8.85665 x 6.99715 6.10329 5.24977 4.45983 3.7736 3.25731 3.00001 9.4557 8.47586 7.50268 6.53912 5.59018 4.66477 3.78022 2.97322 2.32595 2.00001 9.19838 8.20001 7.20348 6.20968 5.22016 4.23793 3.26957 2.33239 1.48662 1.00001 9.0449 8.03991 7.03492 6.02994 5.02495 4.01996 3.01497 2.00999 1.005 x 9.00057 x 7.00644 6.01333 5.02495 x 3.08059 2.15408 x 1.00001 9.06698 8.08951 7.1197 x 5.22016 4.30814 3.4482 2.69073 x 2.00001 9.24176 8.297 7.36818 6.46221 5.59018 x 4.0361 x 3.06758 3.00001 9.51894 8.61627 7.73887 6.89639 6.10329 5.38146 4.76341 4.29419 4.02617 4.00001
6.00001 5.98416 6.13515 6.44128 x 7.43304 8.07218 8.7801 9.5415 10.34457 5.00001 5.00101 5.20001 5.57585 6.09591 6.72682 7.44044 8.21524 9.0355 9.8899 x 4.02617 4.29419 4.76341 5.38146 6.10329 6.89639 7.73887 8.61627 9.51894 3.00001 x 3.44094 x x 5.59018 6.46221 7.36818 x 9.24176 2.00001 2.1471 2.69073 3.4482 4.30814 5.22016 6.16118 7.1197 8.08951 9.06698 1.00001 1.34537 2.15408 3.08059 4.04476 5.02495 6.01333 7.00644 8.00251 9.00057 x 1.005 x 3.01497 4.01996 5.02495 6.02994 7.03492 8.03991 9.0449 1.00001 1.48662 2.33239 3.26957 4.23793 5.22016 6.20968 7.20348 8.20001 9.19838 2.00001 2.32595 2.97322 3.78022 4.66477 x 6.53912 7.50268 x 9.4557 3.00001 3.25731 3.7736 4.45983 5.24977 6.10329 6.99715 7.91771 8.85665 9.80868
6.18143 6.00001 5.98416 6.13515 6.44128 6.88187 7.43304 8.07218 8.7801 9.5415 5.19712 5.00001 5.00101 5.20001 5.57585 6.09591 6.72682 7.44044 8.21524 9.0355 x 4.00001 4.02617 4.29419 4.76341 5.38146 6.10329 6.89639 x x 3.25731 3.00001 3.06758 3.44094 4.0361 4.77075 5.59018 6.46221 7.36818 8.297 2.32595 2.00001 2.1471 2.69073 3.4482 4.30814 x 6.16118 7.1197 8.08951 1.48662 x 1.34537 2.15408 3.08059 4.04476 5.02495 6.01333 7.00644 x 1.005 x 1.005 2.00999 3.01497 4.01996 5.02495 6.02994 7.03492 8.03991 1.34537 1.00001 1.48662 2.33239 3.26957 4.23793 x 6.20968 7.20348 8.20001 2.1471 2.00001 2.32595 2.97322 x 4.66477 5.59018 6.53912 7.50268 8.47586 3.06758 3.00001 3.25731 x 4.45983 x 6.10329 6.99715 7.91771 8.85665
6.51461 6.18143 6.00001 x 6.13515 6.44128 6.88187 7.43304 8.07218 8.7801 5.57137 5.19712 5.00001 5.00101 5.20001 5.57585 6.09591 6.72682 7.44044 8.21524 4.65189 4.2202 4.00001 4.02617 4.29419 x x 6.10329 6.89639 7.73887 3.7736 3.25731 3.00001 3.06758 3.44094 4.0361 4.77075 5.59018 x 7.36818 2.97322 2.32595 2.00001 2.1471 x 3.4482 4.30814 x 6.16118 7.1197 x 1.48662 1.00001 1.34537 2.15408 3.08059 x 5.02495 x 7.00644 x 1.005 x 1.005 2.00999 3.01497 4.01996 5.02495 6.02994 7.03492 2.15408 1.34537 1.00001 1.48662 2.33239 3.26957 4.23793 5.22016 6.20968 7.20348 2.69073 2.1471 x 2.32595 2.97322 3.78022 4.66477 5.59018 6.53912 x 3.44094 3.06758 3.00001 3.25731 3.7736 4.45983 5.24977 6.10329 6.99715 7.91771
6.97783 6.51461 6.18143 6.00001 5.98416 6.13515 6.44128 6.88187 7.43304 8.07218 6.09017 5.57137 5.19712 5.00001 5.00101 5.20001 x 6.09591 6.72682 7.44044 5.2431 4.65189 4.2202 4.00001 4.02617 4.29419 4.76341 5.38146 6.10329 6.89639 4.45983 3.7736 3.25731 3.00001 3.06758 3.44094 4.0361 4.77075 5.59018 6.46221 3.78022 2.97322 2.32595 2.00001 2.1471 2.69073 3.4482 4.30814 5.22016 6.16118 3.26957 2.33239 x 1.00001 1.34537 2.15408 3.08059 4.04476 x 6.01333 3.01497 2.00999 1.005 x 1.005 2.00999 3.01497 4.01996 5.02495 6.02994 3.08059 2.15408 1.34537 1.00001 1.48662 2.33239 3.26957 4.23793 5.22016 6.20968 3.4482 2.69073 2.1471 2.00001 2.32595 2.97322 3.78022 x 5.59018 6.53912 4.0361 3.44094 3.06758 3.00001 3.25731 3.7736 4.45983 5.24977 6.10329 6.99715
7.54719 6.97783 6.51461 6.18143 6.00001 5.98416 6.13515 6.44128 6.88187 7.43304 6.72013 6.09017 5.57137 5.19712 5.00001 x x 5.57585 6.09591 6.72682 5.94644 5.2431 4.65189 4.2202 4.00001 4.02617 4.29419 4.76341 5.38146 6.10329 5.24977 4.45983 x 3.25731 3.00001 3.06758 3.44094 4.0361 4.77075 5.59018 4.66477 3.78022 2.97322 2.32595 2.00001 2.1471 2.69073 3.4482 4.30814 5.22016 4.23793 3.26957 2.33239 1.48662 1.00001 1.34537 2.15408 3.08059 4.04476 5.02495 4.01996 3.01497 2.00999 1.005 x 1.005 2.00999 3.01497 4.01996 5.02495 4.04476 3.08059 2.15408 x 1.00001 1.48662 x 3.26957 4.23793 5.22016 4.30814 3.4482 2.69073 2.1471 x 2.32595 2.97322 3.78022 4.66477 5.59018 4.77075 4.0361 3.44094 3.06758 x 3.25731 3.7736 4.45983 5.24977 6.10329
8.20062 7.54719 6.97783 6.51461 6.18143 6.00001 x 6.13515 6.44128 x 7.43304 6.72013 6.09017 5.57137 5.19712 5.00001 5.00101 5.20001 x 6.09591 6.72682 5.94644 5.2431 4.65189 4.2202 4.00001 x 4.29419 x 5.38146 6.10329 5.24977 4.45983 3.7736 3.25731 3.00001 3.06758 3.44094 4.0361 4.77075 5.59018 4.66477 3.78022 2.97322 2.32595 x 2.1471 2.69073 x 4.30814 5.22016 4.23793 3.26957 2.33239 1.48662 1.00001 1.34537 2.15408 3.08059 x 5.02495 4.01996 3.01497 2.00999 1.005 x 1.005 2.00999 3.01497 4.01996 x 4.04476 3.08059 2.15408 1.34537 1.00001 1.48662 2.33239 3.26957 4.23793 5.22016 4.30814 3.4482 2.69073 2.1471 2.00001 2.32595 2.97322 3.78022 4.66477 5.59018 4.77075 4.0361 3.44094 x 3.00001 3.25731 3.7736 4.45983 5.24977
8.91965 8.20062 7.54719 6.97783 x 6.18143 6.00001 5.98416 x x x 7.43304 6.72013 6.09017 5.57137 5.19712 5.00001 5.00101 5.20001 5.57585 7.56043 6.72682 5.94644 5.2431 4.65189 4.2202 x 4.02617 x 4.76341 x 6.10329 5.24977 4.45983 3.7736 3.25731 3.00001 3.06758 3.44094 4.0361 6.53912 5.59018 4.66477 3.78022 2.97322 2.32595 2.00001 2.1471 2.69073 3.4482 6.20968 5.22016 4.23793 3.26957 2.33239 1.48662 1.00001 1.34537 2.15408 3.08059 6.02994 5.02495 4.01996 3.01497 2.00999 1.005 x 1.005 2.00999 3.01497 6.01333 5.02495 4.04476 3.08059 2.15408 1.34537 1.00001 1.48662 2.33239 3.26957 6.16118 5.22016 4.30814 3.4482 2.69073 2.1471 2.00001 2.32595 2.97322 3.78022 6.46221 5.59018 4.77075 4.0361 3.44094 3.06758 x 3.25731 3.7736 4.45983
9.6897 8.91965 8.20062 7.54719 6.97783 6.51461 6.18143 6.00001 5.98416 6.13515 9.02719 8.20732 7.43304 6.72013 6.09017 5.57137 x 5.00001 5.00101 5.20001 8.4315 7.56043 6.72682 5.94644 5.2431 4.65189 4.2202 4.00001 4.02617 4.29419 7.91771 6.99715 6.10329 5.24977 4.45983 3.7736 3.25731 3.00001 3.06758 3.44094 x 6.53912 5.59018 4.66477 3.78022 2.97322 x 2.00001 2.1471 2.69073 7.20348 x 5.22016 4.23793 3.26957 2.33239 1.48662 1.00001 1.34537 2.15408 7.03492 6.02994 5.02495 4.01996 3.01497 2.00999 1.005 x 1.005 2.00999 7.00644 x 5.02495 4.04476 3.08059 2.15408 1.34537 1.00001 1.48662 2.33239 7.1197 6.16118 5.22016 4.30814 3.4482 2.69073 2.1471 2.00001 2.32595 2.97322 x 6.46221 x 4.77075 4.0361 3.44094 3.06758 3.00001 3.25731 3.7736
10.49953 x 8.91965 8.20062 7.54719 6.97783 6.51461 6.18143 6.00001 5.98416 9.88131 9.02719 8.20732 7.43304 6.72013 x 5.57137 5.19712 5.00001 5.00101 9.32953 8.4315 x 6.72682 5.94644 5.2431 4.65189 4.2202 4.00001 4.02617 8.85665 7.91771 6.99715 6.10329 5.24977 4.45983 3.7736 3.25731 3.00001 3.06758 8.47586 7.50268 6.53912 5.59018 x 3.78022 2.97322 2.32595 2.00001 2.1471 8.20001 7.20348 6.20968 5.22016 4.23793 3.26957 x x 1.00001 x 8.03991 7.03492 6.02994 5.02495 4.01996 3.01497 2.00999 1.005 x 1.005 8.00251 x 6.01333 5.02495 4.04476 3.08059 2.15408 1.34537 x 1.48662 8.08951 x 6.16118 5.22016 4.30814 3.4482 2.69073 2.1471 2.00001 2.32595 8.297 x 6.46221 5.59018 4.77075 4.0361 x 3.06758 3.00001 3.25731
11.34064 x 9.6897 8.91965 8.20062 7.54719 6.97783 6.51461 6.18143 6.00001 x 9.88131 9.02719 8.20732 7.43304 6.72013 6.09017 5.57137 5.19712 5.00001 10.24745 9.32953 8.4315 7.56043 x 5.94644 5.2431 4.65189 x 4.00001 9.80868 8.85665 7.91771 6.99715 6.10329 5.24977 4.45983 3.7736 x 3.00001 9.4557 8.47586 7.50268 6.53912 5.59018 4.66477 3.78022 x 2.32595 2.00001 9.19838 8.20001 7.20348 x 5.22016 4.23793 3.26957 2.33239 1.48662 1.00001 9.0449 8.03991 7.03492 6.02994 5.02495 4.01996 3.01497 2.00999 1.005 x 9.00057 x x 6.01333 5.02495 4.04476 3.08059 2.15408 1.34537 x 9.06698 8.08951 7.1197 6.16118 5.22016 4.30814 3.4482 2.69073 2.1471 2.00001 9.24176 8.297 7.36818 6.46221 5.59018 4.77075 4.0361 3.44094 3.06758 3.00001
7.00001 6.9721 7.08803 7.34099 7.71752 8.20062 8.77269 9.41755 10.12127 10.87245 6.00001 5.98416 6.13515 6.44128 6.88187 x 8.07218 8.7801 9.5415 10.34457 5.00001 5.00101 5.20001 5.57585 6.09591 6.72682 7.44044 8.21524 9.0355 9.8899 x 4.02617 4.29419 4.76341 5.38146 6.10329 6.89639 7.73887 8.61627 x 3.00001 3.06758 3.44094 4.0361 4.77075 5.59018 6.46221 7.36818 8.297 9.24176 2.00001 2.1471 2.69073 x 4.30814 5.22016 6.16118 7.1197 8.08951 9.06698 1.00001 1.34537 2.15408 3.08059 4.04476 x 6.01333 7.00644 8.00251 9.00057 x 1.005 x 3.01497 4.01996 5.02495 6.02994 7.03492 8.03991 9.0449 1.00001 1.48662 2.33239 3.26957 4.23793 5.22016 6.20968 7.20348 8.20001 9.19838 2.00001 2.32595 2.97322 3.78022 4.66477 5.59018 6.53912 7.50268 x 9.4557
x 7.00001 6.9721 x 7.34099 7.71752 8.20062 x 9.41755 10.12127 6.18143 6.00001 5.98416 6.13515 6.44128 6.88187 7.43304 8.07218 8.7801 9.5415 5.19712 5.00001 5.00101 5.20001 x 6.09591 6.72682 7.44044 8.21524 9.0355 4.2202 4.00001 4.02617 4.29419 4.76341 5.38146 6.10329 6.89639 7.73887 8.61627 3.25731 3.00001 3.06758 3.44094 4.0361 4.77075 5.59018 6.46221 7.36818 8.297 2.32595 2.00001 2.1471 2.69073 3.4482 4.30814 5.22016 6.16118 7.1197 8.08951 1.48662 1.00001 1.34537 2.15408 3.08059 4.04476 5.02495 x x x 1.005 x 1.005 x 3.01497 4.01996 5.02495 6.02994 7.03492 8.03991 1.34537 1.00001 x 2.33239 3.26957 x 5.22016 6.20968 7.20348 8.20001 2.1471 2.00001 2.32595 x x 4.66477 5.59018 6.53912 7.50268 8.47586
7.47263 7.17009 7.00001 6.9721 7.08803 7.34099 7.71752 8.20062 8.77269 9.41755 6.51461 6.18143 6.00001 5.98416 6.13515 6.44128 6.88187 7.43304 8.07218 8.7801 5.57137 5.19712 5.00001 5.00101 5.20001 5.57585 6.09591 6.72682 7.44044 8.21524 4.65189 4.2202 4.00001 4.02617 4.29419 x 5.38146 x 6.89639 7.73887 3.7736 3.25731 x x 3.44094 4.0361 4.77075 5.59018 6.46221 7.36818 2.97322 2.32595 2.00001 2.1471 2.69073 3.4482 4.30814 5.22016 6.16118 7.1197 2.33239 1.48662 1.00001 1.34537 2.15408 3.08059 4.04476 5.02495 6.01333 x x 1.005 x 1.005 2.00999 3.01497 4.01996 5.02495 6.02994 7.03492 2.15408 1.34537 1.00001 1.48662 2.33239 3.26957 4.23793 x 6.20968 7.20348 2.69073 2.1471 2.00001 2.32595 2.97322 3.78022 4.66477 5.59018 6.53912 7.50268
7.89241 7.47263 7.17009 7.00001 6.9721 7.08803 7.34099 7.71752 8.20062 8.77269 x 6.51461 6.18143 6.00001 5.98416 x 6.44128 6.88187 7.43304 8.07218 6.09017 5.57137 5.19712 5.00001 5.00101 5.20001 5.57585 6.09591 6.72682 7.44044 5.2431 x 4.2202 4.00001 4.02617 4.29419 4.76341 5.38146 6.10329 6.89639 4.45983 3.7736 3.25731 3.00001 3.06758 3.44094 4.0361 4.77075 5.59018 6.46221 3.78022 2.97322 2.32595 2.00001 2.1471 2.69073 3.4482 4.30814 5.22016 x 3.26957 2.33239 1.48662 1.00001 x 2.15408 3.08059 4.04476 5.02495 6.01333 3.01497 x 1.005 x 1.005 2.00999 3.01497 4.01996 5.02495 6.02994 3.08059 2.15408 1.34537 x 1.48662 2.33239 3.26957 4.23793 5.22016 6.20968 3.4482 2.69073 2.1471 x 2.32595 2.97322 3.78022 4.66477 5.59018 6.53912
8.41191 7.89241 7.47263 7.17009 7.00001 6.9721 7.08803 7.34099 7.71752 8.20062 7.54719 x 6.51461 6.18143 6.00001 5.98416 6.13515 6.44128 6.88187 7.43304 x 6.09017 5.57137 5.19712 5.00001 5.00101 5.20001 5.57585 6.09591 6.72682 5.94644 5.2431 4.65189 4.2202 4.00001 4.02617 4.29419 4.76341 5.38146 x 5.24977 4.45983 3.7736 3.25731 3.00001 3.06758 3.44094 4.0361 4.77075 5.59018 4.66477 3.78022 2.97322 2.32595 2.00001 2.1471 2.69073 3.4482 4.30814 5.22016 4.23793 3.26957 2.33239 1.48662 1.00001 1.34537 2.15408 3.08059 4.04476 5.02495 4.01996 3.01497 2.00999 1.005 x x 2.00999 3.01497 4.01996 5.02495 4.04476 3.08059 2.15408 x 1.00001 1.48662 2.33239 3.26957 4.23793 5.22016 4.30814 x 2.69073 2.1471 2.00001 2.32595 x 3.78022 4.66477 5.59018
x x 7.89241 7.47263 7.17009 7.00001 6.9721 7.08803 7.34099 7.71752 8.20062 7.54719 6.97783 6.51461 6.18143 6.00001 5.98416 6.13515 6.44128 6.88187 7.43304 6.72013 6.09017 5.57137 5.19712 5.00001 5.00101 5.20001 x 6.09591 6.72682 5.94644 5.2431 4.65189 4.2202 4.00001 4.02617 4.29419 4.76341 5.38146 6.10329 5.24977 4.45983 3.7736 3.25731 3.00001 3.06758 3.44094 4.0361 x 5.59018 4.66477 3.78022 2.97322 2.32595 2.00001 2.1471 2.69073 3.4482 4.30814 5.22016 4.23793 3.26957 2.33239 1.48662 1.00001 1.34537 2.15408 3.08059 4.04476 5.02495 4.01996 3.01497 2.00999 x x 1.005 2.00999 3.01497 4.01996 x 4.04476 3.08059 2.15408 x 1.00001 1.48662 2.33239 3.26957 4.23793 x 4.30814 3.4482 2.69073 2.1471 2.00001 2.32595 2.97322 3.78022 4.66477
9.68298 9.01389 8.41191 7.89241 7.47263 7.17009 7.00001 6.9721 7.08803 7.34099 8.91965 8.20062 x 6.97783 6.51461 6.18143 x 5.98416 6.13515 x 8.20732 7.43304 6.72013 x x 5.19712 5.00001 5.00101 5.20001 5.57585 7.56043 6.72682 5.94644 5.2431 4.65189 4.2202 4.00001 x 4.29419 4.76341 6.99715 6.10329 5.24977 x 3.7736 3.25731 3.00001 3.06758 3.44094 4.0361 6.53912 5.59018 4.66477 x 2.97322 2.32595 2.00001 2.1471 2.69073 3.4482 6.20968 x 4.23793 3.26957 x 1.48662 1.00001 1.34537 2.15408 3.08059 6.02994 5.02495 4.01996 3.01497 2.00999 1.005 x 1.005 2.00999 x 6.01333 5.02495 4.04476 3.08059 x 1.34537 1.00001 1.48662 2.33239 3.26957 6.16118 5.22016 4.30814 3.4482 2.69073 2.1471 2.00001 2.32595 2.97322 3.78022
10.40626 9.68298 9.01389 x 7.89241 7.47263 7.17009 7.00001 6.9721 7.08803 9.6897 8.91965 8.20062 7.54719 6.97783 6.51461 6.18143 6.00001 5.98416 6.13515 x 8.20732 7.43304 6.72013 6.09017 5.57137 5.19712 5.00001 5.00101 5.20001 8.4315 7.56043 6.72682 5.94644 5.2431 4.65189 4.2202 4.00001 4.02617 4.29419 7.91771 6.99715 6.10329 5.24977 x 3.7736 3.25731 3.00001 x 3.44094 7.50268 6.53912 5.59018 4.66477 3.78022 2.97322 x x 2.1471 2.69073 7.20348 6.20968 5.22016 4.23793 3.26957 2.33239 1.48662 1.00001 1.34537 2.15408 7.03492 6.02994 5.02495 4.01996 3.01497 2.00999 1.005 x 1.005 x 7.00644 6.01333 5.02495 4.04476 3.08059 2.15408 1.34537 1.00001 1.48662 2.33239 7.1197 6.16118 5.22016 4.30814 3.4482 2.69073 2.1471 x 2.32595 2.97322
11.17319 10.40626 9.68298 9.01389 8.41191 7.89241 x 7.17009 7.00001 6.9721 10.49953 9.6897 x 8.20062 7.54719 6.97783 6.51461 6.18143 x 5.98416 x 9.02719 8.20732 7.43304 6.72013 6.09017 5.57137 5.19712 x x x 8.4315 7.56043 6.72682 5.94644 5.2431 4.65189 4.2202 4.00001 4.02617 8.85665 7.91771 6.99715 6.10329 5.24977 4.45983 3.7736 3.25731 3.00001 3.06758 8.47586 7.50268 6.53912 5.59018 4.66477 3.78022 2.97322 2.32595 2.00001 x 8.20001 7.20348 6.20968 5.22016 4.23793 3.26957 2.33239 1.48662 x 1.34537 8.03991 7.03492 6.02994 5.02495 4.01996 3.01497 2.00999 1.005 x 1.005 8.00251 7.00644 6.01333 5.02495 4.04476 3.08059 x 1.34537 1.00001 1.48662 8.08951 7.1197 6.16118 5.22016 4.30814 3.4482 2.69073 2.1471 2.00001 2.32595
11.9754 11.17319 10.40626 9.68298 9.01389 8.41191 7.89241 7.47263 7.17009 7.00001 11.34064 10.49953 9.6897 8.91965 8.20062 7.54719 6.97783 x 6.18143 6.00001 10.76152 9.88131 9.02719 8.20732 7.43304 6.72013 6.09017 5.57137 5.19712 5.00001 10.24745 9.32953 x 7.56043 6.72682 5.94644 5.2431 4.65189 4.2202 4.00001 9.80868 8.85665 7.91771 6.99715 6.10329 5.24977 4.45983 3.7736 3.25731 3.00001 9.4557 8.47586 7.50268 6.53912 x 4.66477 3.78022 2.97322 2.32595 2.00001 9.19838 8.20001 7.20348 6.20968 5.22016 4.23793 3.26957 2.33239 1.48662 x 9.0449 8.03991 7.03492 6.02994 5.02495 4.01996 x x 1.005 x 9.00057 8.00251 x 6.01333 5.02495 4.04476 3.08059 2.15408 1.34537 x 9.06698 8.08951 x 6.16118 5.22016 4.30814 3.4482 2.69073 2.1471 2.00001
8.00001 7.96305 x 8.26379 x 9.01389 x 10.11386 10.76291 11.46343 7.00001 6.9721 7.08803 7.34099 7.71752 8.20062 8.77269 9.41755 10.12127 10.87245 6.00001 5.98416 6.13515 6.44128 x 7.43304 8.07218 8.7801 x 10.34457 x 5.00101 5.20001 x 6.09591 6.72682 7.44044 8.21524 9.0355 9.8899 4.00001 x 4.29419 4.76341 5.38146 6.10329 x 7.73887 8.61627 9.51894 3.00001 3.06758 x 4.0361 4.77075 5.59018 6.46221 7.36818 8.297 9.24176 2.00001 2.1471 2.69073 3.4482 4.30814 5.22016 6.16118 7.1197 8.08951 9.06698 1.00001 1.34537 2.15408 3.08059 4.04476 x 6.01333 7.00644 8.00251 9.00057 x 1.005 2.00999 3.01497 x 5.02495 6.02994 7.03492 8.03991 9.0449 1.00001 1.48662 2.33239 3.26957 4.23793 5.22016 6.20968 7.20348 8.20001 9.19838
8.1615 8.00001 7.96305 8.05234 8.26379 8.58837 9.01389 9.52681 10.11386 10.76291 7.17009 7.00001 6.9721 7.08803 7.34099 7.71752 8.20062 8.77269 x 10.12127 6.18143 6.00001 5.98416 6.13515 6.44128 6.88187 7.43304 8.07218 8.7801 9.5415 5.19712 5.00001 5.00101 5.20001 5.57585 6.09591 6.72682 7.44044 8.21524 9.0355 4.2202 4.00001 x 4.29419 4.76341 5.38146 6.10329 6.89639 7.73887 8.61627 x 3.00001 3.06758 3.44094 x 4.77075 5.59018 6.46221 7.36818 8.297 2.32595 2.00001 2.1471 2.69073 3.4482 4.30814 5.22016 6.16118 x 8.08951 1.48662 1.00001 1.34537 2.15408 3.08059 4.04476 5.02495 6.01333 7.00644 8.00251 1.005 x 1.005 x 3.01497 4.01996 5.02495 6.02994 7.03492 8.03991 1.34537 1.00001 1.48662 2.33239 3.26957 4.23793 5.22016 6.20968 7.20348 8.20001
8.44039 8.1615 8.00001 7.96305 8.05234 8.26379 8.58837 9.01389 x 10.11386 7.47263 7.17009 7.00001 6.9721 7.08803 x 7.71752 8.20062 8.77269 9.41755 6.51461 6.18143 6.00001 5.98416 6.13515 6.44128 6.88187 7.43304 8.07218 8.7801 5.57137 5.19712 5.00001 5.00101 5.20001 5.57585 6.09591 6.72682 7.44044 x 4.65189 4.2202 4.00001 4.02617 4.29419 4.76341 5.38146 6.10329 6.89639 7.73887 3.7736 3.25731 3.00001 3.06758 3.44094 4.0361 4.77075 5.59018 6.46221 7.36818 2.97322 2.32595 x 2.1471 2.69073 3.4482 4.30814 5.22016 6.16118 7.1197 2.33239 x 1.00001 1.34537 2.15408 3.08059 4.04476 5.02495 6.01333 x 2.00999 1.005 x 1.005 2.00999 3.01497 4.01996 5.02495 6.02994 7.03492 2.15408 1.34537 1.00001 1.48662 2.33239 3.26957 4.23793 5.22016 6.20968 7.20348
8.82554 8.44039 8.1615 8.00001 7.96305 8.05234 8.26379 8.58837 9.01389 9.52681 7.89241 7.47263 7.17009 x 6.9721 7.08803 7.34099 7.71752 8.20062 8.77269 6.97783 6.51461 6.18143 6.00001 5.98416 6.13515 6.44128 6.88187 x 8.07218 x 5.57137 x x 5.00101 5.20001 5.57585 6.09591 6.72682 7.44044 5.2431 4.65189 x x 4.02617 4.29419 4.76341 5.38146 x 6.89639 4.45983 3.7736 3.25731 3.00001 3.06758 3.44094 4.0361 4.77075 5.59018 6.46221 3.78022 2.97322 2.32595 2.00001 2.1471 2.69073 3.4482 4.30814 5.22016 6.16118 3.26957 2.33239 1.48662 x x 2.15408 3.08059 4.04476 5.02495 6.01333 3.01497 x 1.005 x x 2.00999 3.01497 x 5.02495 6.02994 3.08059 2.15408 1.34537 1.00001 1.48662 2.33239 3.26957 4.23793 5.22016 6.20968
9.30377 8.82554 x 8.1615 8.00001 7.96305 8.05234 8.26379 8.58837 x 8.41191 7.89241 7.47263 7.17009 7.00001 6.9721 x 7.34099 7.71752 8.20062 7.54719 6.97783 6.51461 6.18143 6.00001 5.98416 6.13515 6.44128 6.88187 7.43304 6.72013 6.09017 5.57137 5.19712 5.00001 5.00101 5.20001 5.57585 6.09591 6.72682 5.94644 5.2431 4.65189 4.2202 4.00001 4.02617 4.29419 4.76341 5.38146 6.10329 x 4.45983 x 3.25731 x 3.06758 3.44094 4.0361 4.77075 5.59018 4.66477 x 2.97322 2.32595 x 2.1471 2.69073 3.4482 4.30814 5.22016 4.23793 3.26957 2.33239 1.48662 1.00001 x x 3.08059 4.04476 5.02495 x 3.01497 2.00999 x x 1.005 2.00999 3.01497 4.01996 5.02495 4.04476 3.08059 2.15408 x 1.00001 1.48662 2.33239 3.26957 4.23793 5.22016
9.86155 x 8.82554 8.44039 8.1615 8.00001 7.96305 8.05234 8.26379 8.58837 9.01389 8.41191 7.89241 7.47263 7.17009 7.00001 6.9721 7.08803 7.34099 7.71752 8.20062 7.54719 6.97783 6.51461 6.18143 6.00001 5.98416 6.13515 6.44128 6.88187 7.43304 6.72013 x 5.57137 5.19712 5.00001 5.00101 5.20001 5.57585 6.09591 6.72682 5.94644 5.2431 x 4.2202 4.00001 x 4.29419 4.76341 5.38146 6.10329 5.24977 4.45983 3.7736 3.25731 3.00001 x 3.44094 4.0361 x x 4.66477 3.78022 2.97322 2.32595 2.00001 2.1471 2.69073 3.4482 4.30814 5.22016 x 3.26957 2.33239 1.48662 1.00001 1.34537 2.15408 3.08059 4.04476 5.02495 4.01996 3.01497 2.00999 1.005 x 1.005 2.00999 3.01497 4.01996 5.02495 4.04476 3.08059 2.15408 1.34537 1.00001 1.48662 2.33239 3.26957 4.23793
10.48619 x 9.30377 x 8.44039 x 8.00001 7.96305 8.05234 8.26379 9.68298 9.01389 8.41191 7.89241 7.47263 7.17009 x 6.9721 7.08803 7.34099 8.91965 8.20062 7.54719 6.97783 6.51461 6.18143 6.00001 5.98416 6.13515 6.44128 8.20732 7.43304 6.72013 6.09017 5.57137 5.19712 5.00001 5.00101 5.20001 5.57585 7.56043 6.72682 5.94644 5.2431 4.65189 4.2202 4.00001 4.02617 x 4.76341 6.99715 6.10329 5.24977 4.45983 3.7736 3.25731 3.00001 3.06758 x 4.0361 6.53912 5.59018 4.66477 3.78022 2.97322 2.32595 2.00001 2.1471 2.69073 3.4482 6.20968 5.22016 4.23793 3.26957 2.33239 1.48662 1.00001 1.34537 x 3.08059 6.02994 5.02495 4.01996 3.01497 2.00999 1.005 x 1.005 2.00999 3.01497 6.01333 5.02495 4.04476 3.08059 2.15408 1.34537 1.00001 1.48662 2.33239 3.26957
11.16648 10.48619 9.86155 x 8.82554 8.44039 8.1615 8.00001 x 8.05234 10.40626 x 9.01389 8.41191 7.89241 7.47263 7.17009 7.00001 6.9721 7.08803 9.6897 8.91965 8.20062 7.54719 6.97783 x 6.18143 6.00001 x 6.13515 9.02719 x 7.43304 6.72013 x 5.57137 5.19712 5.00001 5.00101 5.20001 8.4315 7.56043 6.72682 5.94644 5.2431 4.65189 4.2202 4.00001 4.02617 x 7.91771 6.99715 6.10329 5.24977 4.45983 3.7736 3.25731 x 3.06758 x 7.50268 6.53912 5.59018 x 3.78022 2.97322 2.32595 2.00001 2.1471 2.69073 7.20348 6.20968 x 4.23793 3.26957 2.33239 1.48662 1.00001 1.34537 2.15408 7.03492 6.02994 5.02495 x 3.01497 2.00999 1.005 x 1.005 2.00999 7.00644 6.01333 5.02495 4.04476 3.08059 2.15408 x x 1.48662 2.33239
11.89286 11.16648 10.48619 9.86155 9.30377 8.82554 8.44039 8.1615 x x 11.17319 10.40626 9.68298 x 8.41191 7.89241 7.47263 x 7.00001 6.9721 10.49953 9.6897 8.91965 8.20062 7.54719 x 6.51461 6.18143 6.00001 5.98416 9.88131 9.02719 8.20732 7.43304 6.72013 6.09017 5.57137 5.19712 5.00001 5.00101 9.32953 8.4315 7.56043 x 5.94644 5.2431 4.65189 4.2202 4.00001 x 8.85665 7.91771 6.99715 6.10329 5.24977 4.45983 x 3.25731 x 3.06758 x 7.50268 6.53912 5.59018 4.66477 3.78022 2.97322 2.32595 2.00001 2.1471 8.20001 7.20348 6.20968 5.22016 4.23793 3.26957 2.33239 1.48662 1.00001 1.34537 8.03991 7.03492 6.02994 5.02495 4.01996 3.01497 2.00999 1.005 x 1.005 8.00251 7.00644 6.01333 5.02495 4.04476 3.08059 2.15408 1.34537 1.00001 x
12.65742 11.89286 11.16648 10.48619 9.86155 x 8.82554 x 8.1615 8.00001 11.9754 x 10.40626 9.68298 9.01389 8.41191 7.89241 7.47263 7.17009 7.00001 11.34064 10.49953 9.6897 8.91965 8.20062 7.54719 6.97783 6.51461 6.18143 x 10.76152 9.88131 9.02719 8.20732 7.43304 6.72013 6.09017 5.57137 5.19712 5.00001 10.24745 x x 7.56043 6.72682 5.94644 x 4.65189 4.2202 x 9.80868 8.85665 x 6.99715 6.10329 5.24977 4.45983 3.7736 3.25731 3.00001 9.4557 8.47586 x 6.53912 5.59018 4.66477 3.78022 2.97322 2.32595 2.00001 9.19838 8.20001 7.20348 6.20968 5.22016 4.23793 3.26957 2.33239 1.48662 x 9.0449 8.03991 7.03492 6.02994 5.02495 4.01996 3.01497 2.00999 1.005 x 9.00057 8.00251 7.00644 6.01333 5.02495 4.04476 3.08059 2.15408 1.34537 1.00001
9.00001 8.95601 9.02442 9.20273 9.48473 9.86155 10.3228 10.85773 11.45601 12.10827 x 7.96305 8.05234 8.26379 8.58837 9.01389 9.52681 10.11386 10.76291 11.46343 7.00001 6.9721 7.08803 7.34099 7.71752 8.20062 8.77269 9.41755 10.12127 10.87245 6.00001 5.98416 6.13515 6.44128 6.88187 7.43304 8.07218 8.7801 9.5415 x 5.00001 5.00101 5.20001 5.57585 6.09591 6.72682 7.44044 8.21524 9.0355 9.8899 4.00001 4.02617 4.29419 4.76341 5.38146 6.10329 6.89639 7.73887 8.61627 9.51894 3.00001 3.06758 3.44094 4.0361 4.77075 5.59018 6.46221 x 8.297 9.24176 2.00001 2.1471 2.69073 3.4482 4.30814 x 6.16118 7.1197 8.08951 9.06698 1.00001 1.34537 2.15408 3.08059 4.04476 5.02495 6.01333 7.00644 8.00251 9.00057 x 1.005 x 3.01497 4.01996 5.02495 6.02994 7.03492 8.03991 9.0449
9.15479 9.00001 8.95601 9.02442 9.20273 9.48473 9.86155 10.3228 10.85773 11.45601 8.1615 x x 8.05234 8.26379 x 9.01389 9.52681 10.11386 10.76291 7.17009 7.00001 6.9721 7.08803 7.34099 7.71752 8.20062 8.77269 9.41755 10.12127 6.18143 6.00001 5.98416 6.13515 6.44128 6.88187 7.43304 8.07218 8.7801 9.5415 5.19712 5.00001 5.00101 5.20001 5.57585 6.09591 x 7.44044 x 9.0355 4.2202 4.00001 4.02617 x 4.76341 5.38146 6.10329 6.89639 7.73887 8.61627 3.25731 3.00001 3.06758 3.44094 4.0361 4.77075 5.59018 6.46221 x 8.297 2.32595 2.00001 2.1471 2.69073 x 4.30814 5.22016 6.16118 7.1197 8.08951 1.48662 1.00001 1.34537 2.15408 3.08059 4.04476 5.02495 6.01333 7.00644 8.00251 1.005 x 1.005 2.00999 3.01497 4.01996 5.02495 6.02994 7.03492 8.03991
9.41489 9.15479 9.00001 8.95601 9.02442 9.20273 9.48473 9.86155 10.3228 10.85773 8.44039 8.1615 8.00001 7.96305 8.05234 8.26379 8.58837 9.01389 9.52681 x 7.47263 7.17009 7.00001 6.9721 7.08803 7.34099 7.71752 8.20062 8.77269 9.41755 6.51461 6.18143 6.00001 5.98416 6.13515 6.44128 x 7.43304 8.07218 8.7801 5.57137 5.19712 5.00001 5.00101 5.20001 5.57585 6.09591 6.72682 7.44044 8.21524 4.65189 4.2202 4.00001 4.02617 4.29419 4.76341 5.38146 6.10329 6.89639 7.73887 3.7736 3.25731 3.00001 3.06758 3.44094 4.0361 4.77075 x 6.46221 7.36818 2.97322 2.32595 2.00001 2.1471 2.69073 3.4482 4.30814 5.22016 6.16118 x 2.33239 1.48662 1.00001 1.34537 2.15408 3.08059 4.04476 5.02495 6.01333 7.00644 x 1.005 x 1.005 2.00999 3.01497 x 5.02495 6.02994 7.03492
x 9.41489 9.15479 9.00001 8.95601 9.02442 x 9.48473 9.86155 10.3228 x 8.44039 8.1615 8.00001 7.96305 8.05234 8.26379 x 9.01389 9.52681 7.89241 7.47263 7.17009 7.00001 6.9721 7.08803 7.34099 7.71752 8.20062 8.77269 6.97783 6.51461 6.18143 6.00001 5.98416 6.13515 6.44128 6.88187 7.43304 8.07218 6.09017 5.57137 5.19712 5.00001 5.00101 5.20001 5.57585 x 6.72682 7.44044 5.2431 4.65189 4.2202 4.00001 4.02617 4.29419 4.76341 5.38146 6.10329 6.89639 4.45983 x 3.25731 3.00001 3.06758 3.44094 4.0361 4.77075 5.59018 6.46221 3.78022 x 2.32595 x 2.1471 2.69073 3.4482 4.30814 5.22016 6.16118 3.26957 2.33239 1.48662 1.00001 x 2.15408 3.08059 4.04476 5.02495 6.01333 3.01497 2.00999 1.005 x 1.005 2.00999 3.01497 4.01996 5.02495 6.02994
10.21568 9.77191 9.41489 9.15479 9.00001 x 9.02442 x 9.48473 9.86155 9.30377 8.82554 8.44039 8.1615 8.00001 7.96305 8.05234 8.26379 x 9.01389 8.41191 7.89241 7.47263 7.17009 7.00001 6.9721 7.08803 7.34099 7.71752 8.20062 7.54719 6.97783 6.51461 6.18143 6.00001 5.98416 6.13515 6.44128 6.88187 7.43304 x 6.09017 5.57137 5.19712 5.00001 5.00101 5.20001 5.57585 x 6.72682 5.94644 5.2431 4.65189 4.2202 4.00001 4.02617 x 4.76341 x 6.10329 5.24977 4.45983 3.7736 3.25731 x x 3.44094 4.0361 4.77075 5.59018 4.66477 x 2.97322 2.32595 2.00001 2.1471 2.69073 3.4482 4.30814 5.22016 4.23793 3.26957 2.33239 1.48662 1.00001 1.34537 2.15408 3.08059 4.04476 5.02495 4.01996 3.01497 2.00999 1.005 x 1.005 2.00999 3.01497 4.01996 5.02495
10.73547 x 9.77191 x 9.15479 9.00001 8.95601 9.02442 9.20273 9.48473 9.86155 9.30377 x 8.44039 8.1615 8.00001 7.96305 8.05234 8.26379 x 9.01389 8.41191 7.89241 7.47263 7.17009 7.00001 6.9721 7.08803 7.34099 x 8.20062 7.54719 6.97783 x 6.18143 6.00001 5.98416 6.13515 6.44128 6.88187 7.43304 6.72013 x 5.57137 5.19712 5.00001 5.00101 5.20001 5.57585 6.09591 6.72682 5.94644 5.2431 4.65189 4.2202 4.00001 4.02617 x x 5.38146 6.10329 x 4.45983 3.7736 3.25731 3.00001 3.06758 3.44094 4.0361 4.77075 5.59018 4.66477 3.78022 2.97322 2.32595 2.00001 2.1471 2.69073 3.4482 4.30814 5.22016 4.23793 3.26957 2.33239 1.48662 1.00001 1.34537 2.15408 3.08059 4.04476 5.02495 4.01996 3.01497 2.00999 1.005 x 1.005 2.00999 3.01497 4.01996
11.32079 10.73547 10.21568 9.77191 9.41489 9.15479 9.00001 x x 9.20273 10.48619 9.86155 9.30377 x 8.44039 8.1615 8.00001 7.96305 8.05234 8.26379 9.68298 9.01389 8.41191 7.89241 7.47263 7.17009 x 6.9721 7.08803 7.34099 8.91965 8.20062 x 6.97783 x 6.18143 6.00001 5.98416 6.13515 6.44128 8.20732 7.43304 6.72013 6.09017 5.57137 5.19712 5.00001 5.00101 5.20001 5.57585 7.56043 6.72682 5.94644 5.2431 4.65189 4.2202 4.00001 4.02617 4.29419 4.76341 6.99715 6.10329 5.24977 4.45983 3.7736 3.25731 x 3.06758 x 4.0361 6.53912 5.59018 4.66477 3.78022 x 2.32595 2.00001 2.1471 2.69073 3.4482 6.20968 5.22016 4.23793 3.26957 2.33239 1.48662 1.00001 x 2.15408 3.08059 6.02994 5.02495 x 3.01497 2.00999 1.005 x 1.005 2.00999 3.01497
11.96203 x 10.73547 10.21568 9.77191 9.41489 9.15479 9.00001 8.95601 9.02442 11.16648 10.48619 9.86155 9.30377 x 8.44039 8.1615 8.00001 x 8.05234 10.40626 9.68298 9.01389 8.41191 7.89241 7.47263 7.17009 x 6.9721 x 9.6897 8.91965 8.20062 7.54719 6.97783 6.51461 6.18143 6.00001 5.98416 6.13515 9.02719 x 7.43304 6.72013 6.09017 5.57137 5.19712 5.00001 5.00101 x 8.4315 7.56043 x 5.94644 5.2431 4.65189 4.2202 4.00001 x 4.29419 7.91771 6.99715 6.10329 5.24977 4.45983 3.7736 3.25731 3.00001 3.06758 3.44094 7.50268 6.53912 5.59018 4.66477 3.78022 2.97322 2.32595 x 2.1471 2.69073 7.20348 6.20968 5.22016 4.23793 3.26957 2.33239 1.48662 x 1.34537 2.15408 7.03492 6.02994 5.02495 4.01996 3.01497 2.00999 1.005 x 1.005 2.00999
12.6507 11.96203 11.32079 10.73547 10.21568 9.77191 9.41489 9.15479 9.00001 x 11.89286 11.16648 10.48619 9.86155 x x 8.44039 8.1615 8.00001 7.96305 11.17319 10.40626 x x 8.41191 7.89241 7.47263 7.17009 7.00001 6.9721 10.49953 9.6897 8.91965 8.20062 7.54719 6.97783 6.51461 6.18143 6.00001 5.98416 9.88131 x 8.20732 7.43304 x 6.09017 5.57137 5.19712 5.00001 5.00101 9.32953 8.4315 7.56043 6.72682 5.94644 5.2431 4.65189 4.2202 4.00001 4.02617 8.85665 7.91771 6.99715 6.10329 5.24977 4.45983 3.7736 3.25731 3.00001 3.06758 x 7.50268 6.53912 5.59018 4.66477 3.78022 2.97322 2.32595 2.00001 2.1471 8.20001 7.20348 6.20968 5.22016 4.23793 3.26957 2.33239 1.48662 1.00001 1.34537 8.03991 7.03492 6.02994 5.02495 4.01996 3.01497 2.00999 1.005 x 1.005
13.37947 12.6507 11.96203 11.32079 x 10.21568 9.77191 9.41489 9.15479 9.00001 12.65742 11.89286 11.16648 10.48619 9.86155 9.30377 x 8.44039 8.1615 8.00001 11.9754 11.17319 10.40626 9.68298 9.01389 8.41191 7.89241 7.47263 7.17009 7.00001 11.34064 10.49953 9.6897 8.91965 8.20062 7.54719 6.97783 6.51461 6.18143 x 10.76152 9.88131 x x 7.43304 x 6.09017 5.57137 x 5.00001 10.24745 9.32953 8.4315 7.56043 6.72682 x 5.2431 4.65189 4.2202 4.00001 9.80868 8.85665 7.91771 6.99715 6.10329 5.24977 4.45983 3.7736 3.25731 3.00001 9.4557 8.47586 7.50268 6.53912 5.59018 4.66477 3.78022 2.97322 2.32595 2.00001 9.19838 8.20001 7.20348 6.20968 5.22016 4.23793 3.26957 2.33239 x 1.00001 9.0449 8.03991 7.03492 6.02994 5.02495 4.01996 3.01497 2.00999 1.005 x
