50
25
0 1 2 3 4 5 6 7 8 9 10 11 12 13 14 15 16 17 18 19 20 21 22 23 24 25 26 27 28 29 30 31 32 33 34 35 36 37 38 39 40 41 42 43 44 45 46 47 48 49
1 2 3 5 6 10 11 12 13 14 17 18 20 21 22 26 27 30 33 34 36 37 38 39 44
19
x 1.005 2.00999 3.01497 4.01996 5.02495 6.02994 x x 9.0449 1.00001 1.48662 x 3.26957 4.23793 5.22016 6.20968 7.20348 x 9.19838 2.00001 2.32595 2.97322 3.78022 4.66477 5.59018 6.53912 7.50268 8.47586 9.4557 3.00001 3.25731 3.7736 4.45983 x 6.10329 6.99715 7.91771 8.85665 9.80868 4.00001 x x 5.2431 5.94644 6.72682 7.56043 8.4315 9.32953 10.24745
1.005 x 1.005 2.00999 x 4.01996 5.02495 6.02994 7.03492 x 1.34537 1.00001 1.48662 2.33239 3.26957 4.23793 x 6.20968 7.20348 8.20001 2.1471 2.00001 2.32595 x 3.78022 4.66477 5.59018 x x 8.47586 3.06758 3.00001 3.25731 3.7736 4.45983 5.24977 6.10329 6.99715 7.91771 8.85665 x 4.00001 4.2202 x x 5.94644 6.72682 7.56043 8.4315 9.32953
2.00999 1.005 x 1.005 2.00999 3.01497 4.01996 5.02495 x 7.03492 2.15408 1.34537 1.00001 x 2.33239 3.26957 4.23793 5.22016 x 7.20348 2.69073 2.1471 x 2.32595 2.97322 x x 5.59018 6.53912 7.50268 3.44094 3.06758 3.00001 3.25731 3.7736 4.45983 5.24977 x x 7.91771 4.29419 4.02617 4.00001 4.2202 4.65189 5.2431 5.94644 6.72682 7.56043 x
3.01497 2.00999 1.005 x 1.005 2.00999 3.01497 4.01996 x 6.02994 3.08059 2.15408 1.34537 1.00001 1.48662 2.33239 3.26957 4.23793 5.22016 6.20968 x x x 2.00001 2.32595 2.97322 3.78022 4.66477 5.59018 6.53912 4.0361 3.44094 3.06758 3.00001 x x 4.45983 5.24977 6.10329 6.99715 4.76341 4.29419 4.02617 4.00001 4.2202 4.65189 5.2431 5.94644 6.72682 7.56043
4.01996 x 2.00999 1.005 x 1.005 2.00999 x 4.01996 x 4.04476 3.08059 2.15408 1.34537 1.00001 1.48662 2.33239 3.26957 4.23793 5.22016 4.30814 3.4482 x 2.1471 2.00001 2.32595 2.97322 3.78022 x 5.59018 4.77075 x 3.44094 3.06758 3.00001 x x 4.45983 5.24977 6.10329 5.38146 4.76341 4.29419 4.02617 4.00001 4.2202 4.65189 5.2431 5.94644 6.72682
5.02495 4.01996 3.01497 2.00999 1.005 x 1.005 2.00999 3.01497 4.01996 5.02495 4.04476 3.08059 2.15408 1.34537 x 1.48662 2.33239 3.26957 4.23793 x 4.30814 3.4482 2.69073 2.1471 2.00001 2.32595 2.97322 3.78022 4.66477 5.59018 4.77075 4.0361 3.44094 3.06758 3.00001 3.25731 3.7736 4.45983 5.24977 6.10329 5.38146 4.76341 4.29419 4.02617 x 4.2202 4.65189 5.2431 5.94644
6.02994 5.02495 4.01996 3.01497 2.00999 1.005 x 1.005 2.00999 3.01497 6.01333 5.02495 4.04476 3.08059 2.15408 1.34537 1.00001 1.48662 x 3.26957 6.16118 5.22016 4.30814 3.4482 2.69073 x 2.00001 2.32595 x 3.78022 6.46221 x 4.77075 4.0361 3.44094 3.06758 3.00001 x x 4.45983 6.89639 6.10329 5.38146 4.76341 4.29419 4.02617 4.00001 4.2202 4.65189 5.2431
x 6.02994 5.02495 4.01996 x 2.00999 1.005 x 1.005 2.00999 7.00644 6.01333 5.02495 4.04476 3.08059 x 1.34537 1.00001 1.48662 2.33239 7.1197 6.16118 5.22016 4.30814 3.4482 2.69073 2.1471 2.00001 2.32595 2.97322 7.36818 6.46221 5.59018 4.77075 4.0361 3.44094 x 3.00001 3.25731 3.7736 7.73887 6.89639 6.10329 5.38146 4.76341 4.29419 x x 4.2202 4.65189
x 7.03492 x x 4.01996 3.01497 2.00999 1.005 x 1.005 8.00251 7.00644 6.01333 5.02495 4.04476 x 2.15408 1.34537 1.00001 1.48662 8.08951 x 6.16118 5.22016 4.30814 3.4482 2.69073 2.1471 2.00001 2.32595 8.297 7.36818 6.46221 5.59018 4.77075 4.0361 3.44094 3.06758 3.00001 3.25731 8.61627 7.73887 6.89639 6.10329 5.38146 4.76341 4.29419 x 4.00001 4.2202
9.0449 x 7.03492 6.02994 x 4.01996 3.01497 2.00999 1.005 x 9.00057 8.00251 7.00644 6.01333 5.02495 4.04476 3.08059 2.15408 1.34537 1.00001 9.06698 8.08951 7.1197 6.16118 x 4.30814 3.4482 2.69073 2.1471 2.00001 9.24176 8.297 7.36818 6.46221 5.59018 4.77075 4.0361 x 3.06758 3.00001 9.51894 8.61627 x 6.89639 6.10329 5.38146 4.76341 4.29419 4.02617 4.00001
1.00001 1.34537 2.15408 3.08059 4.04476 5.02495 6.01333 7.00644 8.00251 9.00057 x 1.005 2.00999 3.01497 4.01996 5.02495 6.02994 7.03492 8.03991 9.0449 1.00001 1.48662 2.33239 3.26957 4.23793 5.22016 6.20968 7.20348 x 9.19838 2.00001 2.32595 2.97322 3.78022 4.66477 5.59018 6.53912 7.50268 8.47586 9.4557 3.00001 3.25731 3.7736 4.45983 x 6.10329 x 7.91771 8.85665 9.80868
1.48662 1.00001 1.34537 2.15408 3.08059 4.04476 5.02495 6.01333 7.00644 8.00251 1.005 x 1.005 2.00999 3.01497 4.01996 x 6.02994 x x 1.34537 1.00001 1.48662 2.33239 3.26957 4.23793 5.22016 x 7.20348 8.20001 2.1471 2.00001 x 2.97322 3.78022 x x 6.53912 7.50268 x 3.06758 3.00001 x 3.7736 4.45983 5.24977 6.10329 6.99715 7.91771 8.85665
x 1.48662 1.00001 1.34537 2.15408 3.08059 4.04476 5.02495 6.01333 7.00644 2.00999 1.005 x 1.005 2.00999 3.01497 4.01996 5.02495 6.02994 7.03492 x 1.34537 1.00001 1.48662 2.33239 x 4.23793 5.22016 6.20968 7.20348 2.69073 2.1471 2.00001 2.32595 2.97322 3.78022 4.66477 5.59018 6.53912 7.50268 3.44094 3.06758 x 3.25731 3.7736 4.45983 5.24977 6.10329 6.99715 7.91771
3.26957 2.33239 x 1.00001 1.34537 2.15408 3.08059 4.04476 5.02495 6.01333 3.01497 2.00999 1.005 x 1.005 2.00999 3.01497 4.01996 5.02495 6.02994 3.08059 2.15408 1.34537 x 1.48662 2.33239 x 4.23793 5.22016 6.20968 3.4482 2.69073 2.1471 2.00001 2.32595 2.97322 3.78022 4.66477 5.59018 6.53912 4.0361 3.44094 3.06758 3.00001 3.25731 3.7736 4.45983 5.24977 6.10329 6.99715
4.23793 3.26957 2.33239 1.48662 1.00001 1.34537 2.15408 3.08059 4.04476 5.02495 4.01996 3.01497 2.00999 1.005 x 1.005 2.00999 3.01497 4.01996 5.02495 x 3.08059 2.15408 1.34537 1.00001 1.48662 2.33239 3.26957 4.23793 5.22016 4.30814 3.4482 2.69073 2.1471 2.00001 2.32595 2.97322 x 4.66477 5.59018 4.77075 4.0361 3.44094 3.06758 x 3.25731 3.7736 4.45983 5.24977 6.10329
5.22016 4.23793 3.26957 2.33239 1.48662 x 1.34537 x x 4.04476 5.02495 4.01996 3.01497 2.00999 1.005 x 1.005 2.00999 3.01497 x 5.02495 4.04476 3.08059 2.15408 1.34537 1.00001 1.48662 2.33239 3.26957 4.23793 5.22016 4.30814 3.4482 2.69073 2.1471 2.00001 2.32595 2.97322 x 4.66477 5.59018 4.77075 x 3.44094 3.06758 3.00001 3.25731 3.7736 4.45983 5.24977
6.20968 x 4.23793 3.26957 2.33239 1.48662 1.00001 1.34537 2.15408 3.08059 6.02994 x 4.01996 3.01497 2.00999 1.005 x 1.005 2.00999 x 6.01333 5.02495 4.04476 3.08059 2.15408 1.34537 1.00001 1.48662 2.33239 3.26957 6.16118 5.22016 4.30814 3.4482 2.69073 2.1471 2.00001 2.32595 2.97322 3.78022 6.46221 5.59018 4.77075 x 3.44094 3.06758 3.00001 3.25731 3.7736 x
7.20348 6.20968 5.22016 4.23793 3.26957 2.33239 1.48662 1.00001 1.34537 2.15408 7.03492 6.02994 5.02495 4.01996 3.01497 2.00999 1.005 x 1.005 2.00999 7.00644 6.01333 5.02495 4.04476 3.08059 2.15408 1.34537 1.00001 1.48662 2.33239 7.1197 6.16118 x x x 2.69073 2.1471 2.00001 2.32595 2.97322 7.36818 6.46221 x x 4.0361 3.44094 x 3.00001 3.25731 3.7736
x 7.20348 x 5.22016 4.23793 3.26957 x 1.48662 1.00001 1.34537 8.03991 x 6.02994 5.02495 4.01996 3.01497 2.00999 1.005 x 1.005 8.00251 7.00644 x 5.02495 4.04476 3.08059 2.15408 x 1.00001 x 8.08951 7.1197 6.16118 5.22016 x 3.4482 2.69073 x 2.00001 2.32595 8.297 x 6.46221 5.59018 4.77075 4.0361 3.44094 3.06758 x 3.25731
9.19838 8.20001 7.20348 6.20968 5.22016 4.23793 3.26957 2.33239 1.48662 1.00001 9.0449 x 7.03492 6.02994 5.02495 x x 2.00999 1.005 x 9.00057 8.00251 7.00644 6.01333 5.02495 4.04476 3.08059 2.15408 1.34537 1.00001 9.06698 8.08951 7.1197 6.16118 5.22016 4.30814 3.4482 x 2.1471 2.00001 9.24176 x 7.36818 6.46221 5.59018 4.77075 4.0361 3.44094 3.06758 3.00001
2.00001 2.1471 2.69073 x 4.30814 x 6.16118 7.1197 8.08951 9.06698 1.00001 1.34537 x 3.08059 x 5.02495 6.01333 7.00644 8.00251 9.00057 x 1.005 2.00999 3.01497 4.01996 5.02495 6.02994 7.03492 8.03991 9.0449 1.00001 x x 3.26957 4.23793 5.22016 6.20968 7.20348 8.20001 9.19838 2.00001 2.32595 2.97322 3.78022 x 5.59018 6.53912 7.50268 8.47586 9.4557
2.32595 2.00001 2.1471 x 3.4482 4.30814 5.22016 6.16118 x 8.08951 1.48662 1.00001 1.34537 2.15408 3.08059 4.04476 5.02495 6.01333 7.00644 8.00251 1.005 x 1.005 x 3.01497 4.01996 5.02495 6.02994 7.03492 x 1.34537 1.00001 1.48662 2.33239 3.26957 4.23793 5.22016 6.20968 7.20348 8.20001 2.1471 2.00001 2.32595 2.97322 3.78022 4.66477 5.59018 6.53912 7.50268 8.47586
2.97322 2.32595 x x x 3.4482 4.30814 5.22016 6.16118 7.1197 2.33239 1.48662 1.00001 1.34537 2.15408 3.08059 4.04476 5.02495 x 7.00644 2.00999 1.005 x 1.005 2.00999 3.01497 4.01996 5.02495 6.02994 7.03492 2.15408 1.34537 1.00001 1.48662 2.33239 3.26957 4.23793 5.22016 6.20968 7.20348 2.69073 2.1471 2.00001 2.32595 2.97322 3.78022 4.66477 5.59018 6.53912 7.50268
3.78022 x 2.32595 2.00001 2.1471 2.69073 3.4482 4.30814 5.22016 6.16118 3.26957 2.33239 1.48662 x 1.34537 2.15408 3.08059 4.04476 5.02495 6.01333 3.01497 x 1.005 x 1.005 2.00999 3.01497 4.01996 5.02495 6.02994 3.08059 2.15408 1.34537 1.00001 x x 3.26957 4.23793 x 6.20968 3.4482 x 2.1471 2.00001 2.32595 2.97322 3.78022 4.66477 5.59018 6.53912
4.66477 3.78022 2.97322 2.32595 2.00001 2.1471 2.69073 3.4482 4.30814 x 4.23793 3.26957 2.33239 1.48662 1.00001 1.34537 2.15408 3.08059 4.04476 5.02495 4.01996 3.01497 2.00999 1.005 x 1.005 2.00999 3.01497 4.01996 5.02495 4.04476 3.08059 2.15408 1.34537 x 1.48662 2.33239 3.26957 4.23793 5.22016 x 3.4482 2.69073 x 2.00001 2.32595 x 3.78022 4.66477 5.59018
5.59018 4.66477 x 2.97322 2.32595 2.00001 x 2.69073 3.4482 4.30814 5.22016 4.23793 x 2.33239 1.48662 1.00001 1.34537 2.15408 3.08059 4.04476 5.02495 4.01996 3.01497 2.00999 1.005 x 1.005 x x 4.01996 5.02495 4.04476 3.08059 2.15408 1.34537 1.00001 1.48662 2.33239 3.26957 4.23793 5.22016 4.30814 3.4482 2.69073 2.1471 x 2.32595 2.97322 3.78022 4.66477
6.53912 5.59018 x 3.78022 2.97322 2.32595 2.00001 2.1471 2.69073 3.4482 6.20968 5.22016 4.23793 x 2.33239 1.48662 1.00001 1.34537 2.15408 3.08059 6.02994 5.02495 4.01996 3.01497 2.00999 1.005 x 1.005 2.00999 3.01497 6.01333 5.02495 4.04476 x 2.15408 1.34537 1.00001 1.48662 x 3.26957 6.16118 5.22016 4.30814 x 2.69073 x 2.00001 2.32595 2.97322 3.78022
7.50268 x 5.59018 4.66477 3.78022 2.97322 2.32595 2.00001 2.1471 2.69073 7.20348 x 5.22016 4.23793 3.26957 2.33239 1.48662 1.00001 x 2.15408 7.03492 6.02994 5.02495 4.01996 3.01497 x 1.005 x x 2.00999 7.00644 6.01333 5.02495 4.04476 3.08059 2.15408 1.34537 1.00001 1.48662 2.33239 7.1197 6.16118 5.22016 x 3.4482 2.69073 2.1471 2.00001 2.32595 2.97322
8.47586 x 6.53912 5.59018 x 3.78022 x 2.32595 2.00001 2.1471 x 7.20348 6.20968 5.22016 4.23793 3.26957 2.33239 1.48662 1.00001 1.34537 8.03991 7.03492 6.02994 5.02495 4.01996 x 2.00999 x x x 8.00251 7.00644 6.01333 5.02495 4.04476 3.08059 2.15408 x 1.00001 1.48662 x 7.1197 6.16118 5.22016 4.30814 3.4482 2.69073 2.1471 2.00001 2.32595
9.4557 8.47586 7.50268 6.53912 5.59018 4.66477 3.78022 2.97322 2.32595 2.00001 9.19838 8.20001 7.20348 6.20968 5.22016 4.23793 3.26957 2.33239 x 1.00001 9.0449 x 7.03492 6.02994 5.02495 4.01996 3.01497 2.00999 x x 9.00057 8.00251 7.00644 6.01333 5.02495 4.04476 3.08059 2.15408 1.34537 x 9.06698 8.08951 7.1197 6.16118 5.22016 4.30814 3.4482 2.69073 2.1471 x
3.00001 3.06758 3.44094 4.0361 4.77075 5.59018 6.46221 7.36818 8.297 9.24176 2.00001 2.1471 2.69073 3.4482 4.30814 5.22016 6.16118 7.1197 8.08951 9.06698 1.00001 1.34537 2.15408 3.08059 4.04476 5.02495 6.01333 7.00644 8.00251 9.00057 x x 2.00999 3.01497 4.01996 5.02495 6.02994 7.03492 8.03991 9.0449 x 1.48662 2.33239 3.26957 x 5.22016 6.20968 7.20348 8.20001 9.19838
3.25731 3.00001 3.06758 3.44094 x 4.77075 x 6.46221 7.36818 8.297 2.32595 2.00001 2.1471 2.69073 3.4482 4.30814 5.22016 6.16118 7.1197 8.08951 x 1.00001 1.34537 2.15408 3.08059 4.04476 5.02495 6.01333 7.00644 8.00251 x x 1.005 2.00999 3.01497 4.01996 5.02495 6.02994 7.03492 8.03991 1.34537 1.00001 x 2.33239 3.26957 4.23793 x 6.20968 7.20348 8.20001
3.7736 3.25731 3.00001 3.06758 3.44094 4.0361 4.77075 5.59018 6.46221 7.36818 2.97322 x 2.00001 2.1471 2.69073 3.4482 4.30814 x 6.16118 7.1197 x 1.48662 1.00001 1.34537 2.15408 3.08059 4.04476 5.02495 6.01333 7.00644 2.00999 1.005 x 1.005 2.00999 3.01497 4.01996 5.02495 6.02994 7.03492 2.15408 x 1.00001 x 2.33239 3.26957 4.23793 5.22016 6.20968 7.20348
4.45983 3.7736 3.25731 3.00001 3.06758 3.44094 4.0361 4.77075 5.59018 6.46221 3.78022 2.97322 2.32595 2.00001 2.1471 2.69073 3.4482 x 5.22016 6.16118 3.26957 2.33239 1.48662 1.00001 1.34537 2.15408 x 4.04476 5.02495 6.01333 3.01497 2.00999 1.005 x 1.005 2.00999 3.01497 4.01996 5.02495 6.02994 3.08059 2.15408 1.34537 1.00001 1.48662 2.33239 3.26957 4.23793 5.22016 6.20968
x 4.45983 3.7736 x 3.00001 3.06758 3.44094 4.0361 4.77075 5.59018 4.66477 3.78022 2.97322 2.32595 2.00001 2.1471 2.69073 x x 5.22016 4.23793 3.26957 2.33239 x x 1.34537 2.15408 3.08059 4.04476 5.02495 4.01996 3.01497 2.00999 1.005 x 1.005 2.00999 3.01497 4.01996 5.02495 4.04476 3.08059 2.15408 1.34537 1.00001 1.48662 2.33239 3.26957 4.23793 5.22016
6.10329 5.24977 4.45983 x x 3.00001 3.06758 3.44094 4.0361 4.77075 5.59018 x 3.78022 2.97322 2.32595 2.00001 2.1471 2.69073 3.4482 4.30814 5.22016 4.23793 3.26957 x 1.48662 1.00001 1.34537 2.15408 3.08059 4.04476 5.02495 4.01996 3.01497 2.00999 1.005 x 1.005 2.00999 3.01497 4.01996 x 4.04476 3.08059 2.15408 1.34537 1.00001 1.48662 2.33239 3.26957 4.23793
6.99715 6.10329 5.24977 4.45983 x 3.25731 3.00001 x 3.44094 4.0361 6.53912 x 4.66477 3.78022 2.97322 2.32595 2.00001 2.1471 2.69073 3.4482 6.20968 5.22016 4.23793 3.26957 2.33239 1.48662 1.00001 1.34537 2.15408 3.08059 6.02994 5.02495 4.01996 3.01497 2.00999 1.005 x 1.005 2.00999 3.01497 6.01333 5.02495 4.04476 3.08059 2.15408 1.34537 1.00001 1.48662 2.33239 3.26957
7.91771 6.99715 x 5.24977 4.45983 3.7736 x 3.00001 3.06758 x 7.50268 6.53912 5.59018 4.66477 x 2.97322 2.32595 2.00001 x x 7.20348 6.20968 5.22016 4.23793 3.26957 2.33239 1.48662 1.00001 x 2.15408 7.03492 6.02994 5.02495 4.01996 3.01497 2.00999 1.005 x 1.005 2.00999 7.00644 6.01333 5.02495 4.04476 x 2.15408 x 1.00001 x 2.33239
8.85665 7.91771 x 6.10329 5.24977 4.45983 x 3.25731 3.00001 3.06758 8.47586 7.50268 6.53912 5.59018 4.66477 x 2.97322 2.32595 2.00001 2.1471 8.20001 7.20348 6.20968 x 4.23793 3.26957 x 1.48662 1.00001 1.34537 8.03991 7.03492 6.02994 5.02495 4.01996 3.01497 2.00999 1.005 x 1.005 8.00251 7.00644 6.01333 5.02495 4.04476 3.08059 2.15408 1.34537 1.00001 1.48662
9.80868 8.85665 7.91771 6.99715 6.10329 5.24977 4.45983 3.7736 3.25731 3.00001 9.4557 x 7.50268 6.53912 5.59018 4.66477 3.78022 2.97322 2.32595 2.00001 9.19838 8.20001 7.20348 6.20968 5.22016 4.23793 3.26957 2.33239 1.48662 x 9.0449 8.03991 7.03492 6.02994 5.02495 4.01996 3.01497 2.00999 1.005 x 9.00057 8.00251 7.00644 6.01333 x 4.04476 x 2.15408 1.34537 1.00001
4.00001 x 4.29419 4.76341 5.38146 6.10329 6.89639 7.73887 8.61627 9.51894 3.00001 3.06758 3.44094 4.0361 4.77075 5.59018 6.46221 7.36818 8.297 9.24176 2.00001 2.1471 2.69073 3.4482 x 5.22016 6.16118 7.1197 x 9.06698 x 1.34537 2.15408 3.08059 4.04476 x 6.01333 7.00644 8.00251 9.00057 x x 2.00999 3.01497 4.01996 5.02495 6.02994 7.03492 8.03991 9.0449
x 4.00001 4.02617 4.29419 4.76341 5.38146 6.10329 6.89639 7.73887 8.61627 3.25731 3.00001 3.06758 3.44094 4.0361 4.77075 5.59018 6.46221 x x 2.32595 2.00001 2.1471 x 3.4482 4.30814 5.22016 6.16118 7.1197 8.08951 1.48662 1.00001 x 2.15408 3.08059 4.04476 5.02495 6.01333 7.00644 8.00251 x x 1.005 2.00999 3.01497 4.01996 x 6.02994 7.03492 8.03991
x 4.2202 4.00001 4.02617 4.29419 4.76341 5.38146 6.10329 6.89639 x 3.7736 x x 3.06758 3.44094 x 4.77075 x 6.46221 7.36818 2.97322 2.32595 2.00001 2.1471 2.69073 3.4482 4.30814 5.22016 6.16118 7.1197 2.33239 x 1.00001 1.34537 2.15408 3.08059 4.04476 5.02495 6.01333 7.00644 2.00999 1.005 x 1.005 2.00999 3.01497 4.01996 5.02495 6.02994 7.03492
5.2431 x 4.2202 4.00001 4.02617 4.29419 4.76341 5.38146 6.10329 6.89639 4.45983 3.7736 3.25731 3.00001 3.06758 3.44094 x x 5.59018 6.46221 3.78022 2.97322 2.32595 2.00001 x 2.69073 x x 5.22016 6.16118 3.26957 2.33239 x 1.00001 1.34537 2.15408 3.08059 4.04476 5.02495 6.01333 3.01497 2.00999 1.005 x 1.005 2.00999 3.01497 4.01996 5.02495 6.02994
5.94644 x 4.65189 4.2202 4.00001 4.02617 4.29419 4.76341 5.38146 6.10329 x 4.45983 3.7736 3.25731 x 3.06758 3.44094 4.0361 4.77075 5.59018 x 3.78022 2.97322 2.32595 2.00001 2.1471 2.69073 3.4482 4.30814 5.22016 x 3.26957 2.33239 1.48662 1.00001 1.34537 2.15408 x 4.04476 x 4.01996 3.01497 2.00999 1.005 x x x 3.01497 x 5.02495
6.72682 5.94644 5.2431 4.65189 4.2202 x 4.02617 4.29419 4.76341 5.38146 6.10329 5.24977 4.45983 3.7736 3.25731 3.00001 3.06758 3.44094 4.0361 4.77075 5.59018 4.66477 3.78022 2.97322 2.32595 x x 2.69073 3.4482 4.30814 5.22016 4.23793 3.26957 2.33239 1.48662 1.00001 1.34537 2.15408 3.08059 4.04476 5.02495 4.01996 3.01497 2.00999 x x 1.005 2.00999 x 4.01996
7.56043 6.72682 5.94644 5.2431 4.65189 4.2202 4.00001 x 4.29419 4.76341 x 6.10329 5.24977 4.45983 3.7736 3.25731 3.00001 x 3.44094 4.0361 6.53912 5.59018 4.66477 3.78022 x 2.32595 2.00001 2.1471 2.69073 3.4482 6.20968 x 4.23793 3.26957 2.33239 1.48662 1.00001 x 2.15408 x 6.02994 x 4.01996 3.01497 x 1.005 x 1.005 2.00999 3.01497
8.4315 7.56043 6.72682 5.94644 5.2431 4.65189 4.2202 x x 4.29419 7.91771 6.99715 6.10329 5.24977 4.45983 3.7736 3.25731 3.00001 3.06758 3.44094 7.50268 6.53912 5.59018 4.66477 3.78022 2.97322 2.32595 2.00001 2.1471 2.69073 7.20348 6.20968 5.22016 4.23793 3.26957 2.33239 1.48662 1.00001 1.34537 2.15408 7.03492 6.02994 5.02495 4.01996 3.01497 2.00999 1.005 x 1.005 2.00999
9.32953 8.4315 7.56043 6.72682 5.94644 5.2431 4.65189 4.2202 4.00001 4.02617 8.85665 7.91771 6.99715 6.10329 5.24977 4.45983 3.7736 3.25731 x 3.06758 8.47586 7.50268 6.53912 5.59018 4.66477 3.78022 2.97322 2.32595 2.00001 2.1471 8.20001 7.20348 6.20968 5.22016 4.23793 3.26957 2.33239 x 1.00001 1.34537 8.03991 7.03492 6.02994 5.02495 x x 2.00999 1.005 x 1.005
10.24745 9.32953 x 7.56043 6.72682 5.94644 5.2431 4.65189 4.2202 4.00001 9.80868 8.85665 7.91771 6.99715 6.10329 5.24977 x 3.7736 3.25731 3.00001 9.4557 8.47586 7.50268 6.53912 5.59018 4.66477 3.78022 2.97322 2.32595 x 9.19838 8.20001 7.20348 6.20968 5.22016 4.23793 3.26957 2.33239 1.48662 1.00001 9.0449 8.03991 7.03492 6.02994 5.02495 4.01996 3.01497 2.00999 1.005 x
