100
50
location0 location1 location2 location3 location4 location5 location6 location7 location8 location9 location10 location11 location12 location13 location14 location15 location16 location17 location18 location19 location20 location21 location22 location23 location24 location25 location26 location27 location28 location29 location30 location31 location32 location33 location34 location35 location36 location37 location38 location39 location40 location41 location42 location43 location44 location45 location46 location47 location48 location49 location50 location51 location52 location53 location54 location55 location56 location57 location58 location59 location60 location61 location62 location63 location64 location65 location66 location67 location68 location69 location70 location71 location72 location73 location74 location75 location76 location77 location78 location79 location80 location81 location82 location83 location84 location85 location86 location87 location88 location89 location90 location91 location92 location93 location94 location95 location96 location97 location98 location99 
location43 location1 location28 location56 location60 location69 location74 location77 location79 location2 location6 location55 location85 location89 location94 location37 location57 location61 location15 location34 location93 location88 location50 location78 location24 location66 location81 location83 location16 location38 location23 location44 location70 location98 location62 location68 location0 location54 location86 location91 location99 location3 location13 location36 location76 location4 location11 location47 location53 location95 
location4
x 597 415 357 314 715 114 87 12 50 31 564 86 43 277 641 238 174 424 413 5 837 142 249 75 579 245 582 778 822 743 96 110 106 87 594 543 15 763 521 856 328 818 2 493 642 148 164 223 430 584 13 535 477 510 392 61 464 216 861 583 836 278 198 132 137 98 336 601 72 5 612 590 218 229 467 599 685 327 693 297 371 878 470 244 463 53 98 302 350 554 575 532 636 842 870 742 395 602 772 
597 x 182 240 283 118 483 684 609 647 566 33 683 554 320 44 359 423 173 184 592 240 455 348 522 18 352 15 181 225 146 693 487 491 510 3 54 582 166 76 259 269 221 599 104 45 449 433 374 167 13 584 62 120 87 205 536 133 381 264 14 239 319 399 465 460 695 261 4 669 602 15 7 379 368 130 2 88 270 96 300 226 281 127 353 134 650 499 295 247 43 22 65 39 245 273 145 202 5 175 
415 182 x 58 101 300 301 502 427 465 384 149 501 372 138 226 177 241 9 2 410 422 273 166 340 164 170 167 363 407 328 511 305 309 328 179 128 400 348 106 441 87 403 417 78 227 267 251 192 15 169 402 120 62 95 23 354 49 199 446 168 421 137 217 283 278 513 79 186 487 420 197 175 197 186 52 184 270 88 278 118 44 463 55 171 48 468 317 113 65 139 160 117 221 427 455 327 20 187 357 
357 240 58 x 43 358 243 444 369 407 326 207 443 314 80 284 119 183 67 56 352 480 215 108 282 222 112 225 421 465 386 453 247 251 270 237 186 342 406 164 499 29 461 359 136 285 209 193 134 73 227 344 178 120 153 35 296 107 141 504 226 479 79 159 225 220 455 21 244 429 362 255 233 139 128 110 242 328 30 336 60 14 521 113 113 106 410 259 55 7 197 218 175 279 485 513 385 38 245 415 
314 283 101 43 x 401 200 401 326 364 283 250 400 271 37 327 76 140 110 99 309 523 172 65 239 265 69 268 464 508 429 410 204 208 227 280 229 299 449 207 542 14 504 316 179 328 166 150 91 116 270 301 221 163 196 78 253 150 98 547 269 522 36 116 182 177 412 22 287 386 319 298 276 96 85 153 285 371 13 379 17 57 564 156 70 149 367 216 12 36 240 261 218 322 528 556 428 81 288 458 
715 118 300 358 401 x 601 802 727 765 684 151 801 672 438 74 477 541 291 302 710 122 573 466 640 136 470 133 63 107 28 811 605 609 628 121 172 700 48 194 141 387 103 717 222 73 567 551 492 285 131 702 180 238 205 323 654 251 499 146 132 121 437 517 583 578 813 379 114 787 720 103 125 497 486 248 116 30 388 22 418 344 163 245 471 252 768 617 413 365 161 140 183 79 127 155 27 320 113 57 
114 483 301 243 200 601 x 201 126 164 83 450 200 71 163 527 124 60 310 299 109 723 28 135 39 465 131 468 664 708 629 210 4 8 27 480 429 99 649 407 742 214 704 116 379 528 34 50 109 316 470 101 421 363 396 278 53 350 102 747 469 722 164 84 18 23 212 222 487 186 119 498 476 104 115 353 485 571 213 579 183 257 764 356 130 349 167 16 188 236 440 461 418 522 728 756 628 281 488 658 
87 684 502 444 401 802 201 x 75 37 118 651 1 130 364 728 325 261 511 500 92 924 229 336 162 666 332 669 865 909 830 9 197 193 174 681 630 102 850 608 943 415 905 85 580 729 235 251 310 517 671 100 622 564 597 479 148 551 303 948 670 923 365 285 219 224 11 423 688 15 82 699 677 305 316 554 686 772 414 780 384 458 965 557 331 550 34 185 389 437 641 662 619 723 929 957 829 482 689 859 
12 609 427 369 326 727 126 75 x 38 43 576 74 55 289 653 250 186 436 425 17 849 154 261 87 591 257 594 790 834 755 84 122 118 99 606 555 27 775 533 868 340 830 10 505 654 160 176 235 442 596 25 547 489 522 404 73 476 228 873 595 848 290 210 144 149 86 348 613 60 7 624 602 230 241 479 611 697 339 705 309 383 890 482 256 475 41 110 314 362 566 587 544 648 854 882 754 407 614 784 
50 647 465 407 364 765 164 37 38 x 81 614 36 93 327 691 288 224 474 463 55 887 192 299 125 629 295 632 828 872 793 46 160 156 137 644 593 65 813 571 906 378 868 48 543 692 198 214 273 480 634 63 585 527 560 442 111 514 266 911 633 886 328 248 182 187 48 386 651 22 45 662 640 268 279 517 649 735 377 743 347 421 928 520 294 513 3 148 352 400 604 625 582 686 892 920 792 445 652 822 
31 566 384 326 283 684 83 118 43 81 x 533 117 12 246 610 207 143 393 382 26 806 111 218 44 548 214 551 747 791 712 127 79 75 56 563 512 16 732 490 825 297 787 33 462 611 117 133 192 399 553 18 504 446 479 361 30 433 185 830 552 805 247 167 101 106 129 305 570 103 36 581 559 187 198 436 568 654 296 662 266 340 847 439 213 432 84 67 271 319 523 544 501 605 811 839 711 364 571 741 
564 33 149 207 250 151 450 651 576 614 533 x 650 521 287 77 326 390 140 151 559 273 422 315 489 15 319 18 214 258 179 660 454 458 477 30 21 549 199 43 292 236 254 566 71 78 416 400 341 134 20 551 29 87 54 172 503 100 348 297 19 272 286 366 432 427 662 228 37 636 569 48 26 346 335 97 35 121 237 129 267 193 314 94 320 101 617 466 262 214 10 11 32 72 278 306 178 169 38 208 
86 683 501 443 400 801 200 1 74 36 117 650 x 129 363 727 324 260 510 499 91 923 228 335 161 665 331 668 864 908 829 10 196 192 173 680 629 101 849 607 942 414 904 84 579 728 234 250 309 516 670 99 621 563 596 478 147 550 302 947 669 922 364 284 218 223 12 422 687 14 81 698 676 304 315 553 685 771 413 779 383 457 964 556 330 549 33 184 388 436 640 661 618 722 928 956 828 481 688 858 
43 554 372 314 271 672 71 130 55 93 12 521 129 x 234 598 195 131 381 370 38 794 99 206 32 536 202 539 735 779 700 139 67 63 44 551 500 28 720 478 813 285 775 45 450 599 105 121 180 387 541 30 492 434 467 349 18 421 173 818 540 793 235 155 89 94 141 293 558 115 48 569 547 175 186 424 556 642 284 650 254 328 835 427 201 420 96 55 259 307 511 532 489 593 799 827 699 352 559 729 
277 320 138 80 37 438 163 364 289 327 246 287 363 234 x 364 39 103 147 136 272 560 135 28 202 302 32 305 501 545 466 373 167 171 190 317 266 262 486 244 579 51 541 279 216 365 129 113 54 153 307 264 258 200 233 115 216 187 61 584 306 559 1 79 145 140 375 59 324 349 282 335 313 59 48 190 322 408 50 416 20 94 601 193 33 186 330 179 25 73 277 298 255 359 565 593 465 118 325 495 
641 44 226 284 327 74 527 728 653 691 610 77 727 598 364 x 403 467 217 228 636 196 499 392 566 62 396 59 137 181 102 737 531 535 554 47 98 626 122 120 215 313 177 643 148 1 493 477 418 211 57 628 106 164 131 249 580 177 425 220 58 195 363 443 509 504 739 305 40 713 646 29 51 423 412 174 42 44 314 52 344 270 237 171 397 178 694 543 339 291 87 66 109 5 201 229 101 246 39 131 
238 359 177 119 76 477 124 325 250 288 207 326 324 195 39 403 x 64 186 175 233 599 96 11 163 341 7 344 540 584 505 334 128 132 151 356 305 223 525 283 618 90 580 240 255 404 90 74 15 192 346 225 297 239 272 154 177 226 22 623 345 598 40 40 106 101 336 98 363 310 243 374 352 20 9 229 361 447 89 455 59 133 640 232 6 225 291 140 64 112 316 337 294 398 604 632 504 157 364 534 
174 423 241 183 140 541 60 261 186 224 143 390 260 131 103 467 64 x 250 239 169 663 32 75 99 405 71 408 604 648 569 270 64 68 87 420 369 159 589 347 682 154 644 176 319 468 26 10 49 256 410 161 361 303 336 218 113 290 42 687 409 662 104 24 42 37 272 162 427 246 179 438 416 44 55 293 425 511 153 519 123 197 704 296 70 289 227 76 128 176 380 401 358 462 668 696 568 221 428 598 
424 173 9 67 110 291 310 511 436 474 393 140 510 381 147 217 186 250 x 11 419 413 282 175 349 155 179 158 354 398 319 520 314 318 337 170 119 409 339 97 432 96 394 426 69 218 276 260 201 6 160 411 111 53 86 32 363 40 208 437 159 412 146 226 292 287 522 88 177 496 429 188 166 206 195 43 175 261 97 269 127 53 454 46 180 39 477 326 122 74 130 151 108 212 418 446 318 29 178 348 
413 184 2 56 99 302 299 500 425 463 382 151 499 370 136 228 175 239 11 x 408 424 271 164 338 166 168 169 365 409 330 509 303 307 326 181 130 398 350 108 443 85 405 415 80 229 265 249 190 17 171 400 122 64 97 21 352 51 197 448 170 423 135 215 281 276 511 77 188 485 418 199 177 195 184 54 186 272 86 280 116 42 465 57 169 50 466 315 111 63 141 162 119 223 429 457 329 18 189 359 
5 592 410 352 309 710 109 92 17 55 26 559 91 38 272 636 233 169 419 408 x 832 137 244 70 574 240 577 773 817 738 101 105 101 82 589 538 10 758 516 851 323 813 7 488 637 143 159 218 425 579 8 530 472 505 387 56 459 211 856 578 831 273 193 127 132 103 331 596 77 10 607 585 213 224 462 594 680 322 688 292 366 873 465 239 458 58 93 297 345 549 570 527 631 837 865 737 390 597 767 
837 240 422 480 523 122 723 924 849 887 806 273 923 794 560 196 599 663 413 424 832 x 695 588 762 258 592 255 59 15 94 933 727 731 750 243 294 822 74 316 19 509 19 839 344 195 689 673 614 407 253 824 302 360 327 445 776 373 621 24 254 1 559 639 705 700 935 501 236 909 842 225 247 619 608 370 238 152 510 144 540 466 41 367 593 374 890 739 535 487 283 262 305 201 5 33 95 442 235 65 
142 455 273 215 172 573 28 229 154 192 111 422 228 99 135 499 96 32 282 271 137 695 x 107 67 437 103 440 636 680 601 238 32 36 55 452 401 127 621 379 714 186 676 144 351 500 6 22 81 288 442 129 393 335 368 250 81 322 74 719 441 694 136 56 10 5 240 194 459 214 147 470 448 76 87 325 457 543 185 551 155 229 736 328 102 321 195 44 160 208 412 433 390 494 700 728 600 253 460 630 
249 348 166 108 65 466 135 336 261 299 218 315 335 206 28 392 11 75 175 164 244 588 107 x 174 330 4 333 529 573 494 345 139 143 162 345 294 234 514 272 607 79 569 251 244 393 101 85 26 181 335 236 286 228 261 143 188 215 33 612 334 587 29 51 117 112 347 87 352 321 254 363 341 31 20 218 350 436 78 444 48 122 629 221 5 214 302 151 53 101 305 326 283 387 593 621 493 146 353 523 
75 522 340 282 239 640 39 162 87 125 44 489 161 32 202 566 163 99 349 338 70 762 67 174 x 504 170 507 703 747 668 171 35 31 12 519 468 60 688 446 781 253 743 77 418 567 73 89 148 355 509 62 460 402 435 317 14 389 141 786 508 761 203 123 57 62 173 261 526 147 80 537 515 143 154 392 524 610 252 618 222 296 803 395 169 388 128 23 227 275 479 500 457 561 767 795 667 320 527 697 
579 18 164 222 265 136 465 666 591 629 548 15 665 536 302 62 341 405 155 166 574 258 437 330 504 x 334 3 199 243 164 675 469 473 492 15 36 564 184 58 277 251 239 581 86 63 431 415 356 149 5 566 44 102 69 187 518 115 363 282 4 257 301 381 447 442 677 243 22 651 584 33 11 361 350 112 20 106 252 114 282 208 299 109 335 116 632 481 277 229 25 4 47 57 263 291 163 184 23 193 
245 352 170 112 69 470 131 332 257 295 214 319 331 202 32 396 7 71 179 168 240 592 103 4 170 334 x 337 533 577 498 341 135 139 158 349 298 230 518 276 611 83 573 247 248 397 97 81 22 185 339 232 290 232 265 147 184 219 29 616 338 591 33 47 113 108 343 91 356 317 250 367 345 27 16 222 354 440 82 448 52 126 633 225 1 218 298 147 57 105 309 330 287 391 597 625 497 150 357 527 
582 15 167 225 268 133 468 669 594 632 551 18 668 539 305 59 344 408 158 169 577 255 440 333 507 3 337 x 196 240 161 678 472 476 495 12 39 567 181 61 274 254 236 584 89 60 434 418 359 152 2 569 47 105 72 190 521 118 366 279 1 254 304 384 450 445 680 246 19 654 587 30 8 364 353 115 17 103 255 111 285 211 296 112 338 119 635 484 280 232 28 7 50 54 260 288 160 187 20 190 
778 181 363 421 464 63 664 865 790 828 747 214 864 735 501 137 540 604 354 365 773 59 636 529 703 199 533 196 x 44 35 874 668 672 691 184 235 763 15 257 78 450 40 780 285 136 630 614 555 348 194 765 243 301 268 386 717 314 562 83 195 58 500 580 646 641 876 442 177 850 783 166 188 560 549 311 179 93 451 85 481 407 100 308 534 315 831 680 476 428 224 203 246 142 64 92 36 383 176 6 
822 225 407 465 508 107 708 909 834 872 791 258 908 779 545 181 584 648 398 409 817 15 680 573 747 243 577 240 44 x 79 918 712 716 735 228 279 807 59 301 34 494 4 824 329 180 674 658 599 392 238 809 287 345 312 430 761 358 606 39 239 14 544 624 690 685 920 486 221 894 827 210 232 604 593 355 223 137 495 129 525 451 56 352 578 359 875 724 520 472 268 247 290 186 20 48 80 427 220 50 
743 146 328 386 429 28 629 830 755 793 712 179 829 700 466 102 505 569 319 330 738 94 601 494 668 164 498 161 35 79 x 839 633 637 656 149 200 728 20 222 113 415 75 745 250 101 595 579 520 313 159 730 208 266 233 351 682 279 527 118 160 93 465 545 611 606 841 407 142 815 748 131 153 525 514 276 144 58 416 50 446 372 135 273 499 280 796 645 441 393 189 168 211 107 99 127 1 348 141 29 
96 693 511 453 410 811 210 9 84 46 127 660 10 139 373 737 334 270 520 509 101 933 238 345 171 675 341 678 874 918 839 x 206 202 183 690 639 111 859 617 952 424 914 94 589 738 244 260 319 526 680 109 631 573 606 488 157 560 312 957 679 932 374 294 228 233 2 432 697 24 91 708 686 314 325 563 695 781 423 789 393 467 974 566 340 559 43 194 398 446 650 671 628 732 938 966 838 491 698 868 
110 487 305 247 204 605 4 197 122 160 79 454 196 67 167 531 128 64 314 303 105 727 32 139 35 469 135 472 668 712 633 206 x 4 23 484 433 95 653 411 746 218 708 112 383 532 38 54 113 320 474 97 425 367 400 282 49 354 106 751 473 726 168 88 22 27 208 226 491 182 115 502 480 108 119 357 489 575 217 583 187 261 768 360 134 353 163 12 192 240 444 465 422 526 732 760 632 285 492 662 
106 491 309 251 208 609 8 193 118 156 75 458 192 63 171 535 132 68 318 307 101 731 36 143 31 473 139 476 672 716 637 202 4 x 19 488 437 91 657 415 750 222 712 108 387 536 42 58 117 324 478 93 429 371 404 286 45 358 110 755 477 730 172 92 26 31 204 230 495 178 111 506 484 112 123 361 493 579 221 587 191 265 772 364 138 357 159 8 196 244 448 469 426 530 736 764 636 289 496 666 
87 510 328 270 227 628 27 174 99 137 56 477 173 44 190 554 151 87 337 326 82 750 55 162 12 492 158 495 691 735 656 183 23 19 x 507 456 72 676 434 769 241 731 89 406 555 61 77 136 343 497 74 448 390 423 305 26 377 129 774 496 749 191 111 45 50 185 249 514 159 92 525 503 131 142 380 512 598 240 606 210 284 791 383 157 376 140 11 215 263 467 488 445 549 755 783 655 308 515 685 
594 3 179 237 280 121 480 681 606 644 563 30 680 551 317 47 356 420 170 181 589 243 452 345 519 15 349 12 184 228 149 690 484 488 507 x 51 579 169 73 262 266 224 596 101 48 446 430 371 164 10 581 59 117 84 202 533 130 378 267 11 242 316 396 462 457 692 258 7 666 599 18 4 376 365 127 5 91 267 99 297 223 284 124 350 131 647 496 292 244 40 19 62 42 248 276 148 199 8 178 
543 54 128 186 229 172 429 630 555 593 512 21 629 500 266 98 305 369 119 130 538 294 401 294 468 36 298 39 235 279 200 639 433 437 456 51 x 528 220 22 313 215 275 545 50 99 395 379 320 113 41 530 8 66 33 151 482 79 327 318 40 293 265 345 411 406 641 207 58 615 548 69 47 325 314 76 56 142 216 150 246 172 335 73 299 80 596 445 241 193 11 32 11 93 299 327 199 148 59 229 
15 582 400 342 299 700 99 102 27 65 16 549 101 28 262 626 223 159 409 398 10 822 127 234 60 564 230 567 763 807 728 111 95 91 72 579 528 x 748 506 841 313 803 17 478 627 133 149 208 415 569 2 520 462 495 377 46 449 201 846 568 821 263 183 117 122 113 321 586 87 20 597 575 203 214 452 584 670 312 678 282 356 863 455 229 448 68 83 287 335 539 560 517 621 827 855 727 380 587 757 
763 166 348 406 449 48 649 850 775 813 732 199 849 720 486 122 525 589 339 350 758 74 621 514 688 184 518 181 15 59 20 859 653 657 676 169 220 748 x 242 93 435 55 765 270 121 615 599 540 333 179 750 228 286 253 371 702 299 547 98 180 73 485 565 631 626 861 427 162 835 768 151 173 545 534 296 164 78 436 70 466 392 115 293 519 300 816 665 461 413 209 188 231 127 79 107 21 368 161 9 
521 76 106 164 207 194 407 608 533 571 490 43 607 478 244 120 283 347 97 108 516 316 379 272 446 58 276 61 257 301 222 617 411 415 434 73 22 506 242 x 335 193 297 523 28 121 373 357 298 91 63 508 14 44 11 129 460 57 305 340 62 315 243 323 389 384 619 185 80 593 526 91 69 303 292 54 78 164 194 172 224 150 357 51 277 58 574 423 219 171 33 54 11 115 321 349 221 126 81 251 
856 259 441 499 542 141 742 943 868 906 825 292 942 813 579 215 618 682 432 443 851 19 714 607 781 277 611 274 78 34 113 952 746 750 769 262 313 841 93 335 x 528 38 858 363 214 708 692 633 426 272 843 321 379 346 464 795 392 640 5 273 20 578 658 724 719 954 520 255 928 861 244 266 638 627 389 257 171 529 163 559 485 22 386 612 393 909 758 554 506 302 281 324 220 14 14 114 461 254 84 
328 269 87 29 14 387 214 415 340 378 297 236 414 285 51 313 90 154 96 85 323 509 186 79 253 251 83 254 450 494 415 424 218 222 241 266 215 313 435 193 528 x 490 330 165 314 180 164 105 102 256 315 207 149 182 64 267 136 112 533 255 508 50 130 196 191 426 8 273 400 333 284 262 110 99 139 271 357 1 365 31 43 550 142 84 135 381 230 26 22 226 247 204 308 514 542 414 67 274 444 
818 221 403 461 504 103 704 905 830 868 787 254 904 775 541 177 580 644 394 405 813 19 676 569 743 239 573 236 40 4 75 914 708 712 731 224 275 803 55 297 38 490 x 820 325 176 670 654 595 388 234 805 283 341 308 426 757 354 602 43 235 18 540 620 686 681 916 482 217 890 823 206 228 600 589 351 219 133 491 125 521 447 60 348 574 355 871 720 516 468 264 243 286 182 24 52 76 423 216 46 
2 599 417 359 316 717 116 85 10 48 33 566 84 45 279 643 240 176 426 415 7 839 144 251 77 581 247 584 780 824 745 94 112 108 89 596 545 17 765 523 858 330 820 x 495 644 150 166 225 432 586 15 537 479 512 394 63 466 218 863 585 838 280 200 134 139 96 338 603 70 3 614 592 220 231 469 601 687 329 695 299 373 880 472 246 465 51 100 304 352 556 577 534 638 844 872 744 397 604 774 
493 104 78 136 179 222 379 580 505 543 462 71 579 450 216 148 255 319 69 80 488 344 351 244 418 86 248 89 285 329 250 589 383 387 406 101 50 478 270 28 363 165 325 495 x 149 345 329 270 63 91 480 42 16 17 101 432 29 277 368 90 343 215 295 361 356 591 157 108 565 498 119 97 275 264 26 106 192 166 200 196 122 385 23 249 30 546 395 191 143 61 82 39 143 349 377 249 98 109 279 
642 45 227 285 328 73 528 729 654 692 611 78 728 599 365 1 404 468 218 229 637 195 500 393 567 63 397 60 136 180 101 738 532 536 555 48 99 627 121 121 214 314 176 644 149 x 494 478 419 212 58 629 107 165 132 250 581 178 426 219 59 194 364 444 510 505 740 306 41 714 647 30 52 424 413 175 43 43 315 51 345 271 236 172 398 179 695 544 340 292 88 67 110 6 200 228 100 247 40 130 
148 449 267 209 166 567 34 235 160 198 117 416 234 105 129 493 90 26 276 265 143 689 6 101 73 431 97 434 630 674 595 244 38 42 61 446 395 133 615 373 708 180 670 150 345 494 x 16 75 282 436 135 387 329 362 244 87 316 68 713 435 688 130 50 16 11 246 188 453 220 153 464 442 70 81 319 451 537 179 545 149 223 730 322 96 315 201 50 154 202 406 427 384 488 694 722 594 247 454 624 
164 433 251 193 150 551 50 251 176 214 133 400 250 121 113 477 74 10 260 249 159 673 22 85 89 415 81 418 614 658 579 260 54 58 77 430 379 149 599 357 692 164 654 166 329 478 16 x 59 266 420 151 371 313 346 228 103 300 52 697 419 672 114 34 32 27 262 172 437 236 169 448 426 54 65 303 435 521 163 529 133 207 714 306 80 299 217 66 138 186 390 411 368 472 678 706 578 231 438 608 
223 374 192 134 91 492 109 310 235 273 192 341 309 180 54 418 15 49 201 190 218 614 81 26 148 356 22 359 555 599 520 319 113 117 136 371 320 208 540 298 633 105 595 225 270 419 75 59 x 207 361 210 312 254 287 169 162 241 7 638 360 613 55 25 91 86 321 113 378 295 228 389 367 5 6 244 376 462 104 470 74 148 655 247 21 240 276 125 79 127 331 352 309 413 619 647 519 172 379 549 
430 167 15 73 116 285 316 517 442 480 399 134 516 387 153 211 192 256 6 17 425 407 288 181 355 149 185 152 348 392 313 526 320 324 343 164 113 415 333 91 426 102 388 432 63 212 282 266 207 x 154 417 105 47 80 38 369 34 214 431 153 406 152 232 298 293 528 94 171 502 435 182 160 212 201 37 169 255 103 263 133 59 448 40 186 33 483 332 128 80 124 145 102 206 412 440 312 35 172 342 
584 13 169 227 270 131 470 671 596 634 553 20 670 541 307 57 346 410 160 171 579 253 442 335 509 5 339 2 194 238 159 680 474 478 497 10 41 569 179 63 272 256 234 586 91 58 436 420 361 154 x 571 49 107 74 192 523 120 368 277 1 252 306 386 452 447 682 248 17 656 589 28 6 366 355 117 15 101 257 109 287 213 294 114 340 121 637 486 282 234 30 9 52 52 258 286 158 189 18 188 
13 584 402 344 301 702 101 100 25 63 18 551 99 30 264 628 225 161 411 400 8 824 129 236 62 566 232 569 765 809 730 109 97 93 74 581 530 2 750 508 843 315 805 15 480 629 135 151 210 417 571 x 522 464 497 379 48 451 203 848 570 823 265 185 119 124 111 323 588 85 18 599 577 205 216 454 586 672 314 680 284 358 865 457 231 450 66 85 289 337 541 562 519 623 829 857 729 382 589 759 
535 62 120 178 221 180 421 622 547 585 504 29 621 492 258 106 297 361 111 122 530 302 393 286 460 44 290 47 243 287 208 631 425 429 448 59 8 520 228 14 321 207 283 537 42 107 387 371 312 105 49 522 x 58 25 143 474 71 319 326 48 301 257 337 403 398 633 199 66 607 540 77 55 317 306 68 64 150 208 158 238 164 343 65 291 72 588 437 233 185 19 40 3 101 307 335 207 140 67 237 
477 120 62 120 163 238 363 564 489 527 446 87 563 434 200 164 239 303 53 64 472 360 335 228 402 102 232 105 301 345 266 573 367 371 390 117 66 462 286 44 379 149 341 479 16 165 329 313 254 47 107 464 58 x 33 85 416 13 261 384 106 359 199 279 345 340 575 141 124 549 482 135 113 259 248 10 122 208 150 216 180 106 401 7 233 14 530 379 175 127 77 98 55 159 365 393 265 82 125 295 
510 87 95 153 196 205 396 597 522 560 479 54 596 467 233 131 272 336 86 97 505 327 368 261 435 69 265 72 268 312 233 606 400 404 423 84 33 495 253 11 346 182 308 512 17 132 362 346 287 80 74 497 25 33 x 118 449 46 294 351 73 326 232 312 378 373 608 174 91 582 515 102 80 292 281 43 89 175 183 183 213 139 368 40 266 47 563 412 208 160 44 65 22 126 332 360 232 115 92 262 
392 205 23 35 78 323 278 479 404 442 361 172 478 349 115 249 154 218 32 21 387 445 250 143 317 187 147 190 386 430 351 488 282 286 305 202 151 377 371 129 464 64 426 394 101 250 244 228 169 38 192 379 143 85 118 x 331 72 176 469 191 444 114 194 260 255 490 56 209 464 397 220 198 174 163 75 207 293 65 301 95 21 486 78 148 71 445 294 90 42 162 183 140 244 450 478 350 3 210 380 
61 536 354 296 253 654 53 148 73 111 30 503 147 18 216 580 177 113 363 352 56 776 81 188 14 518 184 521 717 761 682 157 49 45 26 533 482 46 702 460 795 267 757 63 432 581 87 103 162 369 523 48 474 416 449 331 x 403 155 800 522 775 217 137 71 76 159 275 540 133 66 551 529 157 168 406 538 624 266 632 236 310 817 409 183 402 114 37 241 289 493 514 471 575 781 809 681 334 541 711 
464 133 49 107 150 251 350 551 476 514 433 100 550 421 187 177 226 290 40 51 459 373 322 215 389 115 219 118 314 358 279 560 354 358 377 130 79 449 299 57 392 136 354 466 29 178 316 300 241 34 120 451 71 13 46 72 403 x 248 397 119 372 186 266 332 327 562 128 137 536 469 148 126 246 235 3 135 221 137 229 167 93 414 6 220 1 517 366 162 114 90 111 68 172 378 406 278 69 138 308 
216 381 199 141 98 499 102 303 228 266 185 348 302 173 61 425 22 42 208 197 211 621 74 33 141 363 29 366 562 606 527 312 106 110 129 378 327 201 547 305 640 112 602 218 277 426 68 52 7 214 368 203 319 261 294 176 155 248 x 645 367 620 62 18 84 79 314 120 385 288 221 396 374 2 13 251 383 469 111 477 81 155 662 254 28 247 269 118 86 134 338 359 316 420 626 654 526 179 386 556 
861 264 446 504 547 146 747 948 873 911 830 297 947 818 584 220 623 687 437 448 856 24 719 612 786 282 616 279 83 39 118 957 751 755 774 267 318 846 98 340 5 533 43 863 368 219 713 697 638 431 277 848 326 384 351 469 800 397 645 x 278 25 583 663 729 724 959 525 260 933 866 249 271 643 632 394 262 176 534 168 564 490 17 391 617 398 914 763 559 511 307 286 329 225 19 9 119 466 259 89 
583 14 168 226 269 132 469 670 595 633 552 19 669 540 306 58 345 409 159 170 578 254 441 334 508 4 338 1 195 239 160 679 473 477 496 11 40 568 180 62 273 255 235 585 90 59 435 419 360 153 1 570 48 106 73 191 522 119 367 278 x 253 305 385 451 446 681 247 18 655 588 29 7 365 354 116 16 102 256 110 286 212 295 113 339 120 636 485 281 233 29 8 51 53 259 287 159 188 19 189 
836 239 421 479 522 121 722 923 848 886 805 272 922 793 559 195 598 662 412 423 831 1 694 587 761 257 591 254 58 14 93 932 726 730 749 242 293 821 73 315 20 508 18 838 343 194 688 672 613 406 252 823 301 359 326 444 775 372 620 25 253 x 558 638 704 699 934 500 235 908 841 224 246 618 607 369 237 151 509 143 539 465 42 366 592 373 889 738 534 486 282 261 304 200 6 34 94 441 234 64 
278 319 137 79 36 437 164 365 290 328 247 286 364 235 1 363 40 104 146 135 273 559 136 29 203 301 33 304 500 544 465 374 168 172 191 316 265 263 485 243 578 50 540 280 215 364 130 114 55 152 306 265 257 199 232 114 217 186 62 583 305 558 x 80 146 141 376 58 323 350 283 334 312 60 49 189 321 407 49 415 19 93 600 192 34 185 331 180 24 72 276 297 254 358 564 592 464 117 324 494 
198 399 217 159 116 517 84 285 210 248 167 366 284 155 79 443 40 24 226 215 193 639 56 51 123 381 47 384 580 624 545 294 88 92 111 396 345 183 565 323 658 130 620 200 295 444 50 34 25 232 386 185 337 279 312 194 137 266 18 663 385 638 80 x 66 61 296 138 403 270 203 414 392 20 31 269 401 487 129 495 99 173 680 272 46 265 251 100 104 152 356 377 334 438 644 672 544 197 404 574 
132 465 283 225 182 583 18 219 144 182 101 432 218 89 145 509 106 42 292 281 127 705 10 117 57 447 113 450 646 690 611 228 22 26 45 462 411 117 631 389 724 196 686 134 361 510 16 32 91 298 452 119 403 345 378 260 71 332 84 729 451 704 146 66 x 5 230 204 469 204 137 480 458 86 97 335 467 553 195 561 165 239 746 338 112 331 185 34 170 218 422 443 400 504 710 738 610 263 470 640 
137 460 278 220 177 578 23 224 149 187 106 427 223 94 140 504 101 37 287 276 132 700 5 112 62 442 108 445 641 685 606 233 27 31 50 457 406 122 626 384 719 191 681 139 356 505 11 27 86 293 447 124 398 340 373 255 76 327 79 724 446 699 141 61 5 x 235 199 464 209 142 475 453 81 92 330 462 548 190 556 160 234 741 333 107 326 190 39 165 213 417 438 395 499 705 733 605 258 465 635 
98 695 513 455 412 813 212 11 86 48 129 662 12 141 375 739 336 272 522 511 103 935 240 347 173 677 343 680 876 920 841 2 208 204 185 692 641 113 861 619 954 426 916 96 591 740 246 262 321 528 682 111 633 575 608 490 159 562 314 959 681 934 376 296 230 235 x 434 699 26 93 710 688 316 327 565 697 783 425 791 395 469 976 568 342 561 45 196 400 448 652 673 630 734 940 968 840 493 700 870 
336 261 79 21 22 379 222 423 348 386 305 228 422 293 59 305 98 162 88 77 331 501 194 87 261 243 91 246 442 486 407 432 226 230 249 258 207 321 427 185 520 8 482 338 157 306 188 172 113 94 248 323 199 141 174 56 275 128 120 525 247 500 58 138 204 199 434 x 265 408 341 276 254 118 107 131 263 349 9 357 39 35 542 134 92 127 389 238 34 14 218 239 196 300 506 534 406 59 266 436 
601 4 186 244 287 114 487 688 613 651 570 37 687 558 324 40 363 427 177 188 596 236 459 352 526 22 356 19 177 221 142 697 491 495 514 7 58 586 162 80 255 273 217 603 108 41 453 437 378 171 17 588 66 124 91 209 540 137 385 260 18 235 323 403 469 464 699 265 x 673 606 11 11 383 372 134 2 84 274 92 304 230 277 131 357 138 654 503 299 251 47 26 69 35 241 269 141 206 1 171 
72 669 487 429 386 787 186 15 60 22 103 636 14 115 349 713 310 246 496 485 77 909 214 321 147 651 317 654 850 894 815 24 182 178 159 666 615 87 835 593 928 400 890 70 565 714 220 236 295 502 656 85 607 549 582 464 133 536 288 933 655 908 350 270 204 209 26 408 673 x 67 684 662 290 301 539 671 757 399 765 369 443 950 542 316 535 19 170 374 422 626 647 604 708 914 942 814 467 674 844 
5 602 420 362 319 720 119 82 7 45 36 569 81 48 282 646 243 179 429 418 10 842 147 254 80 584 250 587 783 827 748 91 115 111 92 599 548 20 768 526 861 333 823 3 498 647 153 169 228 435 589 18 540 482 515 397 66 469 221 866 588 841 283 203 137 142 93 341 606 67 x 617 595 223 234 472 604 690 332 698 302 376 883 475 249 468 48 103 307 355 559 580 537 641 847 875 747 400 607 777 
612 15 197 255 298 103 498 699 624 662 581 48 698 569 335 29 374 438 188 199 607 225 470 363 537 33 367 30 166 210 131 708 502 506 525 18 69 597 151 91 244 284 206 614 119 30 464 448 389 182 28 599 77 135 102 220 551 148 396 249 29 224 334 414 480 475 710 276 11 684 617 x 22 394 383 145 13 73 285 81 315 241 266 142 368 149 665 514 310 262 58 37 80 24 230 258 130 217 10 160 
590 7 175 233 276 125 476 677 602 640 559 26 676 547 313 51 352 416 166 177 585 247 448 341 515 11 345 8 188 232 153 686 480 484 503 4 47 575 173 69 266 262 228 592 97 52 442 426 367 160 6 577 55 113 80 198 529 126 374 271 7 246 312 392 458 453 688 254 11 662 595 22 x 372 361 123 9 95 263 103 293 219 288 120 346 127 643 492 288 240 36 15 58 46 252 280 152 195 12 182 
218 379 197 139 96 497 104 305 230 268 187 346 304 175 59 423 20 44 206 195 213 619 76 31 143 361 27 364 560 604 525 314 108 112 131 376 325 203 545 303 638 110 600 220 275 424 70 54 5 212 366 205 317 259 292 174 157 246 2 643 365 618 60 20 86 81 316 118 383 290 223 394 372 x 11 249 381 467 109 475 79 153 660 252 26 245 271 120 84 132 336 357 314 418 624 652 524 177 384 554 
229 368 186 128 85 486 115 316 241 279 198 335 315 186 48 412 9 55 195 184 224 608 87 20 154 350 16 353 549 593 514 325 119 123 142 365 314 214 534 292 627 99 589 231 264 413 81 65 6 201 355 216 306 248 281 163 168 235 13 632 354 607 49 31 97 92 327 107 372 301 234 383 361 11 x 238 370 456 98 464 68 142 649 241 15 234 282 131 73 121 325 346 303 407 613 641 513 166 373 543 
467 130 52 110 153 248 353 554 479 517 436 97 553 424 190 174 229 293 43 54 462 370 325 218 392 112 222 115 311 355 276 563 357 361 380 127 76 452 296 54 389 139 351 469 26 175 319 303 244 37 117 454 68 10 43 75 406 3 251 394 116 369 189 269 335 330 565 131 134 539 472 145 123 249 238 x 132 218 140 226 170 96 411 3 223 4 520 369 165 117 87 108 65 169 375 403 275 72 135 305 
599 2 184 242 285 116 485 686 611 649 568 35 685 556 322 42 361 425 175 186 594 238 457 350 524 20 354 17 179 223 144 695 489 493 512 5 56 584 164 78 257 271 219 601 106 43 451 435 376 169 15 586 64 122 89 207 538 135 383 262 16 237 321 401 467 462 697 263 2 671 604 13 9 381 370 132 x 86 272 94 302 228 279 129 355 136 652 501 297 249 45 24 67 37 243 271 143 204 3 173 
685 88 270 328 371 30 571 772 697 735 654 121 771 642 408 44 447 511 261 272 680 152 543 436 610 106 440 103 93 137 58 781 575 579 598 91 142 670 78 164 171 357 133 687 192 43 537 521 462 255 101 672 150 208 175 293 624 221 469 176 102 151 407 487 553 548 783 349 84 757 690 73 95 467 456 218 86 x 358 8 388 314 193 215 441 222 738 587 383 335 131 110 153 49 157 185 57 290 83 87 
327 270 88 30 13 388 213 414 339 377 296 237 413 284 50 314 89 153 97 86 322 510 185 78 252 252 82 255 451 495 416 423 217 221 240 267 216 312 436 194 529 1 491 329 166 315 179 163 104 103 257 314 208 150 183 65 266 137 111 534 256 509 49 129 195 190 425 9 274 399 332 285 263 109 98 140 272 358 x 366 30 44 551 143 83 136 380 229 25 23 227 248 205 309 515 543 415 68 275 445 
693 96 278 336 379 22 579 780 705 743 662 129 779 650 416 52 455 519 269 280 688 144 551 444 618 114 448 111 85 129 50 789 583 587 606 99 150 678 70 172 163 365 125 695 200 51 545 529 470 263 109 680 158 216 183 301 632 229 477 168 110 143 415 495 561 556 791 357 92 765 698 81 103 475 464 226 94 8 366 x 396 322 185 223 449 230 746 595 391 343 139 118 161 57 149 177 49 298 91 79 
297 300 118 60 17 418 183 384 309 347 266 267 383 254 20 344 59 123 127 116 292 540 155 48 222 282 52 285 481 525 446 393 187 191 210 297 246 282 466 224 559 31 521 299 196 345 149 133 74 133 287 284 238 180 213 95 236 167 81 564 286 539 19 99 165 160 395 39 304 369 302 315 293 79 68 170 302 388 30 396 x 74 581 173 53 166 350 199 5 53 257 278 235 339 545 573 445 98 305 475 
371 226 44 14 57 344 257 458 383 421 340 193 457 328 94 270 133 197 53 42 366 466 229 122 296 208 126 211 407 451 372 467 261 265 284 223 172 356 392 150 485 43 447 373 122 271 223 207 148 59 213 358 164 106 139 21 310 93 155 490 212 465 93 173 239 234 469 35 230 443 376 241 219 153 142 96 228 314 44 322 74 x 507 99 127 92 424 273 69 21 183 204 161 265 471 499 371 24 231 401 
878 281 463 521 564 163 764 965 890 928 847 314 964 835 601 237 640 704 454 465 873 41 736 629 803 299 633 296 100 56 135 974 768 772 791 284 335 863 115 357 22 550 60 880 385 236 730 714 655 448 294 865 343 401 368 486 817 414 662 17 295 42 600 680 746 741 976 542 277 950 883 266 288 660 649 411 279 193 551 185 581 507 x 408 634 415 931 780 576 528 324 303 346 242 36 8 136 483 276 106 
470 127 55 113 156 245 356 557 482 520 439 94 556 427 193 171 232 296 46 57 465 367 328 221 395 109 225 112 308 352 273 566 360 364 383 124 73 455 293 51 386 142 348 472 23 172 322 306 247 40 114 457 65 7 40 78 409 6 254 391 113 366 192 272 338 333 568 134 131 542 475 142 120 252 241 3 129 215 143 223 173 99 408 x 226 7 523 372 168 120 84 105 62 166 372 400 272 75 132 302 
244 353 171 113 70 471 130 331 256 294 213 320 330 201 33 397 6 70 180 169 239 593 102 5 169 335 1 338 534 578 499 340 134 138 157 350 299 229 519 277 612 84 574 246 249 398 96 80 21 186 340 231 291 233 266 148 183 220 28 617 339 592 34 46 112 107 342 92 357 316 249 368 346 26 15 223 355 441 83 449 53 127 634 226 x 219 297 146 58 106 310 331 288 392 598 626 498 151 358 528 
463 134 48 106 149 252 349 550 475 513 432 101 549 420 186 178 225 289 39 50 458 374 321 214 388 116 218 119 315 359 280 559 353 357 376 131 80 448 300 58 393 135 355 465 30 179 315 299 240 33 121 450 72 14 47 71 402 1 247 398 120 373 185 265 331 326 561 127 138 535 468 149 127 245 234 4 136 222 136 230 166 92 415 7 219 x 516 365 161 113 91 112 69 173 379 407 279 68 139 309 
53 650 468 410 367 768 167 34 41 3 84 617 33 96 330 694 291 227 477 466 58 890 195 302 128 632 298 635 831 875 796 43 163 159 140 647 596 68 816 574 909 381 871 51 546 695 201 217 276 483 637 66 588 530 563 445 114 517 269 914 636 889 331 251 185 190 45 389 654 19 48 665 643 271 282 520 652 738 380 746 350 424 931 523 297 516 x 151 355 403 607 628 585 689 895 923 795 448 655 825 
98 499 317 259 216 617 16 185 110 148 67 466 184 55 179 543 140 76 326 315 93 739 44 151 23 481 147 484 680 724 645 194 12 8 11 496 445 83 665 423 758 230 720 100 395 544 50 66 125 332 486 85 437 379 412 294 37 366 118 763 485 738 180 100 34 39 196 238 503 170 103 514 492 120 131 369 501 587 229 595 199 273 780 372 146 365 151 x 204 252 456 477 434 538 744 772 644 297 504 674 
302 295 113 55 12 413 188 389 314 352 271 262 388 259 25 339 64 128 122 111 297 535 160 53 227 277 57 280 476 520 441 398 192 196 215 292 241 287 461 219 554 26 516 304 191 340 154 138 79 128 282 289 233 175 208 90 241 162 86 559 281 534 24 104 170 165 400 34 299 374 307 310 288 84 73 165 297 383 25 391 5 69 576 168 58 161 355 204 x 48 252 273 230 334 540 568 440 93 300 470 
350 247 65 7 36 365 236 437 362 400 319 214 436 307 73 291 112 176 74 63 345 487 208 101 275 229 105 232 428 472 393 446 240 244 263 244 193 335 413 171 506 22 468 352 143 292 202 186 127 80 234 337 185 127 160 42 289 114 134 511 233 486 72 152 218 213 448 14 251 422 355 262 240 132 121 117 249 335 23 343 53 21 528 120 106 113 403 252 48 x 204 225 182 286 492 520 392 45 252 422 
554 43 139 197 240 161 440 641 566 604 523 10 640 511 277 87 316 380 130 141 549 283 412 305 479 25 309 28 224 268 189 650 444 448 467 40 11 539 209 33 302 226 264 556 61 88 406 390 331 124 30 541 19 77 44 162 493 90 338 307 29 282 276 356 422 417 652 218 47 626 559 58 36 336 325 87 45 131 227 139 257 183 324 84 310 91 607 456 252 204 x 21 22 82 288 316 188 159 48 218 
575 22 160 218 261 140 461 662 587 625 544 11 661 532 298 66 337 401 151 162 570 262 433 326 500 4 330 7 203 247 168 671 465 469 488 19 32 560 188 54 281 247 243 577 82 67 427 411 352 145 9 562 40 98 65 183 514 111 359 286 8 261 297 377 443 438 673 239 26 647 580 37 15 357 346 108 24 110 248 118 278 204 303 105 331 112 628 477 273 225 21 x 43 61 267 295 167 180 27 197 
532 65 117 175 218 183 418 619 544 582 501 32 618 489 255 109 294 358 108 119 527 305 390 283 457 47 287 50 246 290 211 628 422 426 445 62 11 517 231 11 324 204 286 534 39 110 384 368 309 102 52 519 3 55 22 140 471 68 316 329 51 304 254 334 400 395 630 196 69 604 537 80 58 314 303 65 67 153 205 161 235 161 346 62 288 69 585 434 230 182 22 43 x 104 310 338 210 137 70 240 
636 39 221 279 322 79 522 723 648 686 605 72 722 593 359 5 398 462 212 223 631 201 494 387 561 57 391 54 142 186 107 732 526 530 549 42 93 621 127 115 220 308 182 638 143 6 488 472 413 206 52 623 101 159 126 244 575 172 420 225 53 200 358 438 504 499 734 300 35 708 641 24 46 418 407 169 37 49 309 57 339 265 242 166 392 173 689 538 334 286 82 61 104 x 206 234 106 241 34 136 
842 245 427 485 528 127 728 929 854 892 811 278 928 799 565 201 604 668 418 429 837 5 700 593 767 263 597 260 64 20 99 938 732 736 755 248 299 827 79 321 14 514 24 844 349 200 694 678 619 412 258 829 307 365 332 450 781 378 626 19 259 6 564 644 710 705 940 506 241 914 847 230 252 624 613 375 243 157 515 149 545 471 36 372 598 379 895 744 540 492 288 267 310 206 x 28 100 447 240 70 
870 273 455 513 556 155 756 957 882 920 839 306 956 827 593 229 632 696 446 457 865 33 728 621 795 291 625 288 92 48 127 966 760 764 783 276 327 855 107 349 14 542 52 872 377 228 722 706 647 440 286 857 335 393 360 478 809 406 654 9 287 34 592 672 738 733 968 534 269 942 875 258 280 652 641 403 271 185 543 177 573 499 8 400 626 407 923 772 568 520 316 295 338 234 28 x 128 475 268 98 
742 145 327 385 428 27 628 829 754 792 711 178 828 699 465 101 504 568 318 329 737 95 600 493 667 163 497 160 36 80 1 838 632 636 655 148 199 727 21 221 114 414 76 744 249 100 594 578 519 312 158 729 207 265 232 350 681 278 526 119 159 94 464 544 610 605 840 406 141 814 747 130 152 524 513 275 143 57 415 49 445 371 136 272 498 279 795 644 440 392 188 167 210 106 100 128 x 347 140 30 
395 202 20 38 81 320 281 482 407 445 364 169 481 352 118 246 157 221 29 18 390 442 253 146 320 184 150 187 383 427 348 491 285 289 308 199 148 380 368 126 461 67 423 397 98 247 247 231 172 35 189 382 140 82 115 3 334 69 179 466 188 441 117 197 263 258 493 59 206 467 400 217 195 177 166 72 204 290 68 298 98 24 483 75 151 68 448 297 93 45 159 180 137 241 447 475 347 x 207 377 
602 5 187 245 288 113 488 689 614 652 571 38 688 559 325 39 364 428 178 189 597 235 460 353 527 23 357 20 176 220 141 698 492 496 515 8 59 587 161 81 254 274 216 604 109 40 454 438 379 172 18 589 67 125 92 210 541 138 386 259 19 234 324 404 470 465 700 266 1 674 607 10 12 384 373 135 3 83 275 91 305 231 276 132 358 139 655 504 300 252 48 27 70 34 240 268 140 207 x 170 
772 175 357 415 458 57 658 859 784 822 741 208 858 729 495 131 534 598 348 359 767 65 630 523 697 193 527 190 6 50 29 868 662 666 685 178 229 757 9 251 84 444 46 774 279 130 624 608 549 342 188 759 237 295 262 380 711 308 556 89 189 64 494 574 640 635 870 436 171 844 777 160 182 554 543 305 173 87 445 79 475 401 106 302 528 309 825 674 470 422 218 197 240 136 70 98 30 377 170 x 
