50
25
location0 location1 location2 location3 location4 location5 location6 location7 location8 location9 location10 location11 location12 location13 location14 location15 location16 location17 location18 location19 location20 location21 location22 location23 location24 location25 location26 location27 location28 location29 location30 location31 location32 location33 location34 location35 location36 location37 location38 location39 location40 location41 location42 location43 location44 location45 location46 location47 location48 location49 
location8 location10 location15 location24 location25 location34 location35 location37 location40 location42 location45 location47 location1 location5 location22 location39 location2 location3 location4 location11 location17 location29 location30 location32 location38 
location12
x 211 413 96 210 536 351 314 47 20 32 244 172 269 277 407 208 267 110 18 59 301 157 41 474 532 256 367 531 271 544 310 484 34 98 463 510 182 137 217 33 243 224 620 140 75 27 373 257 312 
211 x 202 115 421 325 562 525 258 191 243 33 39 480 488 196 3 478 321 193 152 512 54 252 263 321 45 578 320 60 333 521 273 177 113 252 299 393 348 428 178 454 435 409 351 286 184 162 468 523 
413 202 x 317 623 123 764 727 460 393 445 169 241 682 690 6 205 680 523 395 354 714 256 454 61 119 157 780 118 142 131 723 71 379 315 50 97 595 550 630 380 656 637 207 553 488 386 40 670 725 
96 115 317 x 306 440 447 410 143 76 128 148 76 365 373 311 112 363 206 78 37 397 61 137 378 436 160 463 435 175 448 406 388 62 2 367 414 278 233 313 63 339 320 524 236 171 69 277 353 408 
210 421 623 306 x 746 141 104 163 230 178 454 382 59 67 617 418 57 100 228 269 91 367 169 684 742 466 157 741 481 754 100 694 244 308 673 720 28 73 7 243 33 14 830 70 135 237 583 47 102 
536 325 123 440 746 x 887 850 583 516 568 292 364 805 813 129 328 803 646 518 477 837 379 577 62 4 280 903 5 265 8 846 52 502 438 73 26 718 673 753 503 779 760 84 676 611 509 163 793 848 
351 562 764 447 141 887 x 37 304 371 319 595 523 82 74 758 559 84 241 369 410 50 508 310 825 883 607 16 882 622 895 41 835 385 449 814 861 169 214 134 384 108 127 971 211 276 378 724 94 39 
314 525 727 410 104 850 37 x 267 334 282 558 486 45 37 721 522 47 204 332 373 13 471 273 788 846 570 53 845 585 858 4 798 348 412 777 824 132 177 97 347 71 90 934 174 239 341 687 57 2 
47 258 460 143 163 583 304 267 x 67 15 291 219 222 230 454 255 220 63 65 106 254 204 6 521 579 303 320 578 318 591 263 531 81 145 510 557 135 90 170 80 196 177 667 93 28 74 420 210 265 
20 191 393 76 230 516 371 334 67 x 52 224 152 289 297 387 188 287 130 2 39 321 137 61 454 512 236 387 511 251 524 330 464 14 78 443 490 202 157 237 13 263 244 600 160 95 7 353 277 332 
32 243 445 128 178 568 319 282 15 52 x 276 204 237 245 439 240 235 78 50 91 269 189 9 506 564 288 335 563 303 576 278 516 66 130 495 542 150 105 185 65 211 192 652 108 43 59 405 225 280 
244 33 169 148 454 292 595 558 291 224 276 x 72 513 521 163 36 511 354 226 185 545 87 285 230 288 12 611 287 27 300 554 240 210 146 219 266 426 381 461 211 487 468 376 384 319 217 129 501 556 
172 39 241 76 382 364 523 486 219 152 204 72 x 441 449 235 36 439 282 154 113 473 15 213 302 360 84 539 359 99 372 482 312 138 74 291 338 354 309 389 139 415 396 448 312 247 145 201 429 484 
269 480 682 365 59 805 82 45 222 289 237 513 441 x 8 676 477 2 159 287 328 32 426 228 743 801 525 98 800 540 813 41 753 303 367 732 779 87 132 52 302 26 45 889 129 194 296 642 12 43 
277 488 690 373 67 813 74 37 230 297 245 521 449 8 x 684 485 10 167 295 336 24 434 236 751 809 533 90 808 548 821 33 761 311 375 740 787 95 140 60 310 34 53 897 137 202 304 650 20 35 
407 196 6 311 617 129 758 721 454 387 439 163 235 676 684 x 199 674 517 389 348 708 250 448 67 125 151 774 124 136 137 717 77 373 309 56 103 589 544 624 374 650 631 213 547 482 380 34 664 719 
208 3 205 112 418 328 559 522 255 188 240 36 36 477 485 199 x 475 318 190 149 509 51 249 266 324 48 575 323 63 336 518 276 174 110 255 302 390 345 425 175 451 432 412 348 283 181 165 465 520 
267 478 680 363 57 803 84 47 220 287 235 511 439 2 10 674 475 x 157 285 326 34 424 226 741 799 523 100 798 538 811 43 751 301 365 730 777 85 130 50 300 24 43 887 127 192 294 640 10 45 
110 321 523 206 100 646 241 204 63 130 78 354 282 159 167 517 318 157 x 128 169 191 267 69 584 642 366 257 641 381 654 200 594 144 208 573 620 72 27 107 143 133 114 730 30 35 137 483 147 202 
18 193 395 78 228 518 369 332 65 2 50 226 154 287 295 389 190 285 128 x 41 319 139 59 456 514 238 385 513 253 526 328 466 16 80 445 492 200 155 235 15 261 242 602 158 93 9 355 275 330 
59 152 354 37 269 477 410 373 106 39 91 185 113 328 336 348 149 326 169 41 x 360 98 100 415 473 197 426 472 212 485 369 425 25 39 404 451 241 196 276 26 302 283 561 199 134 32 314 316 371 
301 512 714 397 91 837 50 13 254 321 269 545 473 32 24 708 509 34 191 319 360 x 458 260 775 833 557 66 832 572 845 9 785 335 399 764 811 119 164 84 334 58 77 921 161 226 328 674 44 11 
157 54 256 61 367 379 508 471 204 137 189 87 15 426 434 250 51 424 267 139 98 458 x 198 317 375 99 524 374 114 387 467 327 123 59 306 353 339 294 374 124 400 381 463 297 232 130 216 414 469 
41 252 454 137 169 577 310 273 6 61 9 285 213 228 236 448 249 226 69 59 100 260 198 x 515 573 297 326 572 312 585 269 525 75 139 504 551 141 96 176 74 202 183 661 99 34 68 414 216 271 
474 263 61 378 684 62 825 788 521 454 506 230 302 743 751 67 266 741 584 456 415 775 317 515 x 58 218 841 57 203 70 784 10 440 376 11 36 656 611 691 441 717 698 146 614 549 447 101 731 786 
532 321 119 436 742 4 883 846 579 512 564 288 360 801 809 125 324 799 642 514 473 833 375 573 58 x 276 899 1 261 12 842 48 498 434 69 22 714 669 749 499 775 756 88 672 607 505 159 789 844 
256 45 157 160 466 280 607 570 303 236 288 12 84 525 533 151 48 523 366 238 197 557 99 297 218 276 x 623 275 15 288 566 228 222 158 207 254 438 393 473 223 499 480 364 396 331 229 117 513 568 
367 578 780 463 157 903 16 53 320 387 335 611 539 98 90 774 575 100 257 385 426 66 524 326 841 899 623 x 898 638 911 57 851 401 465 830 877 185 230 150 400 124 143 987 227 292 394 740 110 55 
531 320 118 435 741 5 882 845 578 511 563 287 359 800 808 124 323 798 641 513 472 832 374 572 57 1 275 898 x 260 13 841 47 497 433 68 21 713 668 748 498 774 755 89 671 606 504 158 788 843 
271 60 142 175 481 265 622 585 318 251 303 27 99 540 548 136 63 538 381 253 212 572 114 312 203 261 15 638 260 x 273 581 213 237 173 192 239 453 408 488 238 514 495 349 411 346 244 102 528 583 
544 333 131 448 754 8 895 858 591 524 576 300 372 813 821 137 336 811 654 526 485 845 387 585 70 12 288 911 13 273 x 854 60 510 446 81 34 726 681 761 511 787 768 76 684 619 517 171 801 856 
310 521 723 406 100 846 41 4 263 330 278 554 482 41 33 717 518 43 200 328 369 9 467 269 784 842 566 57 841 581 854 x 794 344 408 773 820 128 173 93 343 67 86 930 170 235 337 683 53 2 
484 273 71 388 694 52 835 798 531 464 516 240 312 753 761 77 276 751 594 466 425 785 327 525 10 48 228 851 47 213 60 794 x 450 386 21 26 666 621 701 451 727 708 136 624 559 457 111 741 796 
34 177 379 62 244 502 385 348 81 14 66 210 138 303 311 373 174 301 144 16 25 335 123 75 440 498 222 401 497 237 510 344 450 x 64 429 476 216 171 251 1 277 258 586 174 109 7 339 291 346 
98 113 315 2 308 438 449 412 145 78 130 146 74 367 375 309 110 365 208 80 39 399 59 139 376 434 158 465 433 173 446 408 386 64 x 365 412 280 235 315 65 341 322 522 238 173 71 275 355 410 
463 252 50 367 673 73 814 777 510 443 495 219 291 732 740 56 255 730 573 445 404 764 306 504 11 69 207 830 68 192 81 773 21 429 365 x 47 645 600 680 430 706 687 157 603 538 436 90 720 775 
510 299 97 414 720 26 861 824 557 490 542 266 338 779 787 103 302 777 620 492 451 811 353 551 36 22 254 877 21 239 34 820 26 476 412 47 x 692 647 727 477 753 734 110 650 585 483 137 767 822 
182 393 595 278 28 718 169 132 135 202 150 426 354 87 95 589 390 85 72 200 241 119 339 141 656 714 438 185 713 453 726 128 666 216 280 645 692 x 45 35 215 61 42 802 42 107 209 555 75 130 
137 348 550 233 73 673 214 177 90 157 105 381 309 132 140 544 345 130 27 155 196 164 294 96 611 669 393 230 668 408 681 173 621 171 235 600 647 45 x 80 170 106 87 757 3 62 164 510 120 175 
217 428 630 313 7 753 134 97 170 237 185 461 389 52 60 624 425 50 107 235 276 84 374 176 691 749 473 150 748 488 761 93 701 251 315 680 727 35 80 x 250 26 7 837 77 142 244 590 40 95 
33 178 380 63 243 503 384 347 80 13 65 211 139 302 310 374 175 300 143 15 26 334 124 74 441 499 223 400 498 238 511 343 451 1 65 430 477 215 170 250 x 276 257 587 173 108 6 340 290 345 
243 454 656 339 33 779 108 71 196 263 211 487 415 26 34 650 451 24 133 261 302 58 400 202 717 775 499 124 774 514 787 67 727 277 341 706 753 61 106 26 276 x 19 863 103 168 270 616 14 69 
224 435 637 320 14 760 127 90 177 244 192 468 396 45 53 631 432 43 114 242 283 77 381 183 698 756 480 143 755 495 768 86 708 258 322 687 734 42 87 7 257 19 x 844 84 149 251 597 33 88 
620 409 207 524 830 84 971 934 667 600 652 376 448 889 897 213 412 887 730 602 561 921 463 661 146 88 364 987 89 349 76 930 136 586 522 157 110 802 757 837 587 863 844 x 760 695 593 247 877 932 
140 351 553 236 70 676 211 174 93 160 108 384 312 129 137 547 348 127 30 158 199 161 297 99 614 672 396 227 671 411 684 170 624 174 238 603 650 42 3 77 173 103 84 760 x 65 167 513 117 172 
75 286 488 171 135 611 276 239 28 95 43 319 247 194 202 482 283 192 35 93 134 226 232 34 549 607 331 292 606 346 619 235 559 109 173 538 585 107 62 142 108 168 149 695 65 x 102 448 182 237 
27 184 386 69 237 509 378 341 74 7 59 217 145 296 304 380 181 294 137 9 32 328 130 68 447 505 229 394 504 244 517 337 457 7 71 436 483 209 164 244 6 270 251 593 167 102 x 346 284 339 
373 162 40 277 583 163 724 687 420 353 405 129 201 642 650 34 165 640 483 355 314 674 216 414 101 159 117 740 158 102 171 683 111 339 275 90 137 555 510 590 340 616 597 247 513 448 346 x 630 685 
257 468 670 353 47 793 94 57 210 277 225 501 429 12 20 664 465 10 147 275 316 44 414 216 731 789 513 110 788 528 801 53 741 291 355 720 767 75 120 40 290 14 33 877 117 182 284 630 x 55 
312 523 725 408 102 848 39 2 265 332 280 556 484 43 35 719 520 45 202 330 371 11 469 271 786 844 568 55 843 583 856 2 796 346 410 775 822 130 175 95 345 69 88 932 172 237 339 685 55 x 
