76
38
0 1 2 3 4 5 6 7 8 9 10 11 12 13 14 15 16 17 18 19 20 21 22 23 24 25 26 27 28 29 30 31 32 33 34 35 36 37 38 39 40 41 42 43 44 45 46 47 48 49 50 51 52 53 54 55 56 57 58 59 60 61 62 63 64 65 66 67 68 69 70 71 72 73 74 75
0 1 2 3 4 5 6 7 8 9 10 11 12 13 14 15 16 17 18 19 20 21 22 23 24 25 26 27 28 29 30 31 32 33 34 35 36 37
0
x 6.50473 9.94535 9.32014 5.15395 5.30622 8.72888 5.34232 9.37913 9.07101 8.39897 7.48295 9.27438 5.41815 6.68236 9.21798 7.73817 8.83077 8.12766 7.5587 5.79767 5.25297 9.2229 5.34694 5.68056 6.24482 8.46508 5.18449 6.91184 8.39896 7.31416 8.22414 9.88393 6.71563 7.48989 9.82005 9.91296 9.14246 8.6516 7.21802 9.59826 8.94859 8.21579 5.19522 6.24587 5.45231 6.92897 5.23211 8.24097 9.32449 9.328 6.62862 6.49327 5.41057 9.21463 6.71411 8.55721 7.12565 6.10937 5.30828 5.85305 6.20272 9.02408 5.2068 6.16085 7.47889 5.86828 7.51245 5.57691 8.02531 8.15225 8.47186 8.91811 9.75506 8.19391 6.8496
6.50473 x 8.95996 8.17201 9.82698 6.18416 8.42173 9.92183 5.7743 8.58048 9.76542 6.60799 8.38696 6.34274 7.36993 5.32939 8.92548 9.74749 8.28676 6.48825 6.35011 6.65669 9.41744 6.76192 9.45796 7.32589 9.32411 6.09678 5.98995 7.24646 7.72046 7.72053 5.12999 7.26571 8.28966 8.45454 9.70176 7.70119 9.08892 8.39359 5.8027 9.08982 6.89998 6.47764 7.73674 6.71032 8.13704 6.59806 9.69269 8.25988 8.49336 5.32117 7.24818 6.65611 7.73332 5.98851 9.68646 7.40301 5.39268 6.01071 6.82859 7.40291 5.44956 9.25939 7.59316 7.99471 5.80275 8.37408 6.84412 7.62751 7.63808 8.61181 9.81867 8.99143 6.69128 7.8117
9.94535 8.95996 x 5.68907 8.33595 6.40313 7.0841 7.14982 7.75703 7.0628 8.29646 7.47204 6.38392 5.26274 6.2976 9.14745 5.70045 8.65993 8.26216 9.86622 5.21475 5.06975 8.58949 8.70276 6.26588 7.911 8.25024 5.01972 7.0312 5.12167 8.73302 6.32521 9.01058 6.21277 9.55273 5.09531 7.63422 7.38507 9.053 5.36149 9.54361 7.96053 9.55363 5.12441 5.77123 8.00006 5.29264 8.32946 7.12182 5.94796 5.75684 9.17257 6.1547 5.29311 7.76698 9.85978 8.4883 8.54866 6.7058 9.97009 5.62558 6.14764 8.83098 5.32018 6.07358 6.95427 9.67246 9.70523 5.51006 7.27554 6.24856 7.50108 5.53182 7.06321 8.22931 9.69464
9.32014 8.17201 5.68907 x 8.01951 9.35617 7.37321 7.38506 8.67877 6.99353 6.60175 9.26005 5.89233 6.84475 8.84809 6.43485 7.01231 5.55781 6.33795 6.76624 8.65136 8.41693 7.42359 9.62442 5.44249 5.47306 5.13896 6.61168 7.51576 5.93428 5.87091 6.89384 9.45287 8.64565 6.46017 6.11476 7.40256 8.35756 7.2056 6.47953 7.057 8.59141 6.33908 7.85984 5.4968 9.76631 6.20306 9.54234 7.49884 5.30914 5.60772 7.8827 8.89985 9.20599 8.02077 7.60729 5.95948 5.54268 7.38637 6.07891 9.02825 8.45814 7.3975 6.00369 9.99799 8.79779 8.46403 6.54068 8.14434 5.42701 6.88639 8.36376 7.98852 6.48454 7.5298 5.95475
5.15395 9.82698 8.33595 8.01951 x 5.43169 6.43829 9.69624 8.85328 6.27982 5.72619 6.36388 7.13457 9.70254 8.73016 9.89251 7.75618 8.97783 8.04277 8.51341 9.3611 7.16284 9.18217 9.64298 8.31169 6.21969 8.70911 9.51935 5.28704 8.25022 7.34361 7.10775 6.90436 8.59087 7.64219 9.09629 9.52548 6.1772 8.73218 7.28161 5.5252 6.70858 8.80811 6.31681 5.91643 5.20257 6.99133 9.72634 7.63095 7.71048 8.08184 9.51491 8.89964 9.82516 5.89406 8.85655 9.6926 7.07584 9.96722 8.72915 9.42517 6.55201 6.48476 8.65607 5.16083 8.0957 9.5742 7.66618 6.48824 7.45069 7.1902 6.96837 9.05301 6.58299 5.1208 7.00211
5.30622 6.18416 6.40313 9.35617 5.43169 x 9.02343 9.79265 8.06132 9.37723 6.31583 5.48638 9.49458 9.23072 6.75024 7.80557 7.72934 8.00846 8.37712 7.63625 6.10314 7.10384 7.82304 8.48545 7.66252 6.52427 7.84474 9.07166 7.31734 8.42876 8.53414 8.52667 9.84089 6.8628 7.90114 9.52015 9.02749 7.5759 7.43863 8.15914 7.75273 9.05886 8.06292 7.82347 9.58822 7.17462 8.44597 7.95912 8.63223 9.43502 5.70404 6.47793 6.56698 5.60946 7.88022 6.89141 7.30873 8.87251 6.10352 9.6126 6.00777 8.94754 6.22784 6.40985 5.38534 7.49692 6.0307 7.8347 8.16894 9.56035 8.45315 8.61914 6.39021 5.02795 7.33588 8.47126
8.72888 8.42173 7.0841 7.37321 6.43829 9.02343 x 8.32588 7.59437 5.53212 9.76644 9.99033 6.57788 9.50042 7.40781 9.26268 6.37262 8.34366 6.60891 7.21812 7.93285 6.41668 7.74797 8.43368 7.19255 9.86016 7.96681 9.27409 9.07658 7.20189 5.90536 5.75967 7.12955 7.244 6.21291 8.47586 8.12296 5.06783 7.29393 5.88545 9.90405 6.21849 7.69612 5.71754 9.55893 8.89559 5.59388 8.47396 6.36675 7.10877 6.7696 8.11698 7.55872 8.41446 9.83513 7.43955 8.89469 5.63867 8.67103 8.70635 8.03253 6.19071 5.56059 7.40237 8.83554 6.91942 8.13625 6.24073 5.96077 6.04918 5.83554 6.0595 7.63985 6.5176 8.9351 5.57848
5.34232 9.92183 7.14982 7.38506 9.69624 9.79265 8.32588 x 6.83207 8.42257 8.33026 8.3359 7.95062 5.73612 6.96008 9.45731 9.98058 9.16494 7.5084 6.19451 5.87872 9.89345 7.09787 7.66898 8.31921 6.31175 8.80711 5.50827 7.52513 6.66341 8.32099 7.59679 5.01456 6.93539 8.88929 6.98041 5.77892 9.32739 7.84439 9.82771 9.72972 8.9895 6.11327 5.17394 5.74422 6.70322 9.87923 7.21904 6.51923 7.60431 6.83487 5.21441 6.78442 5.74751 9.71671 5.90977 8.8058 8.33622 6.31239 5.64617 6.1658 6.27867 8.69873 6.98426 6.28881 7.71984 5.42071 9.0238 5.56562 7.34954 7.51498 8.50523 9.29271 8.62226 9.85672 9.31896
9.37913 5.7743 7.75703 8.67877 8.85328 8.06132 7.59437 6.83207 x 8.05626 8.69851 5.90588 8.52502 6.57357 5.18934 5.19462 7.08117 5.6329 9.53504 6.93005 5.03254 9.09722 9.76191 5.99961 8.88714 7.815 5.59906 6.45596 9.22575 7.76915 9.05053 7.32005 7.8021 5.36353 8.20768 9.19157 6.07611 8.03759 8.98769 7.52248 9.99491 7.24707 7.59086 9.91562 8.18364 6.47922 7.70922 5.88071 6.22762 8.65619 7.0004 5.96944 5.05046 9.47501 8.2279 6.07606 9.83625 9.29528 8.07839 7.14615 9.70724 6.00198 8.38553 7.88377 8.78497 5.75758 5.24736 8.05537 5.23123 5.50519 7.2644 6.89475 7.61416 8.9025 7.35931 8.2222
9.07101 8.58048 7.0628 6.99353 6.27982 9.37723 5.53212 8.42257 8.05626 x 5.29402 5.09392 6.13449 9.97365 7.86863 9.78725 6.76143 8.86527 6.83304 7.23428 8.27447 6.94853 7.97177 8.91161 7.07733 5.26278 8.49451 9.75287 9.02472 7.01641 6.16785 5.87366 7.46102 7.69287 6.53207 8.10827 8.26709 9.94171 7.5604 6.26233 5.42947 6.66932 7.5592 6.24287 9.9777 9.33309 5.97032 8.93682 6.8294 6.70498 6.80205 8.26385 8.00656 8.78613 9.67742 7.63105 9.42636 5.8855 8.68853 9.13835 8.43153 6.69434 6.08938 7.38277 9.28007 7.43509 8.4056 6.56973 6.48113 6.19384 5.95421 6.57976 7.98879 5.98625 8.85769 5.91385
8.39897 9.76542 8.29646 6.60175 5.72619 6.31583 9.76644 8.33026 8.69851 5.29402 x 5.8645 6.11777 7.92269 7.78125 6.50871 8.82892 6.99515 5.84761 5.15913 8.45115 6.90148 6.68625 9.22042 9.07894 6.4769 7.07968 7.78044 5.20501 5.86945 5.01097 9.81329 9.31325 7.97956 9.58948 7.46163 7.74081 7.46661 5.90695 8.6925 6.47644 9.01911 5.96431 6.84974 7.59446 5.1776 8.54227 9.46235 7.70747 6.4598 7.63404 9.75668 7.77565 8.1269 7.48161 9.41403 6.17189 5.01042 9.29279 8.44908 7.95812 7.95045 5.80129 8.53926 7.23996 7.8799 8.96839 9.49339 7.2413 6.19644 9.79095 8.81144 5.24257 6.26511 6.40522 9.03893
7.48295 6.60799 7.47204 9.26005 6.36388 5.48638 9.99033 8.3359 5.90588 5.09392 5.8645 x 9.70405 7.80207 8.85331 6.67552 8.8444 6.19913 7.17886 7.87848 7.75982 7.68086 8.19208 6.90056 8.23603 6.83048 5.79606 7.56055 9.47177 8.4371 7.0198 9.26161 6.73719 8.78443 7.84484 9.14548 8.19537 7.1694 8.11499 8.38431 7.07807 5.6978 7.92723 7.67601 8.41827 6.51675 8.22473 6.62224 5.04362 9.43333 6.91527 6.88568 8.70181 7.82198 7.42496 7.58733 6.01658 6.69881 8.7966 7.55206 8.15626 8.6839 6.44193 7.74684 8.62774 9.54774 7.23145 7.98008 8.05886 6.16705 9.17968 5.21933 9.25189 5.35943 6.89519 7.68368
9.27438 8.38696 6.38392 5.89233 7.13457 9.49458 6.57788 7.95062 8.52502 6.13449 6.11777 9.70405 x 6.07814 8.46317 5.78685 7.01195 9.88239 6.66121 6.89918 8.525 7.86652 7.77995 9.43495 6.23935 5.51452 9.48371 5.85194 8.2721 6.28784 6.10085 6.30511 8.59119 8.26469 6.59751 6.99741 7.89506 9.12038 7.47564 6.48825 6.422 7.78494 6.84749 7.23329 5.35622 9.70441 6.20132 9.40133 7.31505 5.58737 6.22713 8.07041 8.55428 9.08019 8.81047 7.6051 5.36421 5.78839 8.06098 5.26641 8.81784 7.75584 6.91905 6.70261 9.75921 8.24624 8.47437 6.65991 7.49497 5.85927 6.33317 7.62125 8.10871 5.6799 8.16124 6.03529
5.41815 6.34274 5.26274 6.84475 9.70254 9.23072 9.50042 5.73612 6.57357 9.97365 7.92269 7.80207 6.07814 x 8.97427 6.42607 6.66824 6.60306 8.36859 6.02463 5.04801 8.14459 9.33374 6.96295 5.78846 9.37719 7.01864 5.24829 7.27383 6.44111 7.51087 9.9812 7.80872 9.08096 7.26784 7.91509 5.24312 8.85448 8.60163 6.44716 6.61321 8.30477 6.77398 7.0804 5.12079 8.04784 6.24628 7.27739 5.63005 6.59863 9.70513 6.19164 9.10931 5.02775 8.74514 5.59272 6.99194 7.42351 6.52363 6.03565 9.65178 6.88671 8.22427 5.54667 9.46493 8.4191 5.59309 7.19708 7.06031 8.44208 5.00795 8.48114 8.11037 5.90003 7.67781 6.64559
6.68236 7.36993 6.2976 8.84809 8.73016 6.75024 7.40781 6.96008 5.18934 7.86863 7.78125 8.85331 8.46317 8.97427 x 8.00396 9.04352 7.37756 9.80955 7.39155 6.09789 9.6515 5.90328 6.04532 6.8242 7.48976 6.95621 8.72898 8.31763 8.08873 8.994 7.18238 8.21187 5.20252 9.08261 9.68046 6.57238 9.95971 5.30967 8.59131 8.53102 7.32304 8.19991 9.26884 7.18969 6.49125 8.30647 6.0696 8.96196 8.73261 5.76734 7.23843 5.19218 6.27789 9.90262 6.72177 7.38913 8.80659 7.62526 8.70819 5.83032 5.10236 8.56584 6.58681 6.43358 5.79862 6.6257 9.07755 9.6101 9.61484 7.13958 6.87026 5.39198 8.74812 8.81439 8.41639
9.21798 5.32939 9.14745 6.43485 9.89251 7.80557 9.26268 9.45731 5.19462 9.78725 6.50871 6.67552 5.78685 6.42607 8.00396 x 5.249 5.92866 7.04061 5.30153 8.98546 7.28477 7.96936 5.65357 9.78033 7.98334 6.30317 6.27221 6.12855 5.86455 6.18471 9.54487 8.19963 8.15728 5.88773 7.42707 8.92882 7.96253 7.22128 5.0447 5.64356 8.23741 6.09718 6.45601 8.76296 6.67338 9.85488 5.93264 9.21338 6.23331 8.54539 5.2312 8.09382 8.8552 7.90484 9.71885 5.66077 6.12448 5.31247 6.98982 8.53552 7.10257 6.93579 9.417 8.17045 7.68229 9.54018 5.80991 6.71055 7.20845 9.5486 8.20771 6.68764 5.77004 6.81737 5.28199
7.73817 8.92548 5.70045 7.01231 7.75618 7.72934 6.37262 9.98058 7.08117 6.76143 8.82892 8.8444 7.01195 6.66824 9.04352 5.249 x 5.34249 7.54312 5.24744 8.51003 5.05479 8.03896 8.06471 6.81136 8.50948 5.1473 6.48796 7.2619 6.07982 6.97524 5.93769 7.11167 9.16827 6.15381 7.37981 9.27125 5.99645 7.22432 5.53383 5.30494 6.33815 5.81268 5.54224 6.86353 7.78616 5.81187 7.78006 6.54102 7.04042 9.94576 9.16857 8.86487 7.97734 6.20833 9.43021 9.69534 7.21413 6.15906 6.95452 8.34009 6.68526 8.95539 5.84291 7.65799 9.77522 8.55803 6.00264 5.92032 8.43513 5.86932 5.90602 6.4535 7.48766 5.40257 6.17713
8.83077 9.74749 8.65993 5.55781 8.97783 8.00846 8.34366 9.16494 5.6329 8.86527 6.99515 6.19913 9.88239 6.60306 7.37756 5.92866 5.34249 x 6.83794 9.53182 8.44532 8.18522 7.84093 6.21004 9.20014 8.35133 5.44324 6.3618 5.67086 5.03575 5.98255 8.66397 7.36125 7.49427 5.81257 6.57521 8.6952 7.29763 7.13795 5.05339 6.57193 7.31037 5.31009 7.38279 8.65472 7.10325 9.82542 6.43034 9.53864 5.34501 8.10328 9.60696 7.50786 8.43488 7.20806 9.03139 5.82446 5.87346 9.9281 6.6123 8.05097 7.90602 7.63409 8.94361 7.94 6.89041 8.99158 5.75657 7.61723 6.85596 8.67379 7.28572 6.7959 9.84607 6.12985 5.16805
8.12766 8.28676 8.26216 6.33795 8.04277 8.37712 6.60891 7.5084 9.53504 6.83304 5.84761 7.17886 6.66121 8.36859 9.80955 7.04061 7.54312 6.83794 x 9.76478 8.81341 7.38506 6.13953 5.45743 9.46143 9.80655 6.51597 8.15052 9.71914 5.45639 5.85774 5.96111 7.99811 9.83135 6.40547 6.31565 6.89493 9.20284 5.94905 7.33018 7.27118 7.03107 5.00067 7.68343 8.28557 9.74977 7.37091 5.07087 9.05877 6.4754 7.51001 8.60771 9.62091 8.53557 9.51677 9.20206 6.40141 6.0042 8.62433 8.3833 8.9807 8.798 6.19266 8.36125 8.90547 5.60427 8.48356 6.54962 8.07451 6.18472 5.87969 6.54625 7.30163 7.2769 9.07238 6.81567
 7.5587 6.48825 9.86622 6.76624 8.51341 7.63625 7.21812 6.19451 6.93005 7.23428 5.15913 7.87848 6.89918 6.02463 7.39155 5.30153 5.24744 9.53182 9.76478 x 6.93171 7.04105 5.88795 7.88621 5.01778 8.71788 9.08885 5.77767 6.8605 5.84027 9.20604 6.45899 9.21866 7.20297 9.73513 7.34746 6.06962 7.92811 5.57717 9.71514 5.87339 8.18052 5.80846 6.63704 8.75622 8.00038 9.43754 7.78846 5.76499 6.80372 9.57189 6.17372 7.38349 7.47338 7.75568 5.85683 9.73191 8.89089 6.46545 5.46909 7.35715 7.39873 5.92949 5.1847 8.32221 7.64195 6.69846 9.80713 6.96428 9.00788 6.38264 7.76556 6.25805 7.51586 6.75539 9.20481
5.79767 6.35011 5.21475 8.65136 9.3611 6.10314 7.93285 5.87872 5.03254 8.27447 8.45115 7.75982 8.525 5.04801 6.09789 8.98546 8.51003 8.44532 8.81341 6.93171 x 5.35131 9.93395 5.97313 5.79502 7.0195 8.03714 9.80502 7.22902 7.75834 8.03922 7.43254 9.19226 6.05668 8.28117 9.26672 5.51842 9.03453 9.40631 7.99872 9.45261 8.21801 7.67321 5.13168 6.84896 6.17952 7.70748 5.90139 8.84748 8.62389 9.67198 6.30601 5.942 5.5586 9.03247 6.08032 8.33893 7.81195 6.52738 9.80582 5.49308 6.05341 9.16767 5.49992 6.40474 6.84132 5.55478 8.30793 5.49603 8.52992 7.36222 7.734 9.71549 8.97829 7.95408 7.64642
5.25297 6.65669 5.06975 8.41693 7.16284 7.10384 6.41668 9.89345 9.09722 6.94853 6.90148 7.68086 7.86652 8.14459 9.6515 7.28477 5.05479 8.18522 7.38506 7.04105 5.35131 x 8.07718 9.17387 5.91278 6.85234 8.48131 8.15145 6.92081 7.72633 6.59473 6.57567 5.47962 9.84494 6.02698 9.31899 9.24367 9.35652 7.26699 5.08579 6.68939 5.48274 7.84853 6.07109 9.29934 5.4592 5.0144 9.59262 8.59509 8.25316 9.3796 6.65609 9.66156 5.00817 9.37922 6.31133 7.52259 6.65304 5.94491 9.06334 9.85823 6.95452 6.2398 5.29591 9.09431 9.62971 5.86336 5.90525 6.23984 7.89506 6.5634 5.38935 6.3032 7.93421 8.30503 5.58083
 9.2229 9.41744 8.58949 7.42359 9.18217 7.82304 7.74797 7.09787 9.76191 7.97177 6.68625 8.19208 7.77995 9.33374 5.90328 7.96936 8.03896 7.84093 6.13953 5.88795 9.93395 8.07718 x 5.57631 9.85353 9.34214 7.54185 9.12433 9.58922 6.55847 6.90928 7.10015 9.10565 5.93632 7.09681 7.33062 6.32437 5.03366 5.81484 8.01249 8.14385 8.1512 6.08452 8.48553 9.21326 9.61575 8.14399 5.12195 9.56981 7.57386 7.91403 9.73861 5.71273 9.62543 5.3805 5.34072 7.34788 7.12406 8.39215 9.41249 5.07297 9.61898 6.93615 8.58712 9.90185 6.70113 9.61994 7.19668 8.87231 7.05816 7.01866 7.66787 7.19573 8.40296 5.07551 7.68894
5.34694 6.76192 8.70276 9.62442 9.64298 8.48545 8.43368 7.66898 5.99961 8.91161 9.22042 6.90056 9.43495 6.96295 6.04532 5.65357 8.06471 6.21004 5.45743 7.88621 5.97313 9.17387 5.57631 x 9.85135 7.77055 6.23573 6.87611 5.1072 8.72304 5.02083 8.20524 8.47039 6.22805 9.16963 5.16587 6.90027 9.03613 9.83687 8.51937 5.35178 7.99718 8.56252 5.12218 9.13032 6.40605 8.70882 5.52816 7.12631 9.59038 7.94605 6.94997 5.91913 5.41897 9.22748 7.03004 5.3906 5.27623 8.94009 7.6401 5.62282 6.12767 8.74117 8.8173 9.67662 6.55763 6.21465 9.01836 5.38803 6.46691 8.15332 7.6752 8.38374 9.78466 8.35629 9.21748
5.68056 9.45796 6.26588 5.44249 8.31169 7.66252 7.19255 8.31921 8.88714 7.07733 9.07894 8.23603 6.23935 5.78846 6.8242 9.78033 6.81136 9.20014 9.46143 5.01778 5.79502 5.91278 9.85353 9.85135 x 9.16586 8.77176 5.5413 7.14768 5.06489 9.83702 6.44053 9.23644 6.70811 5.68228 9.64585 8.8762 7.13588 5.29146 6.43054 5.23059 8.19636 9.51899 5.86671 6.65227 9.21117 6.32802 9.49953 8.16932 5.73187 6.96831 9.59702 6.70613 5.98027 7.42912 5.22269 9.13145 9.61026 7.50502 5.38506 6.25094 6.83682 9.67487 6.34084 6.83911 7.39405 5.24025 5.834 6.24389 8.38445 6.37141 7.76811 6.75362 6.90105 8.26484 5.74146
6.24482 7.32589 7.911 5.47306 6.21969 6.52427 9.86016 6.31175 7.815 5.26278 6.4769 6.83048 5.51452 9.37719 7.48976 7.98334 8.50948 8.35133 9.80655 8.71788 7.0195 6.85234 9.34214 7.77055 9.16586 x 8.26491 9.25146 8.83498 9.53883 9.82214 9.44559 5.39791 7.63136 9.07002 5.74355 5.54968 8.9658 8.89651 9.02717 7.8077 9.72407 9.22554 7.719 5.30505 6.39543 9.31589 7.28384 8.81275 5.51977 7.20151 7.59716 7.32068 6.48427 9.25041 7.92068 7.58136 5.15616 7.62092 9.90619 6.83291 8.78606 6.20051 7.92621 6.06315 8.17316 7.04703 8.96647 8.02288 5.98873 9.3778 9.32025 7.57985 5.99703 8.62333 9.5193
8.46508 9.32411 8.25024 5.13896 8.70911 7.84474 7.96681 8.80711 5.59906 8.49451 7.07968 5.79606 9.48371 7.01864 6.95621 6.30317 5.1473 5.44324 6.51597 9.08885 8.03714 8.48131 7.54185 6.23573 8.77176 8.26491 x 6.77288 5.26616 9.5998 5.66475 8.24645 7.24094 7.06366 5.54352 6.14611 8.35707 6.85867 6.85845 9.82475 6.94001 7.00937 9.86829 7.75297 8.3963 7.0545 9.58326 6.42187 9.46037 9.93285 7.70516 9.17602 7.09576 8.06244 6.76643 8.59238 5.98359 5.53913 9.54256 6.87065 7.66241 8.33795 7.79536 8.53686 7.64658 6.44723 8.57817 5.49654 8.01262 6.4852 8.25285 6.91893 6.59632 9.47973 5.68927 9.88871
5.18449 6.09678 5.01972 6.61168 9.51935 9.07166 9.27409 5.50827 6.45596 9.75287 7.78044 7.56055 5.85194 5.24829 8.72898 6.27221 6.48796 6.3618 8.15052 5.77767 9.80502 8.15145 9.12433 6.87611 5.5413 9.25146 6.77288 x 7.03217 6.19897 7.29299 9.74365 7.63763 8.83422 7.06482 7.6785 5.02141 8.60619 8.39786 6.25463 6.55067 8.08583 6.52854 7.10393 9.91321 7.93322 6.0486 7.1766 5.48552 6.3681 9.46508 5.94438 8.86551 9.79211 8.49707 5.34452 6.79716 7.20056 6.2874 5.93285 9.41246 7.03959 8.13526 5.3044 9.24529 8.17082 5.34911 6.99682 7.12949 8.20934 9.76927 8.24804 7.93399 5.68668 7.42955 6.4377
6.91184 5.98995 7.0312 7.51576 5.28704 7.31734 9.07658 7.52513 9.22575 9.02472 5.20501 9.47177 8.2721 7.27383 8.31763 6.12855 7.2619 5.67086 9.71914 6.8605 7.22902 6.92081 9.58922 5.1072 7.14768 8.83498 5.26616 7.03217 x 7.04411 5.38706 8.31693 6.03211 8.2376 6.11646 6.77564 8.29743 9.15952 5.27486 7.0108 6.49968 9.98214 6.4808 7.04779 7.63423 9.20479 6.99618 9.67824 8.76526 7.79437 7.58417 6.20358 8.17067 7.27572 9.49922 6.88914 5.46796 5.28031 6.21406 6.99866 7.62619 8.09664 5.69006 6.73184 8.0119 8.98335 6.69197 6.26414 7.43681 9.02577 8.24206 9.52609 6.7626 8.94517 5.16735 6.40001
8.39896 7.24646 5.12167 5.93428 8.25022 8.42876 7.20189 6.66341 7.76915 7.01641 5.86945 8.4371 6.28784 6.44111 8.08873 5.86455 6.07982 5.03575 5.45639 5.84027 7.75834 7.72633 6.55847 8.72304 5.06489 9.53883 9.5998 6.19897 7.04411 x 9.95747 6.51159 9.32536 7.88989 5.5306 6.59303 6.61952 7.92913 6.30602 5.54676 6.46404 8.34766 5.56813 7.24974 9.59272 8.83812 5.27128 8.62841 6.60024 6.02054 9.94232 6.95169 8.11202 8.30626 7.66127 6.6934 5.33679 9.63272 6.78709 5.77848 8.16322 7.93733 6.65407 5.44141 9.13344 8.18328 7.53762 5.60931 7.5581 9.59965 6.46511 8.01434 7.05817 6.96374 6.89236 5.02074
7.31416 7.72046 8.73302 5.87091 7.34361 8.53414 5.90536 8.32099 9.05053 6.16785 5.01097 7.0198 6.10085 7.51087 8.994 6.18471 6.97524 5.98255 5.85774 9.20604 8.03922 6.59473 6.90928 5.02083 9.83702 9.82214 5.66475 7.29299 5.38706 9.95747 x 5.2945 7.19784 9.02876 5.85771 5.98662 7.74546 9.18238 6.39258 6.63666 6.42369 6.25107 9.55507 6.85313 7.43511 9.51615 6.60991 9.69217 8.40083 5.97566 7.98173 8.03233 8.80346 7.71615 9.44464 8.55507 5.54433 5.33851 9.35665 7.53363 8.1637 7.96076 5.38701 8.88965 8.04818 9.79191 7.7702 6.00584 7.24476 6.46115 5.21474 5.76967 7.24273 6.68627 8.81112 6.01858
8.22414 7.72053 6.32521 6.89384 7.10775 8.52667 5.75967 7.59679 7.32005 5.87366 9.81329 9.26161 6.30511 9.9812 7.18238 9.54487 5.93769 8.66397 5.96111 6.45899 7.43254 6.57567 7.10015 8.20524 6.44053 9.44559 8.24645 9.74365 8.31693 6.51159 5.2945 x 7.83096 6.98888 5.66929 7.9355 7.41773 9.32109 6.68708 5.43043 5.17104 6.83668 6.96574 5.97741 9.19114 8.5559 5.13886 8.20008 6.09889 6.69023 6.01854 7.40735 7.2904 7.96135 9.09988 6.76012 9.08822 5.01186 7.91759 9.27696 7.63665 6.56499 5.61452 6.64365 8.53561 6.94755 7.53485 5.71052 6.25524 5.34295 5.08247 6.51515 7.13695 6.58249 8.1795 5.05826
9.88393 5.12999 9.01058 9.45287 6.90436 9.84089 7.12955 5.01456 7.8021 7.46102 9.31325 6.73719 8.59119 7.80872 8.21187 8.19963 7.11167 7.36125 7.99811 9.21866 9.19226 5.47962 9.10565 8.47039 9.23644 5.39791 7.24094 7.63763 6.03211 9.32536 7.19784 7.83096 x 8.16933 7.28225 5.567 9.70026 7.13559 8.52153 6.71274 8.79709 6.05008 9.79662 9.55094 5.26134 9.23816 6.44106 8.6401 6.63 9.16599 8.6116 9.87034 8.40396 9.48618 6.92758 9.16809 8.16795 6.99409 5.51693 6.82481 9.0388 9.6771 9.99217 9.32293 9.46265 7.41451 9.60063 7.26812 9.67882 7.67249 7.89116 6.51849 8.52217 8.25614 5.97301 6.61371
6.71563 7.26571 6.21277 8.64565 8.59087 6.8628 7.244 6.93539 5.36353 7.69287 7.97956 8.78443 8.26469 9.08096 5.20252 8.15728 9.16827 7.49427 9.83135 7.20297 6.05668 9.84494 5.93632 6.22805 6.70811 7.63136 7.06366 8.83422 8.2376 7.88989 9.02876 6.98888 8.16933 x 9.15813 9.48223 6.56806 9.8162 5.36273 8.70444 8.69768 7.24283 8.01137 9.44455 7.32647 6.65164 8.41683 6.24416 9.13698 8.53035 5.69969 7.11284 5.31482 6.32417 9.74824 6.56159 7.55405 8.82715 7.56942 8.76763 5.88189 5.25888 8.76592 6.50583 6.59175 5.78519 6.55336 9.15997 9.78127 9.58658 6.94416 6.77579 5.49676 8.55974 8.66175 8.49569
7.48989 8.28966 9.55273 6.46017 7.64219 7.90114 6.21291 8.88929 8.20768 6.53207 9.58948 7.84484 6.59751 7.26784 9.08261 5.88773 6.15381 5.81257 6.40547 9.73513 8.28117 6.02698 7.09681 9.16963 5.68228 9.07002 5.54352 7.06482 6.11646 5.5306 5.85771 5.66929 7.28225 9.15813 x 6.67636 8.21748 5.01407 6.3341 5.9421 6.04803 6.39987 5.17987 6.39413 7.15838 8.67263 6.04722 8.83484 7.65354 6.53453 8.79689 8.57898 8.89114 7.84347 5.26155 8.99826 5.27681 6.14937 5.0298 7.40699 8.2769 7.52496 9.85993 9.69037 7.90128 9.8721 8.1473 5.15251 6.78214 7.29837 5.59328 5.93335 6.5291 7.14236 9.56311 5.66888
9.82005 8.45454 5.09531 6.11476 9.09629 9.52015 8.47586 6.98041 9.19157 8.10827 7.46163 9.14548 6.99741 7.91509 9.68046 7.42707 7.37981 6.57521 6.31565 7.34746 9.26672 9.31899 7.33062 5.16587 9.64585 5.74355 6.14611 7.6785 6.77564 6.59303 5.98662 7.9355 5.567 9.48223 6.67636 x 7.11167 7.71062 7.23471 6.84812 8.03572 9.69115 6.60538 8.82767 6.05315 5.16485 6.59027 5.03185 8.05941 6.4107 5.15222 8.22789 9.69854 9.79282 7.3293 8.18662 6.91606 5.64861 6.79868 7.17542 9.70383 9.48123 8.24455 5.39536 5.66585 9.75427 8.95427 6.77709 9.12871 5.27731 7.91372 9.43792 8.19465 7.52359 7.25518 6.25315
9.91296 9.70176 7.63422 7.40256 9.52548 9.02749 8.12296 5.77892 6.07611 8.26709 7.74081 8.19537 7.89506 5.24312 6.57238 8.92882 9.27125 8.6952 6.89493 6.06962 5.51842 9.24367 6.32437 6.90027 8.8762 5.54968 8.35707 5.02141 8.29743 6.61952 7.74546 7.41773 9.70026 6.56806 8.21748 7.11167 x 9.55808 7.09292 9.15952 9.16602 8.69572 6.09079 9.57311 5.17933 5.92435 9.23761 6.44604 5.81225 7.59801 7.12303 5.01097 6.38976 5.32321 9.93838 5.68453 8.28585 7.82193 7.0879 5.21513 5.75703 5.69082 8.06678 7.54183 5.77861 7.35214 5.10422 8.34351 9.96374 7.07488 7.33529 8.20877 8.52002 8.5538 9.90657 8.70368
9.14246 7.70119 7.38507 8.35756 6.1772 7.5759 5.06783 9.32739 8.03759 9.94171 7.46661 7.1694 9.12038 8.85448 9.95971 7.96253 5.99645 7.29763 9.20284 7.92811 9.03453 9.35652 5.03366 9.03613 7.13588 8.9658 6.85867 8.60619 9.15952 7.92913 9.18238 9.32109 7.13559 9.8162 5.01407 7.71062 9.55808 x 5.15045 5.51778 8.46802 6.10482 7.38435 9.16434 5.29819 8.68614 5.33303 8.77649 7.10488 8.63486 7.49376 7.74044 9.87162 9.34983 5.39011 8.26633 7.33617 8.8667 9.0897 8.37162 9.52228 5.05612 8.14429 7.68768 5.27778 5.43551 8.50046 5.14943 9.5252 8.03077 9.25441 5.6935 6.39575 9.78964 6.18424 9.82429
 8.6516 9.08892 9.053 7.2056 8.73218 7.43863 7.29393 7.84439 8.98769 7.5604 5.90695 8.11499 7.47564 8.60163 5.30967 7.22128 7.22432 7.13795 5.94905 5.57717 9.40631 7.26699 5.81484 9.83687 5.29146 8.89651 6.85845 8.39786 5.27486 6.30602 6.39258 6.68708 8.52153 5.36273 6.3341 7.23471 7.09292 5.15045 x 7.21877 7.37203 7.60014 5.87523 7.6926 8.48755 8.97241 7.37161 9.40341 8.75538 7.32649 8.32317 9.4054 5.11757 9.03899 5.4658 9.94595 6.61081 6.68879 9.10329 8.72602 9.48483 8.82916 6.13402 9.10489 9.21193 6.10732 9.16089 6.41547 8.07788 7.12476 6.60732 7.1231 6.50106 8.07013 5.00207 6.97065
7.21802 8.39359 5.36149 6.47953 7.28161 8.15914 5.88545 9.82771 7.52248 6.26233 8.6925 8.38431 6.48825 6.44716 8.59131 5.0447 5.53383 5.05339 7.33018 9.71514 7.99872 5.08579 8.01249 8.51937 6.43054 9.02717 9.82475 6.25463 7.0108 5.54676 6.63666 5.43043 6.71274 8.70444 5.9421 6.84812 9.15952 5.51778 7.21877 x 5.16267 5.90387 5.27918 5.4746 6.45419 8.31679 5.29202 8.27035 6.76418 6.50971 9.61386 8.63497 8.40783 7.47646 5.71705 8.90112 9.45774 6.82181 5.94805 6.66307 7.85695 6.61046 8.92591 5.52505 7.25114 9.3441 8.02814 5.82061 5.86061 8.08595 5.36074 5.46078 6.81004 6.97234 9.88835 5.70191
9.59826 5.8027 9.54361 7.057 5.5252 7.75273 9.90405 9.72972 9.99491 5.42947 6.47644 7.07807 6.422 6.61321 8.53102 5.64356 5.30494 6.57193 7.27118 5.87339 9.45261 6.68939 8.14385 5.35178 5.23059 7.8077 6.94001 6.55067 6.49968 6.46404 6.42369 5.17104 8.79709 8.69768 6.04803 8.03572 9.16602 8.46802 7.37203 5.16267 x 8.87884 6.67505 5.81348 8.98892 6.46155 5.00215 5.67532 9.12289 6.86093 8.9163 5.72821 8.60056 9.26126 8.42859 5.25279 6.14385 6.39503 5.64 7.415 8.98265 6.60728 6.61964 9.80345 8.49079 8.28213 5.00381 5.95683 6.09414 7.53215 5.17215 8.85024 6.71282 6.41279 7.33966 5.47683
8.94859 9.08982 7.96053 8.59141 6.70858 9.05886 6.21849 8.9895 7.24707 6.66932 9.01911 5.6978 7.78494 8.30477 7.32304 8.23741 6.33815 7.31037 7.03107 8.18052 8.21801 5.48274 8.1512 7.99718 8.19636 9.72407 7.00937 8.08583 9.98214 8.34766 6.25107 6.83668 6.05008 7.24283 6.39987 9.69115 8.69572 6.10482 7.60014 5.90387 8.87884 x 8.79032 9.68476 9.47463 8.63704 5.62224 8.11034 6.03804 8.3265 7.56531 8.82508 7.5126 8.56549 5.90846 8.12179 7.99088 6.02995 9.47145 7.48787 8.12472 5.05091 9.77624 8.27297 8.68395 6.56294 8.5916 6.39867 9.89066 6.65393 6.88838 5.48708 7.70982 7.60579 9.93591 5.73581
8.21579 6.89998 9.55363 6.33908 8.80811 8.06292 7.69612 6.11327 7.59086 7.5592 5.96431 7.92723 6.84749 6.77398 8.19991 6.09718 5.81268 5.31009 5.00067 5.80846 7.67321 7.84853 6.08452 8.56252 9.51899 9.22554 9.86829 6.52854 6.4808 5.56813 9.55507 6.96574 9.79662 8.01137 5.17987 6.60538 6.09079 7.38435 5.87523 5.27918 6.67505 8.79032 x 7.44236 9.44778 8.59181 5.0142 8.43541 6.45423 6.50824 9.37965 6.64437 8.189 8.19105 7.13904 6.59801 5.53503 9.22327 6.21965 6.1684 8.12468 8.19035 6.7313 9.8734 9.07701 8.42545 7.34921 5.26921 7.76706 9.09407 6.90628 8.41948 6.70833 7.52614 6.32432 9.71128
5.19522 6.47764 5.12441 7.85984 6.31681 7.82347 5.71754 5.17394 9.91562 6.24287 6.84974 7.67601 7.23329 7.0804 9.26884 6.45601 5.54224 7.38279 7.68343 6.63704 5.13168 6.07109 8.48553 5.12218 5.86671 7.719 7.75297 7.10393 7.04779 7.24974 6.85313 5.97741 9.55094 9.44455 6.39413 8.82767 9.57311 9.16434 7.6926 5.4746 5.81348 9.68476 7.44236 x 9.44392 6.33967 5.3502 5.50295 9.21164 7.66763 9.47237 6.42569 9.32163 9.88699 9.14283 5.98569 6.913 6.85916 6.14241 8.02905 9.64909 6.14347 6.60555 5.37302 9.05132 9.07405 5.67502 6.28896 5.39186 8.04456 5.97684 9.66353 6.89164 7.22598 8.05499 5.86957
6.24587 7.73674 5.77123 5.4968 5.91643 9.58822 9.55893 5.74422 8.18364 9.9777 7.59446 8.41827 5.35622 5.12079 7.18969 8.76296 6.86353 8.65472 8.28557 8.75622 6.84896 9.29934 9.21326 9.13032 6.65227 5.30505 8.3963 9.91321 7.63423 9.59272 7.43511 9.19114 5.26134 7.32647 7.15838 6.05315 5.17933 5.29819 8.48755 6.45419 8.98892 9.47463 9.44778 9.44392 x 9.3648 6.19382 9.05299 7.00958 5.4728 5.08145 7.87444 7.01682 6.29145 5.40397 7.8998 8.1351 7.41663 6.70048 5.25305 6.5545 5.53654 8.06197 5.99679 5.79878 7.9117 7.10069 7.10285 9.83562 8.61292 9.12949 9.04468 8.26137 5.76811 9.41397 6.52481
5.45231 6.71032 8.00006 9.76631 5.20257 7.17462 8.89559 6.70322 6.47922 9.33309 5.1776 6.51675 9.70441 8.04784 6.49125 6.67338 7.78616 7.10325 9.74977 8.00038 6.17952 5.4592 9.61575 6.40605 9.21117 6.39543 7.0545 7.93322 9.20479 8.83812 9.51615 8.5559 9.23816 6.65164 8.67263 5.16485 5.92435 8.68614 8.97241 8.31679 6.46155 8.63704 8.59181 6.33967 9.3648 x 8.57761 5.8966 7.60911 9.77679 7.25433 6.94762 6.33688 5.62458 8.92698 7.16529 6.31163 9.82163 8.00644 8.6246 5.91929 7.39701 9.84564 8.07058 5.06009 7.11561 6.3023 8.53682 6.63697 5.87132 8.49424 8.26228 7.47354 5.13241 8.17106 8.94018
6.92897 8.13704 5.29264 6.20306 6.99133 8.44597 5.59388 9.87923 7.70922 5.97032 8.54227 8.22473 6.20132 6.24628 8.30647 9.85488 5.81187 9.82542 7.37091 9.43754 7.70748 5.0144 8.14399 8.70882 6.32802 9.31589 9.58326 6.0486 6.99618 5.27128 6.60991 5.13886 6.44106 8.41683 6.04722 6.59027 9.23761 5.33303 7.37161 5.29202 5.00215 5.62224 5.0142 5.3502 6.19382 8.57761 x 8.48809 6.84135 6.22901 9.55303 8.37002 8.12197 7.18445 5.51875 8.6184 9.25445 6.74473 5.96106 6.43138 7.56631 6.47915 8.82917 5.47049 6.98446 9.06431 7.74645 5.95648 5.73896 8.02299 5.06931 5.17655 7.0878 6.68222 9.6633 5.59991
5.23211 6.59806 8.32946 9.54234 9.72634 7.95912 8.47396 7.21904 5.88071 8.93682 9.46235 6.62224 9.40133 7.27739 6.0696 5.93264 7.78006 6.43034 5.07087 7.78846 5.90139 9.59262 5.12195 5.52816 9.49953 7.28384 6.42187 7.1766 9.67824 8.62841 9.69217 8.20008 8.6401 6.24416 8.83484 5.03185 6.44604 8.77649 9.40341 8.27035 5.67532 8.11034 8.43541 5.50295 9.05299 5.8966 8.48809 x 7.10764 9.52513 7.57418 6.80498 5.93114 5.34311 8.98513 6.93673 5.62093 9.96538 8.50091 7.90695 5.5841 6.53937 9.05586 8.43109 9.66536 6.63106 6.09912 8.68642 5.78705 6.11901 8.14413 7.76504 7.92635 9.78256 8.1513 8.95406
8.24097 9.69269 7.12182 7.49884 7.63095 8.63223 6.36675 6.51923 6.22762 6.8294 7.70747 5.04362 7.31505 5.63005 8.96196 9.21338 6.54102 9.53864 9.05877 5.76499 8.84748 8.59509 9.56981 7.12631 8.16932 8.81275 9.46037 5.48552 8.76526 6.60024 8.40083 6.09889 6.63 9.13698 7.65354 8.05941 5.81225 7.10488 8.75538 6.76418 9.12289 6.03804 6.45423 9.21164 7.00958 7.60911 6.84135 7.10764 x 7.46417 6.37628 9.86014 8.82434 8.2945 7.25965 9.90827 8.77512 8.57496 7.68274 6.10151 8.49921 5.34747 7.60744 7.2888 7.56345 9.53567 9.10514 7.50958 9.56981 9.84694 6.04446 5.67636 7.70918 7.68093 6.33084 7.43141
9.32449 8.25988 5.94796 5.30914 7.71048 9.43502 7.10877 7.60431 8.65619 6.70498 6.4598 9.43333 5.58737 6.59863 8.73261 6.23331 7.04042 5.34501 6.4754 6.80372 8.62389 8.25316 7.57386 9.59038 5.73187 5.51977 9.93285 6.3681 7.79437 6.02054 5.97566 6.69023 9.16599 8.53035 6.53453 6.4107 7.59801 8.63486 7.32649 6.50971 6.86093 8.3265 6.50824 7.66763 5.4728 9.77679 6.22901 9.52513 7.46417 x 5.84247 7.95838 8.79823 9.18203 8.3059 7.61285 5.77653 5.65201 7.64023 5.81396 8.97405 8.23786 7.25867 6.26413 9.93826 8.62448 8.48263 6.609 7.94386 5.59945 6.69372 8.12184 8.05957 6.18025 7.76025 6.00846
 9.328 8.49336 5.75684 5.60772 8.08184 5.70404 6.7696 6.83487 7.0004 6.80205 7.63404 6.91527 6.22713 9.70513 5.76734 8.54539 9.94576 8.10328 7.51001 9.57189 9.67198 9.3796 7.91403 7.94605 6.96831 7.20151 7.70516 9.46508 7.58417 9.94232 7.98173 6.01854 8.6116 5.69969 8.79689 5.15222 7.12303 7.49376 8.32317 9.61386 8.9163 7.56531 9.37965 9.47237 5.08145 7.25433 9.55303 7.57418 6.37628 5.84247 x 8.74141 5.61349 9.69469 7.88259 9.44367 7.8847 7.80841 6.90735 9.46732 5.05359 5.51464 8.14331 5.92126 5.43034 6.46132 9.1467 8.94938 9.86042 6.53034 5.93896 7.09375 9.79034 6.9054 8.08222 8.95375
6.62862 5.32117 9.17257 7.8827 9.51491 6.47793 8.11698 5.21441 5.96944 8.26385 9.75668 6.88568 8.07041 6.19164 7.23843 5.2312 9.16857 9.60696 8.60771 6.17372 6.30601 6.65609 9.73861 6.94997 9.59702 7.59716 9.17602 5.94438 6.20358 6.95169 8.03233 7.40735 9.87034 7.11284 8.57898 8.22789 5.01097 7.74044 9.4054 8.63497 5.72821 8.82508 6.64437 6.42569 7.87444 6.94762 8.37002 6.80498 9.86014 7.95838 8.74141 x 7.13738 6.70484 7.72666 5.70415 9.59898 7.71801 5.64666 5.81637 6.79874 7.3194 5.46573 9.47792 7.64294 7.80616 5.81264 8.65803 6.78513 7.93609 7.32489 8.35234 5.10651 8.67129 6.64906 8.07809
6.49327 7.24818 6.1547 8.89985 8.89964 6.56698 7.55872 6.78442 5.05046 8.00656 7.77565 8.70181 8.55428 9.10931 5.19218 8.09382 8.86487 7.50786 9.62091 7.38349 5.942 9.66156 5.71273 5.91913 6.70613 7.32068 7.09576 8.86551 8.17067 8.11202 8.80346 7.2904 8.40396 5.31482 8.89114 9.69854 6.38976 9.87162 5.11757 8.40783 8.60056 7.5126 8.189 9.32163 7.01682 6.33688 8.12197 5.93114 8.82434 8.79823 5.61349 7.13738 x 6.08737 9.82831 6.66638 7.46481 8.61844 7.46392 8.87359 5.64038 5.1845 8.54885 6.44112 6.27693 5.99029 6.48382 8.88684 9.67052 9.44147 7.2426 7.05665 5.20611 8.86615 8.73939 8.22522
5.41057 6.65611 5.29311 9.20599 9.82516 5.60946 8.41446 5.74751 9.47501 8.78613 8.1269 7.82198 9.08019 5.02775 6.27789 8.8552 7.97734 8.43488 8.53557 7.47338 5.5586 5.00817 9.62543 5.41897 5.98027 6.48427 8.06244 9.79211 7.27572 8.30626 7.71615 7.96135 9.48618 6.32417 7.84347 9.79282 5.32321 9.34983 9.03899 7.47646 9.26126 8.56549 8.19105 9.88699 6.29145 5.62458 7.18445 5.34311 8.2945 9.18203 9.69469 6.70484 6.08737 x 9.38916 6.61686 8.19549 7.53466 6.49593 9.90042 5.44777 5.86839 8.795 5.56182 5.9403 7.07613 5.8924 7.85362 5.26363 8.42323 7.89403 8.09359 9.22811 9.52112 8.33535 7.18765
9.21463 7.73332 7.76698 8.02077 5.89406 7.88022 9.83513 9.71671 8.2279 9.67742 7.48161 7.42496 8.81047 8.74514 9.90262 7.90484 6.20833 7.20806 9.51677 7.75568 9.03247 9.37922 5.3805 9.22748 7.42912 9.25041 6.76643 8.49707 9.49922 7.66127 9.44464 9.09988 6.92758 9.74824 5.26155 7.3293 9.93838 5.39011 5.4658 5.71705 8.42859 5.90846 7.13904 9.14283 5.40397 8.92698 5.51875 8.98513 7.25965 8.3059 7.88259 7.72666 9.82831 9.38916 x 8.18714 7.28997 9.12114 9.46945 8.22326 9.52478 5.00487 8.17975 8.06607 5.32633 5.32965 8.51681 5.39258 9.49701 8.35711 9.03716 5.51321 6.67406 9.47225 6.08893 5.0318
6.71411 5.98851 9.85978 7.60729 8.85655 6.89141 7.43955 5.90977 6.07606 7.63105 9.41403 7.58733 7.6051 5.59272 6.72177 9.71885 9.43021 9.03139 9.20206 5.85683 6.08032 6.31133 5.34072 7.03004 5.22269 7.92068 8.59238 5.34452 6.88914 6.6934 8.55507 6.76012 9.16809 6.56159 8.99826 8.18662 5.68453 8.26633 9.94595 8.90112 5.25279 8.12179 6.59801 5.98569 7.8998 7.16529 8.6184 6.93673 9.90827 7.61285 9.44367 5.70415 6.66638 6.61686 8.18714 x 9.11066 8.26255 6.34967 5.1639 6.52718 6.82018 5.16464 5.16801 7.48062 7.1779 5.87369 9.05689 6.33053 8.61213 6.67838 7.65086 5.50439 8.147 7.10213 8.43025
8.55721 9.68646 8.4883 5.95948 9.6926 7.30873 8.89469 8.8058 9.83625 9.42636 6.17189 6.01658 5.36421 6.99194 7.38913 5.66077 9.69534 5.82446 6.40141 9.73191 8.33893 7.52259 7.34788 5.3906 9.13145 7.58136 5.98359 6.79716 5.46796 5.33679 5.54433 9.08822 8.16795 7.55405 5.27681 6.91606 8.28585 7.33617 6.61081 9.45774 6.14385 7.99088 5.53503 6.913 8.1351 6.31163 9.25445 5.62093 8.77512 5.77653 7.8847 9.59898 7.46481 8.19549 7.28997 9.11066 x 5.47585 9.653 7.32639 7.88229 7.72041 6.82683 8.75708 7.51704 7.16499 8.89305 5.20521 7.23237 6.54996 9.0829 7.8685 6.14444 5.41229 6.20121 9.65895
7.12565 7.40301 8.54866 5.54268 7.07584 8.87251 5.63867 8.33622 9.29528 5.8855 5.01042 6.69881 5.78839 7.42351 8.80659 6.12448 7.21413 5.87346 6.0042 8.89089 7.81195 6.65304 7.12406 5.27623 9.61026 5.15616 5.53913 7.20056 5.28031 9.63272 5.33851 5.01186 6.99409 8.82715 6.14937 5.64861 7.82193 8.8667 6.68879 6.82181 6.39503 6.02995 9.22327 6.85916 7.41663 9.82163 6.74473 9.96538 8.57496 5.65201 7.80841 7.71801 8.61844 7.53466 9.12114 8.26255 5.47585 x 9.29611 7.40186 7.97857 7.95261 5.43155 8.72658 7.96169 9.60058 7.50358 6.28934 7.25098 6.27885 9.93139 5.54579 7.57777 6.38137 8.47358 6.14602
6.10937 5.39268 6.7058 7.38637 9.96722 6.10352 8.67103 6.31239 8.07839 8.68853 9.29279 8.7966 8.06098 6.52363 7.62526 5.31247 6.15906 9.9281 8.62433 6.46545 6.52738 5.94491 8.39215 8.94009 7.50502 7.62092 9.54256 6.2874 6.21406 6.78709 9.35665 7.91759 5.51693 7.56942 5.0298 6.79868 7.0879 9.0897 9.10329 5.94805 5.64 9.47145 6.21965 6.14241 6.70048 8.00644 5.96106 8.50091 7.68274 7.64023 6.90735 5.64666 7.46392 6.49593 9.46945 6.34967 9.653 9.29611 x 6.33293 6.88048 7.21983 9.7271 6.40377 7.15396 8.33978 6.0175 5.17317 6.53375 8.10808 7.83858 8.9987 5.57792 8.74087 9.89975 5.3751
5.30828 6.01071 9.97009 6.07891 8.72915 9.6126 8.70635 5.64617 7.14615 9.13835 8.44908 7.55206 5.26641 6.03565 8.70819 6.98982 6.95452 6.6123 8.3833 5.46909 9.80582 9.06334 9.41249 7.6401 5.38506 9.90619 6.87065 5.93285 6.99866 5.77848 7.53363 9.27696 6.82481 8.76763 7.40699 7.17542 5.21513 8.37162 8.72602 6.66307 7.415 7.48787 6.1684 8.02905 5.25305 8.6246 6.43138 7.90695 6.10151 5.81396 9.46732 5.81637 8.87359 9.90042 8.22326 5.1639 7.32639 7.40186 6.33293 x 9.48111 7.92056 8.92387 5.26702 9.51526 8.016 5.3208 7.35583 8.06204 8.31055 9.31618 7.76437 8.40798 5.01908 7.18738 6.75555
5.85305 6.82859 5.62558 9.02825 9.42517 6.00777 8.03253 6.1658 9.70724 8.43153 7.95812 8.15626 8.81784 9.65178 5.83032 8.53552 8.34009 8.05097 8.9807 7.35715 5.49308 9.85823 5.07297 5.62282 6.25094 6.83291 7.66241 9.41246 7.62619 8.16322 8.1637 7.63665 9.0388 5.88189 8.2769 9.70383 5.75703 9.52228 9.48483 7.85695 8.98265 8.12472 8.12468 9.64909 6.5545 5.91929 7.56631 5.5841 8.49921 8.97405 5.05359 6.79874 5.64038 5.44777 9.52478 6.52718 7.88229 7.97857 6.88048 9.48111 x 5.58718 8.67647 5.90309 5.97093 6.62838 6.02593 8.28091 5.01643 8.83031 7.57512 7.65644 9.63356 9.21423 8.44711 7.61582
6.20272 7.40291 6.14764 8.45814 6.55201 8.94754 6.19071 6.27867 6.00198 6.69434 7.95045 8.6839 7.75584 6.88671 5.10236 7.10257 6.68526 7.90602 8.798 7.39873 6.05341 6.95452 9.61898 6.12767 6.83682 8.78606 8.33795 7.03959 8.09664 7.93733 7.96076 6.56499 9.6771 5.25888 7.52496 9.48123 5.69082 5.05612 8.82916 6.61046 6.60728 5.05091 8.19035 6.14347 5.53654 7.39701 6.47915 6.53937 5.34747 8.23786 5.51464 7.3194 5.1845 5.86839 5.00487 6.82018 7.72041 7.95261 7.21983 7.92056 5.58718 x 7.74579 6.40538 5.08474 9.76659 6.60601 7.42239 5.77877 9.11446 6.57725 5.13563 8.03353 7.65412 8.91675 6.98796
9.02408 5.44956 8.83098 7.3975 6.48476 6.22784 5.56059 8.69873 8.38553 6.08938 5.80129 6.44193 6.91905 8.22427 8.56584 6.93579 8.95539 7.63409 6.19266 5.92949 9.16767 6.2398 6.93615 8.74117 9.67487 6.20051 7.79536 8.13526 5.69006 6.65407 5.38701 5.61452 9.99217 8.76592 9.85993 8.24455 8.06678 8.14429 6.13402 8.92591 6.61964 9.77624 6.7313 6.60555 8.06197 9.84564 8.82917 9.05586 7.60744 7.25867 8.14331 5.46573 8.54885 8.795 8.17975 5.16464 6.82683 5.43155 9.7271 8.92387 8.67647 7.74579 x 9.05868 7.86981 8.68044 9.66387 9.74595 6.97188 6.66468 5.59192 9.59175 5.28789 7.0628 7.11357 9.37987
 5.2068 9.25939 5.32018 6.00369 8.65607 6.40985 7.40237 6.98426 7.88377 7.38277 8.53926 7.74684 6.70261 5.54667 6.58681 9.417 5.84291 8.94361 8.36125 5.1847 5.49992 5.29591 8.58712 8.8173 6.34084 7.92621 8.53686 5.3044 6.73184 5.44141 8.88965 6.64365 9.32293 6.50583 9.69037 5.39536 7.54183 7.68768 9.10489 5.52505 9.80345 8.27297 9.8734 5.37302 5.99679 8.07058 5.47049 8.43109 7.2888 6.26413 5.92126 9.47792 6.44112 5.56182 8.06607 5.16801 8.75708 8.72658 6.40377 5.26702 5.90309 6.40538 9.05868 x 6.32504 7.25195 9.96111 9.8425 5.75994 7.44774 6.56685 7.81204 5.59747 7.38176 8.54907 9.8708
6.16085 7.59316 6.07358 9.99799 5.16083 5.38534 8.83554 6.28881 8.78497 9.28007 7.23996 8.62774 9.75921 9.46493 6.43358 8.17045 7.65799 7.94 8.90547 8.32221 6.40474 9.09431 9.90185 9.67662 6.83911 6.06315 7.64658 9.24529 8.0119 9.13344 8.04818 8.53561 9.46265 6.59175 7.90128 5.66585 5.77861 5.27778 9.21193 7.25114 8.49079 8.68395 9.07701 9.05132 5.79878 5.06009 6.98446 9.66536 7.56345 9.93826 5.43034 7.64294 6.27693 5.9403 5.32633 7.48062 7.51704 7.96169 7.15396 9.51526 5.97093 5.08474 7.86981 6.32504 x 7.1219 6.83042 7.86164 9.4365 9.0462 8.48101 8.26249 9.0597 5.11787 9.27553 7.2428
7.47889 7.99471 6.95427 8.79779 8.0957 7.49692 6.91942 7.71984 5.75758 7.43509 7.8799 9.54774 8.24624 8.4191 5.79862 7.68229 9.77522 6.89041 5.60427 7.64195 6.84132 9.62971 6.70113 6.55763 7.39405 8.17316 6.44723 8.17082 8.98335 8.18328 9.79191 6.94755 7.41451 5.78519 9.8721 9.75427 7.35214 5.43551 6.10732 9.3441 8.28213 6.56294 8.42545 9.07405 7.9117 7.11561 9.06431 6.63106 9.53567 8.62448 6.46132 7.80616 5.99029 7.07613 5.32965 7.1779 7.16499 9.60058 8.33978 8.016 6.62838 9.76659 8.68044 7.25195 7.1219 x 7.32319 9.86246 9.37582 5.37072 6.93371 6.14866 6.15205 8.39234 9.25899 9.20438
5.86828 5.80275 9.67246 8.46403 9.5742 6.0307 8.13625 5.42071 5.24736 8.4056 8.96839 7.23145 8.47437 5.59309 6.6257 9.54018 8.55803 8.99158 8.48356 6.69846 5.55478 5.86336 9.61994 6.21465 5.24025 7.04703 8.57817 5.34911 6.69197 7.53762 7.7702 7.53485 9.60063 6.55336 8.1473 8.95427 5.10422 8.50046 9.16089 8.02814 5.00381 8.5916 7.34921 5.67502 7.10069 6.3023 7.74645 6.09912 9.10514 8.48263 9.1467 5.81264 6.48382 5.8924 8.51681 5.87369 8.89305 7.50358 6.0175 5.3208 6.02593 6.60601 9.66387 9.96111 6.83042 7.32319 x 8.19872 6.04202 8.07384 7.45672 8.1046 9.64175 8.99768 7.45142 7.56325
7.51245 8.37408 9.70523 6.54068 7.66618 7.8347 6.24073 9.0238 8.05537 6.56973 9.49339 7.98008 6.65991 7.19708 9.07755 5.80991 6.00264 5.75657 6.54962 9.80713 8.30793 5.90525 7.19668 9.01836 5.834 8.96647 5.49654 6.99682 6.26414 5.60931 6.00584 5.71052 7.26812 9.15997 5.15251 6.77709 8.34351 5.14943 6.41547 5.82061 5.95683 6.39867 5.26921 6.28896 7.10285 8.53682 5.95648 8.68642 7.50958 6.609 8.94938 8.65803 8.88684 7.85362 5.39258 9.05689 5.20521 6.28934 5.17317 7.35583 8.28091 7.42239 9.74595 9.8425 7.86164 9.86246 8.19872 x 6.676 7.45034 5.63537 5.93575 6.45101 7.19633 9.67932 5.66597
5.57691 6.84412 5.51006 8.14434 6.48824 8.16894 5.96077 5.56562 5.23123 6.48113 7.2413 8.05886 7.49497 7.06031 9.6101 6.71055 5.92032 7.61723 8.07451 6.96428 5.49603 6.23984 8.87231 5.38803 6.24389 8.02288 8.01262 7.12949 7.43681 7.5581 7.24476 6.25524 9.67882 9.78127 6.78214 9.12871 9.96374 9.5252 8.07788 5.86061 6.09414 9.89066 7.76706 5.39186 9.83562 6.63697 5.73896 5.78705 9.56981 7.94386 9.86042 6.78513 9.67052 5.26363 9.49701 6.33053 7.23237 7.25098 6.53375 8.06204 5.01643 5.77877 6.97188 5.75994 9.4365 9.37582 6.04202 6.676 x 8.43525 6.25837 9.90226 7.25935 7.45961 8.40843 6.26035
8.02531 7.62751 7.27554 5.42701 7.45069 9.56035 6.04918 7.34954 5.50519 6.19384 6.19644 6.16705 5.85927 8.44208 9.61484 7.20845 8.43513 6.85596 6.18472 9.00788 8.52992 7.89506 7.05816 6.46691 8.38445 5.98873 6.4852 8.20934 9.02577 9.59965 6.46115 5.34295 7.67249 9.58658 7.29837 5.27731 7.07488 8.03077 7.12476 8.08595 7.53215 6.65393 9.09407 8.04456 8.61292 5.87132 8.02299 6.11901 9.84694 5.59945 6.53034 7.93609 9.44147 8.42323 8.35711 8.61213 6.54996 6.27885 8.10808 8.31055 8.83031 9.11446 6.66468 7.44774 9.0462 5.37072 8.07384 7.45034 8.43525 x 5.2605 6.16819 8.46015 6.50825 8.02266 7.42352
8.15225 7.63808 6.24856 6.88639 7.1902 8.45315 5.83554 7.51498 7.2644 5.95421 9.79095 9.17968 6.33317 5.00795 7.13958 9.5486 5.86932 8.67379 5.87969 6.38264 7.36222 6.5634 7.01866 8.15332 6.37141 9.3778 8.25285 9.76927 8.24206 6.46511 5.21474 5.08247 7.89116 6.94416 5.59328 7.91372 7.33529 9.25441 6.60732 5.36074 5.17215 6.88838 6.90628 5.97684 9.12949 8.49424 5.06931 8.14413 6.04446 6.69372 5.93896 7.32489 7.2426 7.89403 9.03716 6.67838 9.0829 9.93139 7.83858 9.31618 7.57512 6.57725 5.59192 6.56685 8.48101 6.93371 7.45672 5.63537 6.25837 5.2605 x 6.5521 7.06326 6.63999 8.10899 9.984
8.47186 8.61181 7.50108 8.36376 6.96837 8.61914 6.0595 8.50523 6.89475 6.57976 8.81144 5.21933 7.62125 8.48114 6.87026 8.20771 5.90602 7.28572 6.54625 7.76556 7.734 5.38935 7.66787 7.6752 7.76811 9.32025 6.91893 8.24804 9.52609 8.01434 5.76967 6.51515 6.51849 6.77579 5.93335 9.43792 8.20877 5.6935 7.1231 5.46078 8.85024 5.48708 8.41948 9.66353 9.04468 8.26228 5.17655 7.76504 5.67636 8.12184 7.09375 8.35234 7.05665 8.09359 5.51321 7.65086 7.8685 5.54579 8.9987 7.76437 7.65644 5.13563 9.59175 7.81204 8.26249 6.14866 8.1046 5.93575 9.90226 6.16819 6.5521 x 7.26222 7.56262 9.51678 5.27146
8.91811 9.81867 5.53182 7.98852 9.05301 6.39021 7.63985 9.29271 7.61416 7.98879 5.24257 9.25189 8.10871 8.11037 5.39198 6.68764 6.4535 6.7959 7.30163 6.25805 9.71549 6.3032 7.19573 8.38374 6.75362 7.57985 6.59632 7.93399 6.7626 7.05817 7.24273 7.13695 8.52217 5.49676 6.5291 8.19465 8.52002 6.39575 6.50106 6.81004 6.71282 7.70982 6.70833 6.89164 8.26137 7.47354 7.0878 7.92635 7.70918 8.05957 9.79034 5.10651 5.20611 9.22811 6.67406 5.50439 6.14444 7.57777 5.57792 8.40798 9.63356 8.03353 5.28789 5.59747 9.0597 6.15205 9.64175 6.45101 7.25935 8.46015 7.06326 7.26222 x 8.63845 6.04912 7.0811
9.75506 8.99143 7.06321 6.48454 6.58299 5.02795 6.5176 8.62226 8.9025 5.98625 6.26511 5.35943 5.6799 5.90003 8.74812 5.77004 7.48766 9.84607 7.2769 7.51586 8.97829 7.93421 8.40296 9.78466 6.90105 5.99703 9.47973 5.68668 8.94517 6.96374 6.68627 6.58249 8.25614 8.55974 7.14236 7.52359 8.5538 9.78964 8.07013 6.97234 6.41279 7.60579 7.52614 7.22598 5.76811 5.13241 6.68222 9.78256 7.68093 6.18025 6.9054 8.67129 8.86615 9.52112 9.47225 8.147 5.41229 6.38137 8.74087 5.01908 9.21423 7.65412 7.0628 7.38176 5.11787 8.39234 8.99768 7.19633 7.45961 6.50825 6.63999 7.56262 8.63845 x 8.84114 6.55809
8.19391 6.69128 8.22931 7.5298 5.1208 7.33588 8.9351 9.85672 7.35931 8.85769 6.40522 6.89519 8.16124 7.67781 8.81439 6.81737 5.40257 6.12985 9.07238 6.75539 7.95408 8.30503 5.07551 8.35629 8.26484 8.62333 5.68927 7.42955 5.16735 6.89236 8.81112 8.1795 5.97301 8.66175 9.56311 7.25518 9.90657 6.18424 5.00207 9.88835 7.33966 9.93591 6.32432 8.05499 9.41397 8.17106 9.6633 8.1513 6.33084 7.76025 8.08222 6.64906 8.73939 8.33535 6.08893 7.10213 6.20121 8.47358 9.89975 7.18738 8.44711 8.91675 7.11357 8.54907 9.27553 9.25899 7.45142 9.67932 8.40843 8.02266 8.10899 9.51678 6.04912 8.84114 x 9.23263
 6.8496 7.8117 9.69464 5.95475 7.00211 8.47126 5.57848 9.31896 8.2222 5.91385 9.03893 7.68368 6.03529 6.64559 8.41639 5.28199 6.17713 5.16805 6.81567 9.20481 7.64642 5.58083 7.68894 9.21748 5.74146 9.5193 9.88871 6.4377 6.40001 5.02074 6.01858 5.05826 6.61371 8.49569 5.66888 6.25315 8.70368 9.82429 6.97065 5.70191 5.47683 5.73581 9.71128 5.86957 6.52481 8.94018 5.59991 8.95406 7.43141 6.00846 8.95375 8.07809 8.22522 7.18765 5.0318 8.43025 9.65895 6.14602 5.3751 6.75555 7.61582 6.98796 9.37987 9.8708 7.2428 9.20438 7.56325 5.66597 6.26035 7.42352 9.984 5.27146 7.0811 6.55809 9.23263 x