21
21
0 1 2 3 4 5 6 7 8 9 10 11 12 13 14 15 16 17 18 19 20
0 1 2 3 4 5 6 7 8 9 10 11 12 13 14 15 16 17 18 19 20
0
x 164.739 179.444 227.069 238.296 51.7045 211.856 147.294 63.5908 220.393 137.31 156.678 226.867 193.953 163.891 166.943 86.8556 176.245 116.967 191.791 156.473
164.739 x 79.1993 63.4403 96.5397 123.683 68.4346 98.4365 115.486 71.6096 95.3085 32.1598 67.7392 126.855 47.3986 106.588 78.5097 94.9498 65.7353 29.765 27.0021
179.444 79.1993 x 113.781 166.719 128.063 141.682 42.9963 155.141 141.256 165.929 49.4407 127.678 205.255 125.952 182.949 114.009 173.199 65.2432 97.3244 104.295
227.069 63.4403 113.781 x 60.3902 187.123 47.4643 147.701 173.575 39.8707 132.035 85.2009 17.8466 136.895 76.9619 128.697 140.246 111.156 126.759 35.3248 73.0272
238.296 96.5397 166.719 60.3902 x 208.634 28.7657 193.925 177.066 25.5964 114.524 127.278 42.6914 94.0508 74.6033 97.8502 155.124 79.5567 160.855 70.2682 87.222
51.7045 123.683 128.063 187.123 208.634 x 180.469 95.853 61.2265 187.545 126.317 109.728 189.892 184.614 135.005 156.111 54.5868 160.169 67.5423 152.725 122.063
211.856 68.4346 141.682 47.4643 28.7657 180.469 x 166.518 151.887 10.6425 95.3289 99.8065 31.5575 90.0085 48.1563 85.2536 127.452 66.8731 132.178 44.3623 58.6569
147.294 98.4365 42.9963 147.701 193.925 95.853 166.518 x 136.641 168.451 166.605 66.7181 159.012 214.722 139.202 189.146 99.6117 183.299 50.168 123.89 117.574
63.5908 115.486 155.141 173.575 177.066 61.2265 151.887 136.641 x 161.125 73.9702 118.118 170.5 131.471 103.787 103.892 41.6235 112.658 90.7007 138.601 100.651
220.393 71.6096 141.256 39.8707 25.5964 187.545 10.6425 168.451 161.125 x 105.88 101.878 22.6898 99.473 57.3726 95.745 135.229 77.3054 136.661 44.6856 65.4895
 137.31 95.3085 165.929 132.035 114.524 126.317 95.3289 166.605 73.9702 105.88 x 117.29 122.355 58.4538 55.6251 30.1742 76.5784 39.903 116.952 103.183 69.023
156.678 32.1598 49.4407 85.2009 127.278 109.728 99.8065 66.7181 118.118 101.878 117.29 x 94.081 156.041 77.0663 133.51 76.888 123.983 43.5771 57.5697 55.1963
226.867 67.7392 127.678 17.8466 42.6914 189.892 31.5575 159.012 170.5 22.6898 122.355 94.081 x 121.563 69.2634 115.737 140.239 97.6477 133.224 37.9836 70.4999
193.953 126.855 205.255 136.895 94.0508 184.614 90.0085 214.722 131.471 99.473 58.4538 156.041 121.563 x 79.4853 28.5214 133.365 32.0611 167.372 120.493 100.96
163.891 47.3986 125.952 76.9619 74.6033 135.005 48.1563 139.202 103.787 57.3726 55.6251 77.0663 69.2634 79.4853 x 60.0793 80.8705 47.5512 96.191 47.831 21.9578
166.943 106.588 182.949 128.697 97.8502 156.111 85.2536 189.146 103.892 95.745 30.1742 133.51 115.737 28.5214 60.0793 x 104.98 18.5732 140.812 106.031 79.7091
86.8556 78.5097 114.009 140.246 155.124 54.5868 127.452 99.6117 41.6235 135.229 76.5784 76.888 140.239 133.365 80.8705 104.98 x 106.85 50.8625 104.949 70.2006
176.245 94.9498 173.199 111.156 79.5567 160.169 66.8731 183.299 112.658 77.3054 39.903 123.983 97.6477 32.0611 47.5512 18.5732 106.85 x 136.759 90.6365 68.9065
116.967 65.7353 65.2432 126.759 160.855 67.5423 132.178 50.168 90.7007 136.661 116.952 43.5771 133.224 167.372 96.191 140.812 50.8625 136.759 x 95.2956 76.2681
191.791 29.765 97.3244 35.3248 70.2682 152.725 44.3623 123.89 138.601 44.6856 103.183 57.5697 37.9836 120.493 47.831 106.031 104.949 90.6365 95.2956 x 38.6343
156.473 27.0021 104.295 73.0272 87.222 122.063 58.6569 117.574 100.651 65.4895 69.023 55.1963 70.4999 100.96 21.9578 79.7091 70.2006 68.9065 76.2681 38.6343 x