50
25
0t5LNxEUvcjoE0cwwEbN m5Au4RgVgXhOUKbKSdGW HET4yE4ksHFmFRytJhfu piNBrUZvBcV7Df1TXrww KcET1WyqLHLe0WoWjg9K I7VRK3VugXxRlgxCe54Q OW93fm7JGxvGIWWhVC1r pv0BsC9reZAUPyAAwfcN wrf0xNKoLGLKfuhe6hpI LS3fS52ozGva9KBtcfZZ Z66yYaYopYkEhHIEeEpL mEX8P8Nbd8sILX8SAXJz ZjpED98yiQMn3rWbS8xE GvCrMaRaSI4vEiFIb0hT wyGmGIrbcEWTpb0hhuRQ idUlMWK1ZaKWh4awCdHY iVX7TtjHXcE8SyeIBcE6 N0EmviMgt156P2Bd7oet 0EzLvznzqSsDTCbR5WWQ TWpWLT2JICvczaB6q8Bo E0qx1qnBHaTxztHrfCii Auo4k9dWSL8IPJ5ZlV3y b69ITlIgTtPRUIpmSw5o DTB9kDmUQnvnbA15dyNs kp7zOmTPtP689yQVQHhJ pWBi6tyyRZpOm0dbsZfH NdK8ArCf2MlrWBNZD2Os WQLrydIe30SyZWUYR0o9 oFJmSdI9Mubs3awqWY5w oEaVwHLjAMvlaIULtgxD LtVuPtXkki7L0rCf1ysG EvkNKg3FzDd0NJzzyEt4 vgcAaadTbDs3lU9Z1t49 YRtAAkfi0YIaAv0XqGni i2LSx9yjqfqqgvPEwf0F hk9ECfFhibg7bmIlco5h j0WEafPmBPNuvhf6ZEsy cZGUbNgsLGnuZE3Ot20K wr15IrVI9ypnsXqeVJz5 lEZ0YMvUzTvQYxlTiMir sTkrLjSI0wAyZQvL0L8q LTgssryHh3BZe1w1IMJd tnUjNl6cWuoaXQEfxH4p j7jI3vJM5SWQs3N9YWK4 G1veNpxkPsctj7nF0LnD 3iRTkaf7suaV2i91D7AI 75EgdJC8MacBE2zKZlon IVZaGmLbfT5MQpxXO2DP K5LnOJV1Zh18kgMnZsVe 4ZMxz7AKccmgx6JK5gZn
j7jI3vJM5SWQs3N9YWK4 lEZ0YMvUzTvQYxlTiMir YRtAAkfi0YIaAv0XqGni 3iRTkaf7suaV2i91D7AI 4ZMxz7AKccmgx6JK5gZn m5Au4RgVgXhOUKbKSdGW oFJmSdI9Mubs3awqWY5w I7VRK3VugXxRlgxCe54Q LTgssryHh3BZe1w1IMJd HET4yE4ksHFmFRytJhfu IVZaGmLbfT5MQpxXO2DP TWpWLT2JICvczaB6q8Bo cZGUbNgsLGnuZE3Ot20K hk9ECfFhibg7bmIlco5h K5LnOJV1Zh18kgMnZsVe vgcAaadTbDs3lU9Z1t49 wrf0xNKoLGLKfuhe6hpI idUlMWK1ZaKWh4awCdHY LtVuPtXkki7L0rCf1ysG pWBi6tyyRZpOm0dbsZfH LS3fS52ozGva9KBtcfZZ 75EgdJC8MacBE2zKZlon N0EmviMgt156P2Bd7oet b69ITlIgTtPRUIpmSw5o tnUjNl6cWuoaXQEfxH4p
0EzLvznzqSsDTCbR5WWQ
x 1807416586.01906 1454948593.5072 1195604934.40724 1530519507.52075 1374125900.0775 1003871821.6074 x 1187989507.20893 1454048013.32692 1598137260.78914 1145296335.90545 1789729470.57015 1607704782.71045 1637201020.97035 1363008602.23638 1656694558.44964 1303106285.6935 1277200201.4025 1710246495.30136 1343283580.93652 1729535798.28392 1124697333.39426 x x 1574137422.64525 1154475863.67327 1748175469.50449 1422642253.99063 1446120138.94563 1066291454.58845 1972970469.64845 1500287616.66189 1884812162.14259 1306864103.87634 1844992363.44579 1382705623.85525 1659225351.35365 1925336221.75965 1877239154.8497 1635004569.0214 1909644041.59105 1060194298.97856 1746813760.83117 1432970212.30188 1003001831.88069 1539470694.32137 1075726920.90453 1991326521.52997 1356095195.96617 
1807416586.01906 x 1613568459.39706 1226143506.16868 1494117015.44236 1344581694.94119 1964394994.08048 1872803953.94048 1905735791.04958 1116789243.00234 1621334358.73502 1680748410.00941 1976446271.36687 x 1583923863.49043 1882726063.06609 1993548037.32147 x x 1987943309.04365 1796000607.77105 1461874525.09653 1594929658.69937 1598320614.94035 1134927597.80225 1000145674.35199 1025913498.30279 1877721884.21566 1579544798.65256 1341622129.67601 1756429002.788 1446046687.73692 1968034788.98509 1453000677.20847 1168458265.05103 1201186016.31701 1706613643.50966 1020122603.23896 1080171592.72868 1716374531.99362 1513702594.85738 1162945711.08282 1089155855.61606 1570097868.06695 1677633423.85071 1041624062.51413 1730126665.53653 x x 1691284390.52222 
1454948593.5072 1613568459.39706 x 1563738522.43485 1684422430.86792 1658620167.91312 1782614777.76502 1538881821.56976 1810582687.60525 1230514597.33058 1971708977.28896 1071416090.8792 1169825218.20937 1659849656.62383 1083338744.91044 1242753969.67025 1627559414.74169 1587956349.2755 x 1216052409.50967 1027400198.86823 x 1727183420.88933 x x 1282403495.74131 1423872094.53956 1312666085.06948 1368373845.22979 1263751920.2017 1831083243.35335 1877832178.28921 1582869748.15507 1087618339.10421 1926705965.14914 1651477189.80934 1962792069.71899 1000696448.14813 x 1620899989.0951 1218951551.7984 1651030190.86814 1992638969.67267 1434571632.14572 1691581655.52248 1621368656.87301 1087482005.84481 x 1958931290.79884 1389548447.93853 
1195604934.40724 1226143506.16868 1563738522.43485 x 1912400480.99989 1275948014.57374 1366742731.58165 1027553848.34361 1308886617.76252 1796789499.1183 1574200541.00405 1204835124.89514 1376522352.65604 1421718733.91959 1451797076.43502 1914892704.65027 1912562586.24747 1103328586.94473 1896853913.89098 1798508972.35125 1256280804.13301 1846312262.7458 1171564998.66479 1352500489.47268 1676093870.84491 1704670725.41615 1663578947.89639 1314388626.18655 1339530180.20782 1711524578.86102 1638010544.59897 1763644367.99977 1483237957.839 1320993792.93631 1053271994.26915 x 1597959305.55281 1719529698.71684 1154011072.64529 1495444292.57897 1196095158.91227 1780432201.13056 1284641953.93772 x x 1057792617.40527 1104412868.5868 1251640940.72324 x 1329493922.00219 
1530519507.52075 1494117015.44236 1684422430.86792 1912400480.99989 x 1494329879.29606 1046674100.83576 1975567594.24121 1021244167.10951 1351105845.37453 1314806117.57696 1954699752.8826 1436474722.46312 1450234614.08923 1882152934.9264 1715063128.48288 1948745092.56294 1281316267.71274 1028426360.8614 x 1254223833.3855 1007412894.87117 1457080628.48124 1753157482.00569 1406072020.18845 1837699760.41453 1858928785.72896 1479286109.12157 1538664357.06323 1991868049.25335 1678513661.64919 1801309864.52339 1341683843.01657 1643091621.63424 x 1306004522.87202 1461974683.91973 1601044441.08407 1439070907.15557 x x 1089432233.6116 1803342777.71961 1111941002.28528 1494611971.74183 1996761053.22754 x 1722884391.82434 x 1574301729.63005 
1374125900.0775 1344581694.94119 1658620167.91312 1275948014.57374 1494329879.29606 x 1475258705.58325 1132594367.93875 1186772580.39831 1928283590.17952 1992370095.2234 1894980819.27257 1149499316.59905 1554543998.20116 x 1950910870.16764 1491643401.65525 1130582327.52283 x 1966863828.34555 1410568370.57252 1446002714.16933 1993954740.40221 1491354684.51817 1587978870.02521 1366954245.00758 1892757321.11089 1024051976.96674 1371779913.23515 1536656256.1222 1182253110.87711 1731972359.51876 1752063089.63812 1769245916.02254 x 1791951714.30842 1110237465.57319 1572237564.86345 1445328889.71837 1737261872.25711 1404513618.29501 1566674755.36604 1687322564.52141 1388522867.66081 1119153831.0492 1113739621.18684 1844256805.80256 1570767759.74159 1410149303.4717 1893270276.76944 
1003871821.6074 1964394994.08048 1782614777.76502 1366742731.58165 1046674100.83576 1475258705.58325 x 1513184522.82131 1569640675.67076 1458015464.90079 1215110456.26258 1636170657.88953 1630568753.95484 1478475586.21794 1644262215.57337 x 1304282347.74807 1515636819.36869 1893390768.27162 1734058442.57788 x 1534498830.43364 1989129574.50556 1759190773.14281 1519589175.28657 1917844274.76228 1650185602.51415 1691992220.76223 1970850686.60846 1926830307.07289 1439851080.68824 1279133875.92332 1809939128.12299 1998603759.09985 1935011873.25108 1548272442.39717 1488250621.55649 1773839974.67109 1212095791.99726 1122153992.92232 1083855187.67332 1825404197.49938 1109506236.07899 x 1465689442.04322 1760144098.10133 1020837516.05152 1881371471.89432 1730681005.22431 x 
x 1872803953.94048 1538881821.56976 1027553848.34361 1975567594.24121 1132594367.93875 1513184522.82131 x x 1751050304.70224 1711895717.65288 1514397021.39995 1782519488.43689 1921241855.16256 1523959545.21659 1549137572.99751 1862104229.26199 1375872847.78844 x 1112816598.85139 x 1421666267.96335 1471960791.10762 1370803272.12275 1762078963.59982 1932876580.88752 1837541250.30063 1865908978.39975 1602523091.2319 1667369837.87332 x 1116921555.05063 x x 1255017527.35911 1691881384.59282 1232015297.46707 1077378466.8053 1786493601.43864 1454086814.0973 1724072330.74156 1885264359.56799 1155542449.73014 1555032040.35531 1344148189.51767 1996137893.48384 x 1507002693.48633 1777479940.34224 1449644538.38041 
1187989507.20893 1905735791.04958 1810582687.60525 1308886617.76252 1021244167.10951 1186772580.39831 1569640675.67076 x x 1777646552.01547 1216228125.22571 1233889768.05795 1127740895.18218 1412804554.64318 1332482816.4356 1793321413.30966 1677133938.37954 1698573081.24548 1276249492.87041 1524386254.73694 x 1023154480.42971 1407954800.45748 1178041634.73191 1452822708.43908 x 1021729830.61551 1123441608.11029 1562925278.56868 1172436021.0352 1528522413.41343 x 1163159202.69835 x 1747929188.69729 1651332514.64462 1666501024.91597 1489185059.15163 1405990765.00101 1578499051.11374 1484045164.37685 1641798352.63956 1330341898.95021 1445468004.8279 1509083610.67212 1329669866.38156 1749124642.09973 1592713382.68432 1714945578.26415 1167998330.42222 
1454048013.32692 1116789243.00234 1230514597.33058 1796789499.1183 1351105845.37453 1928283590.17952 1458015464.90079 1751050304.70224 1777646552.01547 x 1705856300.23963 1208740111.153 1909348070.90295 1721189524.81952 1589982604.2535 1355657586.82906 1043380617.82185 x 1456038148.15191 1549119592.10382 1535745670.88792 1197475681.45032 1149421054.50427 1892754815.59866 1686928748.392 1584229183.19703 1735747143.2468 1980716057.44537 1578921313.49067 1673313942.43444 1608374027.3557 x 1831986008.43273 1754482957.51481 1814757720.19287 1608179373.60732 1901001442.37595 1467718521.967 1338892096.54433 1634297420.39001 1617360554.34222 1605644023.95992 1576191608.06602 1171296197.20162 1876967163.41765 x 1955586038.63101 1065861907.61452 1774545869.04766 1266700901.30512 
1598137260.78914 1621334358.73502 1971708977.28896 1574200541.00405 1314806117.57696 1992370095.2234 1215110456.26258 1711895717.65288 1216228125.22571 1705856300.23963 x 1922098759.76413 1807831642.7653 1598646577.99476 1802518723.95064 1380742504.15665 1014221247.29484 1940306801.24277 1304234761.96273 1480403557.14071 1307720055.656 1650100042.80428 1550987682.66631 1997997173.08247 1357560439.68106 1754343663.08212 1711681879.22919 1368613612.6347 1811522004.77942 x 1924637221.85929 1833817225.08094 1205524896.9457 x 1235913541.29339 1534499095.07464 1420607748.23212 1232827787.90847 x 1302025006.6153 1867032797.41436 1205299424.17536 1006006134.59227 1928386834.74858 1515859772.49346 1424941958.87288 1219671548.0169 1285675866.06057 1612438654.1784 x 
1145296335.90545 1680748410.00941 1071416090.8792 1204835124.89514 1954699752.8826 1894980819.27257 1636170657.88953 1514397021.39995 1233889768.05795 1208740111.153 1922098759.76413 x 1466324356.61193 1344046639.87417 1273124722.01576 1864475970.80074 1841537069.67865 1260898348.83079 1632031650.24024 1616845238.98874 1236269441.69766 1663581054.81991 1239772405.42406 1108493860.52133 x 1673605480.37146 1822314876.30412 1470442345.27806 1147524412.12814 1873954129.146 1999677199.32513 1610432884.94634 1433880518.29186 1492114295.52118 1477918049.23327 1692326279.89746 1897584707.10912 x 1386385147.96979 1011734324.11097 1675609134.03455 1440631664.87957 x 1100754366.15218 1164674590.1606 x 1668308872.23268 1241181932.06822 1653476144.26276 1277626544.29213 
1789729470.57015 1976446271.36687 1169825218.20937 1376522352.65604 1436474722.46312 1149499316.59905 1630568753.95484 1782519488.43689 1127740895.18218 1909348070.90295 1807831642.7653 1466324356.61193 x 1704914478.60259 1678289121.04021 1177925982.76504 1533658122.65189 1420275202.33882 1206015407.29316 1435135203.62479 1841352992.81277 1325559757.04268 x 1033819502.07092 x 1142384429.33797 1765499328.15483 1487406218.86308 1805657373.29923 x 1453697249.89427 1950292243.82861 1861102194.18199 1290312994.44438 1778434063.2826 1723883444.92273 x 1251932412.54049 1100126844.44335 1862375645.60264 1600334576.98543 1088296869.77034 1744118028.58767 1997042084.27586 1068960964.73487 x 1422601759.143 x 1364914132.94779 1770217852.10302 
1607704782.71045 x 1659849656.62383 1421718733.91959 1450234614.08923 1554543998.20116 1478475586.21794 1921241855.16256 1412804554.64318 1721189524.81952 1598646577.99476 1344046639.87417 1704914478.60259 x 1090429043.83185 1029588815.93575 x 1108135309.88496 1071315556.5639 1983800759.33591 1826666317.45826 1384508088.71742 1987597382.92582 1252707773.03078 1884720468.9817 1503894888.57562 1709998605.1595 1281519784.74585 1444883147.86643 1486512701.40997 1758324622.01195 1563728513.72435 x 1533460231.62301 1972705374.36898 1701749881.3272 1784815959.60756 1072004899.80907 1260833851.13083 1302348621.8097 1243381756.08285 1389604649.70436 1286502672.32177 1312196355.9739 1508907390.57097 1689101701.48808 1260765938.37251 1311612404.87351 1230831038.77069 1168362064.01986 
1637201020.97035 1583923863.49043 1083338744.91044 1451797076.43502 1882152934.9264 x 1644262215.57337 1523959545.21659 1332482816.4356 1589982604.2535 1802518723.95064 1273124722.01576 1678289121.04021 1090429043.83185 x 1975039071.59049 1866649513.39066 1741968921.45963 1345409396.26236 1557254178.21039 1297504196.76269 1350581306.43981 1142514692.93481 1427646383.11942 1745444604.54811 1849061836.18865 1552144674.14419 1616730291.42716 1273261990.13567 1534376913.57311 1364504080.87657 1485469859.06166 x 1133418085.14438 1481847893.60706 1522547531.86031 1986965895.52488 1029985169.00143 1431599460.21588 1617557842.71862 1416474342.28985 1238827727.53139 1501911462.3852 1632343439.2054 1270637147.00335 1874849080.14191 1396328128.81046 1555832298.5979 1612936646.9477 1208458495.11547 
1363008602.23638 1882726063.06609 1242753969.67025 1914892704.65027 1715063128.48288 1950910870.16764 x 1549137572.99751 1793321413.30966 1355657586.82906 1380742504.15665 1864475970.80074 1177925982.76504 1029588815.93575 1975039071.59049 x 1379766457.61758 1394112873.91143 1784077544.40643 1285302187.96363 1271104255.93297 1354004616.4284 1944647435.84599 1445379197.67656 1472361885.20192 1675803613.5154 1552482555.01916 1626791149.50131 1156835849.33743 1581529367.56376 1065454135.37322 1837878308.58008 1160938477.01571 1404180116.36682 1823285475.24388 1688835475.04779 1203439901.5721 x 1160036957.92136 1698278041.92885 1657831103.84868 1180416050.50768 1968322137.95217 1502444317.51776 1229152905.85102 1390631317.50922 1970350021.61998 1942790278.29669 1874354337.56098 1639470668.39643 
1656694558.44964 1993548037.32147 1627559414.74169 1912562586.24747 1948745092.56294 1491643401.65525 1304282347.74807 1862104229.26199 1677133938.37954 1043380617.82185 1014221247.29484 1841537069.67865 1533658122.65189 x 1866649513.39066 1379766457.61758 x x 1386468197.38662 1649442743.5659 1796631692.33189 1339880851.5947 1105407074.50449 1680786143.19379 1950021248.97569 1505231215.59871 1945172797.24103 1631709148.31236 1181840333.04337 1221922239.06399 1556013178.98093 1210585538.93868 1370460639.49579 x 1902128021.63564 1241258845.06084 1437965677.44512 1680654820.88481 1772180418.64483 1432355754.48397 1147070382.18701 1214791700.50947 1819913477.16197 x 1843569703.52073 1616021665.42846 1172383292.39508 1930271133.76151 1200267629.86401 1161802048.07015 
1303106285.6935 x 1587956349.2755 1103328586.94473 1281316267.71274 1130582327.52283 1515636819.36869 1375872847.78844 1698573081.24548 x 1940306801.24277 1260898348.83079 1420275202.33882 1108135309.88496 1741968921.45963 1394112873.91143 x x 1420148423.44998 1823196606.14848 1436704833.39377 1376537166.41885 1565353263.74124 1279916103.4584 1325624917.68961 x 1600792552.06989 x 1811875844.15166 x 1487489456.65102 x 1327120187.25372 1449572979.60281 1685059888.6194 1559295474.42712 x 1074430128.13394 1232210335.58971 1085135196.2645 1064714431.19659 1773936759.12085 1625250550.56932 1566856436.77952 1487076359.27138 x 1409800731.31177 1190859406.25163 1459116502.65487 1530079130.30917 
1277200201.4025 x x 1896853913.89098 1028426360.8614 x 1893390768.27162 x 1276249492.87041 1456038148.15191 1304234761.96273 1632031650.24024 1206015407.29316 1071315556.5639 1345409396.26236 1784077544.40643 1386468197.38662 1420148423.44998 x 1073910310.51366 1774597122.06314 1466881228.40121 1303174236.39688 1382258512.71595 1767016881.78652 1552052917.1759 1574220405.081 1074685351.1836 1331642102.44512 1227186529.03553 1820774954.07709 1907338738.75167 1379241863.99871 1369427327.92665 1946464906.75457 1979317261.21205 1613478967.99081 1242497951.9987 1096894908.75636 1450069884.44965 1652229325.11096 x 1945955472.33697 x 1770329016.04813 1685797447.49802 1191980636.81586 1319588758.72225 1975959403.4135 1419212480.86147 
1710246495.30136 1987943309.04365 1216052409.50967 1798508972.35125 x 1966863828.34555 1734058442.57788 1112816598.85139 1524386254.73694 1549119592.10382 1480403557.14071 1616845238.98874 1435135203.62479 1983800759.33591 1557254178.21039 1285302187.96363 1649442743.5659 1823196606.14848 1073910310.51366 x x 1229436382.47504 1259119118.17549 1575077922.96639 1512366499.03596 1272045440.89289 1160693605.33933 1714400448.70362 1661990196.96043 1562048676.9419 x 1241683186.21808 1675941405.56529 1988630068.56949 1117759897.58439 1040139174.26179 1083908441.72943 1920660292.47482 1248462600.00257 1609178497.9124 1517271806.7373 1817283685.73618 1875969136.20882 1708255185.98194 1652195782.04479 1159763325.99369 1962868953.88771 1003271787.96477 1449299331.25692 1676115508.7293 
1343283580.93652 1796000607.77105 1027400198.86823 1256280804.13301 1254223833.3855 1410568370.57252 x x x 1535745670.88792 1307720055.656 1236269441.69766 1841352992.81277 1826666317.45826 1297504196.76269 1271104255.93297 1796631692.33189 1436704833.39377 1774597122.06314 x x 1167950142.05438 1521544310.45775 1091563658.12461 1644681106.97109 1060388100.99305 1545611513.90867 1443813448.03525 1769499667.62385 1761739690.22276 1208314183.72525 1932999099.88871 x 1115522067.37601 x x 1239661477.88088 1543410683.39194 1152643965.92063 1945602492.38339 1625562495.59904 1079376846.24426 1124996491.49443 1220571261.23586 1228619204.96553 1152713658.97271 1205280075.17407 1955685593.90157 1965869972.52882 1128763980.25133 
1729535798.28392 1461874525.09653 x 1846312262.7458 1007412894.87117 1446002714.16933 1534498830.43364 1421666267.96335 1023154480.42971 1197475681.45032 1650100042.80428 1663581054.81991 1325559757.04268 1384508088.71742 1350581306.43981 1354004616.4284 1339880851.5947 1376537166.41885 1466881228.40121 1229436382.47504 1167950142.05438 x 1018368820.68134 1607087691.5632 1135026298.03828 1304714028.97301 1710080716.42152 1819030467.31106 1484975751.37986 1262533780.02381 1443515613.27947 1576750828.13458 x 1749184813.55051 1101845279.45172 1636359726.42879 1899275501.51734 1710572162.89514 1692763733.67916 1468073404.24408 1302476054.0172 1461390197.65504 1199852525.3933 1410852716.07163 x 1519233404.19128 1963271560.38607 1648218797.89229 x 1368529232.4489 
1124697333.39426 1594929658.69937 1727183420.88933 1171564998.66479 1457080628.48124 1993954740.40221 1989129574.50556 1471960791.10762 1407954800.45748 1149421054.50427 1550987682.66631 1239772405.42406 x 1987597382.92582 1142514692.93481 1944647435.84599 1105407074.50449 1565353263.74124 1303174236.39688 1259119118.17549 1521544310.45775 1018368820.68134 x 1396334888.41202 1183895913.08559 1989848554.63676 1297713505.29982 1747570516.07147 1554961185.11108 1906451558.99136 1860443068.30706 1801262816.70032 x 1044518779.64792 1740777868.38573 1761745633.05978 1899209516.75587 1862852596.65688 1529328692.41249 1031009453.08241 1555807693.39033 1996381837.70364 1061795093.22754 1231111870.04693 1714305785.37198 1068457760.82683 1075777831.56523 1304593326.58165 1609742480.46515 x 
x 1598320614.94035 x 1352500489.47268 1753157482.00569 1491354684.51817 1759190773.14281 1370803272.12275 1178041634.73191 1892754815.59866 1997997173.08247 1108493860.52133 1033819502.07092 1252707773.03078 1427646383.11942 1445379197.67656 1680786143.19379 1279916103.4584 1382258512.71595 1575077922.96639 1091563658.12461 1607087691.5632 1396334888.41202 x 1589712426.5027 1182994931.43687 1439808596.50659 x 1732375882.17982 x x 1339823153.44511 1802198286.56903 1712100150.35565 1121900983.07365 1748236455.64698 1434306800.25225 1039616984.1937 1281054351.04727 1251471094.41917 1642305042.05571 1744597298.33874 1879188811.49289 1294522830.2815 1193406467.5083 x 1681642154.89919 x x 1314989453.20384 
x 1134927597.80225 x 1676093870.84491 1406072020.18845 1587978870.02521 1519589175.28657 1762078963.59982 1452822708.43908 1686928748.392 1357560439.68106 x x 1884720468.9817 1745444604.54811 1472361885.20192 1950021248.97569 1325624917.68961 1767016881.78652 1512366499.03596 1644681106.97109 1135026298.03828 1183895913.08559 1589712426.5027 x 1662556515.01598 1297559112.97975 1748442130.5497 1575347723.44937 1120855773.00224 1631638101.38544 1843255551.03243 1341131862.40747 1561291124.13918 1498731203.99208 1620073960.33324 1169062651.95211 1380614643.69918 1431613829.28528 1817709826.13692 1664428564.10346 1323573278.74394 1379970585.72309 1236496984.30382 1879267222.72305 1030949300.08876 1765241579.52475 1789456861.62414 1625006953.40747 1447278086.98352 
1574137422.64525 1000145674.35199 1282403495.74131 1704670725.41615 1837699760.41453 1366954245.00758 1917844274.76228 1932876580.88752 x 1584229183.19703 1754343663.08212 1673605480.37146 1142384429.33797 1503894888.57562 1849061836.18865 1675803613.5154 1505231215.59871 x 1552052917.1759 1272045440.89289 1060388100.99305 1304714028.97301 1989848554.63676 1182994931.43687 1662556515.01598 x x 1921387701.0812 1690485077.93 1325560281.07787 1258611988.86123 1946588019.61376 1915670627.28615 1864389933.47057 1999597850.66541 1529346500.97094 1327233336.13148 1119007355.33241 1423853576.02284 1066119794.44738 1544763784.701 1097518150.50281 1970072687.28148 x x 1584606123.87974 1542701303.2023 1501542466.30963 1862378709.608 1059742209.58238 
1154475863.67327 1025913498.30279 1423872094.53956 1663578947.89639 1858928785.72896 1892757321.11089 1650185602.51415 1837541250.30063 1021729830.61551 1735747143.2468 1711681879.22919 1822314876.30412 1765499328.15483 1709998605.1595 1552144674.14419 1552482555.01916 1945172797.24103 1600792552.06989 1574220405.081 1160693605.33933 1545611513.90867 1710080716.42152 1297713505.29982 1439808596.50659 1297559112.97975 x x 1070650800.17783 x 1154060707.09222 1946769272.4671 1596049386.03718 x 1684398853.72359 1087247230.10903 1519679058.68997 1294365068.84374 1605952443.34026 1575415021.99977 1443222991.52846 1991958681.72683 x 1466679056.53455 1639627650.72789 1925226952.64076 1802518433.62372 x 1108348854.34374 1929038343.22082 1079012525.93481 
1748175469.50449 1877721884.21566 1312666085.06948 1314388626.18655 1479286109.12157 1024051976.96674 1691992220.76223 1865908978.39975 1123441608.11029 1980716057.44537 1368613612.6347 1470442345.27806 1487406218.86308 1281519784.74585 1616730291.42716 1626791149.50131 1631709148.31236 x 1074685351.1836 1714400448.70362 1443813448.03525 1819030467.31106 1747570516.07147 x 1748442130.5497 1921387701.0812 1070650800.17783 x 1301276746.65668 1474589972.37678 x x 1303158415.60877 1161623531.96931 1697767306.98049 1924681573.71543 1380766747.53112 1383812248.23048 1752985723.93056 1042234734.40478 1139749941.70736 1659653340.3862 1050132731.806 1620859697.46881 1930361221.16741 1160484929.05966 x 1946718890.45352 x x 
1422642253.99063 1579544798.65256 1368373845.22979 1339530180.20782 1538664357.06323 1371779913.23515 1970850686.60846 1602523091.2319 1562925278.56868 1578921313.49067 1811522004.77942 1147524412.12814 1805657373.29923 1444883147.86643 1273261990.13567 1156835849.33743 1181840333.04337 1811875844.15166 1331642102.44512 1661990196.96043 1769499667.62385 1484975751.37986 1554961185.11108 1732375882.17982 1575347723.44937 1690485077.93 x 1301276746.65668 x 1366818966.78564 1362491225.34003 1263424607.89066 1704114589.30052 x 1030544546.71858 1351095431.79928 1093414100.78602 x 1670804330.05925 1898833269.17228 1387033789.96001 1197070975.28073 1322846650.94172 1665008893.21549 1878459723.76243 1121301387.69248 1130191726.28709 1599332861.12073 1894915658.002 1384404762.13792 
1446120138.94563 1341622129.67601 1263751920.2017 1711524578.86102 1991868049.25335 1536656256.1222 1926830307.07289 1667369837.87332 1172436021.0352 1673313942.43444 x 1873954129.146 x 1486512701.40997 1534376913.57311 1581529367.56376 1221922239.06399 x 1227186529.03553 1562048676.9419 1761739690.22276 1262533780.02381 1906451558.99136 x 1120855773.00224 1325560281.07787 1154060707.09222 1474589972.37678 1366818966.78564 x 1922286005.10844 x 1268871225.03345 1944730096.78669 1968649509.4826 1741650941.02606 1178257269.21567 1304829633.31624 1902883382.27713 1931173745.9209 1477747966.82239 1174251850.60125 1888289292.9697 1426579827.37619 1669400617.96216 x 1092879969.94295 1798152754.08934 1609744789.08473 1777992082.61677 
1066291454.58845 1756429002.788 1831083243.35335 1638010544.59897 1678513661.64919 1182253110.87711 1439851080.68824 x 1528522413.41343 1608374027.3557 1924637221.85929 1999677199.32513 1453697249.89427 1758324622.01195 1364504080.87657 1065454135.37322 1556013178.98093 1487489456.65102 1820774954.07709 x 1208314183.72525 1443515613.27947 1860443068.30706 x 1631638101.38544 1258611988.86123 1946769272.4671 x 1362491225.34003 1922286005.10844 x 1592592468.67768 1303351100.88135 1370886173.51579 1143507216.79327 1371059957.35636 x 1706424608.49693 1611467625.18206 1000848780.89761 1197931173.16758 1895250870.07327 1412447345.48792 1300110364.23126 1739028360.33033 1115734478.90756 x 1939469829.17611 1036138278.99016 1238695037.40458 
1972970469.64845 1446046687.73692 1877832178.28921 1763644367.99977 1801309864.52339 1731972359.51876 1279133875.92332 1116921555.05063 x x 1833817225.08094 1610432884.94634 1950292243.82861 1563728513.72435 1485469859.06166 1837878308.58008 1210585538.93868 x 1907338738.75167 1241683186.21808 1932999099.88871 1576750828.13458 1801262816.70032 1339823153.44511 1843255551.03243 1946588019.61376 1596049386.03718 x 1263424607.89066 x 1592592468.67768 x 1892421719.59782 1784581406.33636 x 1998710284.74143 1888205812.92532 1538332902.44613 1622892229.71086 x 1375242710.13853 1931300810.60811 1190083094.60239 1392112155.77049 1367143218.14506 1619870340.40475 1904835515.28449 1061202035.71994 1988409966.88933 1936495604.62843 
1500287616.66189 1968034788.98509 1582869748.15507 1483237957.839 1341683843.01657 1752063089.63812 1809939128.12299 x 1163159202.69835 1831986008.43273 1205524896.9457 1433880518.29186 1861102194.18199 x x 1160938477.01571 1370460639.49579 1327120187.25372 1379241863.99871 1675941405.56529 x x x 1802198286.56903 1341131862.40747 1915670627.28615 x 1303158415.60877 1704114589.30052 1268871225.03345 1303351100.88135 1892421719.59782 x 1502323356.65946 1243017306.70289 1291948568.89136 1722517707.09893 1425208729.01241 1907551574.6101 1363067659.94452 1348356419.35053 1770984259.52745 1738473458.4814 1314950676.84322 1243019537.05531 1323195418.77805 x 1429018895.87821 1329295539.19337 1920537234.30797 
1884812162.14259 1453000677.20847 1087618339.10421 1320993792.93631 1643091621.63424 1769245916.02254 1998603759.09985 x x 1754482957.51481 x 1492114295.52118 1290312994.44438 1533460231.62301 1133418085.14438 1404180116.36682 x 1449572979.60281 1369427327.92665 1988630068.56949 1115522067.37601 1749184813.55051 1044518779.64792 1712100150.35565 1561291124.13918 1864389933.47057 1684398853.72359 1161623531.96931 x 1944730096.78669 1370886173.51579 1784581406.33636 1502323356.65946 x 1372535969.68321 1916082404.00605 1633321198.70723 1195380735.718 1870489093.64532 x 1188947851.96129 1465718456.18188 1151391110.26041 1106610710.76277 1958106441.9128 1903275118.22528 1309800493.24058 x 1728595917.012 1975216442.53515 
1306864103.87634 1168458265.05103 1926705965.14914 1053271994.26915 x x 1935011873.25108 1255017527.35911 1747929188.69729 1814757720.19287 1235913541.29339 1477918049.23327 1778434063.2826 1972705374.36898 1481847893.60706 1823285475.24388 1902128021.63564 1685059888.6194 1946464906.75457 1117759897.58439 x 1101845279.45172 1740777868.38573 1121900983.07365 1498731203.99208 1999597850.66541 1087247230.10903 1697767306.98049 1030544546.71858 1968649509.4826 1143507216.79327 x 1243017306.70289 1372535969.68321 x 1129897428.66381 1602437187.41647 1667632836.46743 1600076027.77844 1455309877.05249 1662894462.04219 1258739355.70494 1064826773.31614 1078206592.88068 1421237332.43955 1326928588.28307 1959334205.10882 1116270863.64967 1196671897.36167 1037439012.32459 
1844992363.44579 1201186016.31701 1651477189.80934 x 1306004522.87202 1791951714.30842 1548272442.39717 1691881384.59282 1651332514.64462 1608179373.60732 1534499095.07464 1692326279.89746 1723883444.92273 1701749881.3272 1522547531.86031 1688835475.04779 1241258845.06084 1559295474.42712 1979317261.21205 1040139174.26179 x 1636359726.42879 1761745633.05978 1748236455.64698 1620073960.33324 1529346500.97094 1519679058.68997 1924681573.71543 1351095431.79928 1741650941.02606 1371059957.35636 1998710284.74143 1291948568.89136 1916082404.00605 1129897428.66381 x 1030560973.58547 1469509583.98365 x 1570484391.12892 1182023992.53165 1675662485.416 1930081347.99887 1003543903.79939 1265380354.49295 1661321332.54924 1002890305.20138 1536099121.95596 1418277471.07459 1984964633.87961 
1382705623.85525 1706613643.50966 1962792069.71899 1597959305.55281 1461974683.91973 1110237465.57319 1488250621.55649 1232015297.46707 1666501024.91597 1901001442.37595 1420607748.23212 1897584707.10912 x 1784815959.60756 1986965895.52488 1203439901.5721 1437965677.44512 x 1613478967.99081 1083908441.72943 1239661477.88088 1899275501.51734 1899209516.75587 1434306800.25225 1169062651.95211 1327233336.13148 1294365068.84374 1380766747.53112 1093414100.78602 1178257269.21567 x 1888205812.92532 1722517707.09893 1633321198.70723 1602437187.41647 1030560973.58547 x 1248593960.00457 1765486046.79431 1518660882.88956 1556994777.14364 1207977796.9841 1427818371.94267 1933804118.818 1246681150.83685 1687295014.39702 x 1146155842.90044 1464389414.76203 1360106983.64366 
1659225351.35365 1020122603.23896 1000696448.14813 1719529698.71684 1601044441.08407 1572237564.86345 1773839974.67109 1077378466.8053 1489185059.15163 1467718521.967 1232827787.90847 x 1251932412.54049 1072004899.80907 1029985169.00143 x 1680654820.88481 1074430128.13394 1242497951.9987 1920660292.47482 1543410683.39194 1710572162.89514 1862852596.65688 1039616984.1937 1380614643.69918 1119007355.33241 1605952443.34026 1383812248.23048 x 1304829633.31624 1706424608.49693 1538332902.44613 1425208729.01241 1195380735.718 1667632836.46743 1469509583.98365 1248593960.00457 x 1711558461.42261 1567403900.86156 1060572925.0614 1716538302.96369 x 1794312858.24781 1200646262.99158 1628289291.66559 x 1754498260.49574 1622215015.61349 1060396721.99303 
1925336221.75965 1080171592.72868 x 1154011072.64529 1439070907.15557 1445328889.71837 1212095791.99726 1786493601.43864 1405990765.00101 1338892096.54433 x 1386385147.96979 1100126844.44335 1260833851.13083 1431599460.21588 1160036957.92136 1772180418.64483 1232210335.58971 1096894908.75636 1248462600.00257 1152643965.92063 1692763733.67916 1529328692.41249 1281054351.04727 1431613829.28528 1423853576.02284 1575415021.99977 1752985723.93056 1670804330.05925 1902883382.27713 1611467625.18206 1622892229.71086 1907551574.6101 1870489093.64532 1600076027.77844 x 1765486046.79431 1711558461.42261 x x 1059801206.38165 1233975396.03806 1465454038.74205 1665825215.07516 1014865669.06171 1752478627.398 1382314984.82797 1908943362.78635 1830362593.15692 1204742141.13597 
1877239154.8497 1716374531.99362 1620899989.0951 1495444292.57897 x 1737261872.25711 1122153992.92232 1454086814.0973 1578499051.11374 1634297420.39001 1302025006.6153 1011734324.11097 1862375645.60264 1302348621.8097 1617557842.71862 1698278041.92885 1432355754.48397 1085135196.2645 1450069884.44965 1609178497.9124 1945602492.38339 1468073404.24408 1031009453.08241 1251471094.41917 1817709826.13692 1066119794.44738 1443222991.52846 1042234734.40478 1898833269.17228 1931173745.9209 1000848780.89761 x 1363067659.94452 x 1455309877.05249 1570484391.12892 1518660882.88956 1567403900.86156 x x 1659293456.26249 1563666108.92064 1015015720.48721 1336415147.32697 1628265319.54823 1871051625.23203 1551202711.3718 1817593659.69133 1917628850.25491 1449717916.34187 
1635004569.0214 1513702594.85738 1218951551.7984 1196095158.91227 x 1404513618.29501 1083855187.67332 1724072330.74156 1484045164.37685 1617360554.34222 1867032797.41436 1675609134.03455 1600334576.98543 1243381756.08285 1416474342.28985 1657831103.84868 1147070382.18701 1064714431.19659 1652229325.11096 1517271806.7373 1625562495.59904 1302476054.0172 1555807693.39033 1642305042.05571 1664428564.10346 1544763784.701 1991958681.72683 1139749941.70736 1387033789.96001 1477747966.82239 1197931173.16758 1375242710.13853 1348356419.35053 1188947851.96129 1662894462.04219 1182023992.53165 1556994777.14364 1060572925.0614 1059801206.38165 1659293456.26249 x 1265759778.46674 1231199599.81409 1083465481.60615 1577982815.3062 1154336994.2094 1043338226.70568 1384296979.56994 1910477545.01856 1206953836.91772 
1909644041.59105 1162945711.08282 1651030190.86814 1780432201.13056 1089432233.6116 1566674755.36604 1825404197.49938 1885264359.56799 1641798352.63956 1605644023.95992 1205299424.17536 1440631664.87957 1088296869.77034 1389604649.70436 1238827727.53139 1180416050.50768 1214791700.50947 1773936759.12085 x 1817283685.73618 1079376846.24426 1461390197.65504 1996381837.70364 1744597298.33874 1323573278.74394 1097518150.50281 x 1659653340.3862 1197070975.28073 1174251850.60125 1895250870.07327 1931300810.60811 1770984259.52745 1465718456.18188 1258739355.70494 1675662485.416 1207977796.9841 1716538302.96369 1233975396.03806 1563666108.92064 1265759778.46674 x 1910816547.8758 1293805297.55825 x 1404717100.49795 1286699475.52499 1652544080.56234 x 1313696955.89814 
1060194298.97856 1089155855.61606 1992638969.67267 1284641953.93772 1803342777.71961 1687322564.52141 1109506236.07899 1155542449.73014 1330341898.95021 1576191608.06602 1006006134.59227 x 1744118028.58767 1286502672.32177 1501911462.3852 1968322137.95217 1819913477.16197 1625250550.56932 1945955472.33697 1875969136.20882 1124996491.49443 1199852525.3933 1061795093.22754 1879188811.49289 1379970585.72309 1970072687.28148 1466679056.53455 1050132731.806 1322846650.94172 1888289292.9697 1412447345.48792 1190083094.60239 1738473458.4814 1151391110.26041 1064826773.31614 1930081347.99887 1427818371.94267 x 1465454038.74205 1015015720.48721 1231199599.81409 1910816547.8758 x 1471716570.9183 1835724413.50668 1471365873.37967 x x 1728368849.33811 1799801588.16108 
1746813760.83117 1570097868.06695 1434571632.14572 x 1111941002.28528 1388522867.66081 x 1555032040.35531 1445468004.8279 1171296197.20162 1928386834.74858 1100754366.15218 1997042084.27586 1312196355.9739 1632343439.2054 1502444317.51776 x 1566856436.77952 x 1708255185.98194 1220571261.23586 1410852716.07163 1231111870.04693 1294522830.2815 1236496984.30382 x 1639627650.72789 1620859697.46881 1665008893.21549 1426579827.37619 1300110364.23126 1392112155.77049 1314950676.84322 1106610710.76277 1078206592.88068 1003543903.79939 1933804118.818 1794312858.24781 1665825215.07516 1336415147.32697 1083465481.60615 1293805297.55825 1471716570.9183 x 1056617369.10624 1812513166.98548 1477593327.5054 x 1475731488.9797 1543812311.62641 
1432970212.30188 1677633423.85071 1691581655.52248 x 1494611971.74183 1119153831.0492 1465689442.04322 1344148189.51767 1509083610.67212 1876967163.41765 1515859772.49346 1164674590.1606 1068960964.73487 1508907390.57097 1270637147.00335 1229152905.85102 1843569703.52073 1487076359.27138 1770329016.04813 1652195782.04479 1228619204.96553 x 1714305785.37198 1193406467.5083 1879267222.72305 x 1925226952.64076 1930361221.16741 1878459723.76243 1669400617.96216 1739028360.33033 1367143218.14506 1243019537.05531 1958106441.9128 1421237332.43955 1265380354.49295 1246681150.83685 1200646262.99158 1014865669.06171 1628265319.54823 1577982815.3062 x 1835724413.50668 1056617369.10624 x x 1244099274.12047 1321994812.55674 1524754865.21514 1700387678.93939 
1003001831.88069 1041624062.51413 1621368656.87301 1057792617.40527 1996761053.22754 1113739621.18684 1760144098.10133 1996137893.48384 1329669866.38156 x 1424941958.87288 x x 1689101701.48808 1874849080.14191 1390631317.50922 1616021665.42846 x 1685797447.49802 1159763325.99369 1152713658.97271 1519233404.19128 1068457760.82683 x 1030949300.08876 1584606123.87974 1802518433.62372 1160484929.05966 1121301387.69248 x 1115734478.90756 1619870340.40475 1323195418.77805 1903275118.22528 1326928588.28307 1661321332.54924 1687295014.39702 1628289291.66559 1752478627.398 1871051625.23203 1154336994.2094 1404717100.49795 1471365873.37967 1812513166.98548 x x 1720112955.58719 1058550320.49088 1744821349.94421 1165985344.37476 
1539470694.32137 1730126665.53653 1087482005.84481 1104412868.5868 x 1844256805.80256 1020837516.05152 x 1749124642.09973 1955586038.63101 1219671548.0169 1668308872.23268 1422601759.143 1260765938.37251 1396328128.81046 1970350021.61998 1172383292.39508 1409800731.31177 1191980636.81586 1962868953.88771 1205280075.17407 1963271560.38607 1075777831.56523 1681642154.89919 1765241579.52475 1542701303.2023 x x 1130191726.28709 1092879969.94295 x 1904835515.28449 x 1309800493.24058 1959334205.10882 1002890305.20138 x x 1382314984.82797 1551202711.3718 1043338226.70568 1286699475.52499 x 1477593327.5054 1244099274.12047 1720112955.58719 x 1356068307.10257 1558783080.58747 x 
1075726920.90453 x x 1251640940.72324 1722884391.82434 1570767759.74159 1881371471.89432 1507002693.48633 1592713382.68432 1065861907.61452 1285675866.06057 1241181932.06822 x 1311612404.87351 1555832298.5979 1942790278.29669 1930271133.76151 1190859406.25163 1319588758.72225 1003271787.96477 1955685593.90157 1648218797.89229 1304593326.58165 x 1789456861.62414 1501542466.30963 1108348854.34374 1946718890.45352 1599332861.12073 1798152754.08934 1939469829.17611 1061202035.71994 1429018895.87821 x 1116270863.64967 1536099121.95596 1146155842.90044 1754498260.49574 1908943362.78635 1817593659.69133 1384296979.56994 1652544080.56234 x x 1321994812.55674 1058550320.49088 1356068307.10257 x 1917004090.54771 1556909550.73691 
1991326521.52997 x 1958931290.79884 x x 1410149303.4717 1730681005.22431 1777479940.34224 1714945578.26415 1774545869.04766 1612438654.1784 1653476144.26276 1364914132.94779 1230831038.77069 1612936646.9477 1874354337.56098 1200267629.86401 1459116502.65487 1975959403.4135 1449299331.25692 1965869972.52882 x 1609742480.46515 x 1625006953.40747 1862378709.608 1929038343.22082 x 1894915658.002 1609744789.08473 1036138278.99016 1988409966.88933 1329295539.19337 1728595917.012 1196671897.36167 1418277471.07459 1464389414.76203 1622215015.61349 1830362593.15692 1917628850.25491 1910477545.01856 x 1728368849.33811 1475731488.9797 1524754865.21514 1744821349.94421 1558783080.58747 1917004090.54771 x 1772793222.83191 
1356095195.96617 1691284390.52222 1389548447.93853 1329493922.00219 1574301729.63005 1893270276.76944 x 1449644538.38041 1167998330.42222 1266700901.30512 x 1277626544.29213 1770217852.10302 1168362064.01986 1208458495.11547 1639470668.39643 1161802048.07015 1530079130.30917 1419212480.86147 1676115508.7293 1128763980.25133 1368529232.4489 x 1314989453.20384 1447278086.98352 1059742209.58238 1079012525.93481 x 1384404762.13792 1777992082.61677 1238695037.40458 1936495604.62843 1920537234.30797 1975216442.53515 1037439012.32459 1984964633.87961 1360106983.64366 1060396721.99303 1204742141.13597 1449717916.34187 1206953836.91772 1313696955.89814 1799801588.16108 1543812311.62641 1700387678.93939 1165985344.37476 x 1556909550.73691 1772793222.83191 x 
