100
50
loc0 loc1 loc2 loc3 loc4 loc5 loc6 loc7 loc8 loc9 loc10 loc11 loc12 loc13 loc14 loc15 loc16 loc17 loc18 loc19 loc20 loc21 loc22 loc23 loc24 loc25 loc26 loc27 loc28 loc29 loc30 loc31 loc32 loc33 loc34 loc35 loc36 loc37 loc38 loc39 loc40 loc41 loc42 loc43 loc44 loc45 loc46 loc47 loc48 loc49 loc50 loc51 loc52 loc53 loc54 loc55 loc56 loc57 loc58 loc59 loc60 loc61 loc62 loc63 loc64 loc65 loc66 loc67 loc68 loc69 loc70 loc71 loc72 loc73 loc74 loc75 loc76 loc77 loc78 loc79 loc80 loc81 loc82 loc83 loc84 loc85 loc86 loc87 loc88 loc89 loc90 loc91 loc92 loc93 loc94 loc95 loc96 loc97 loc98 loc99
loc6 loc7 loc9 loc10 loc13 loc14 loc16 loc17 loc21 loc22 loc24 loc25 loc28 loc29 loc31 loc32 loc37 loc38 loc40 loc41 loc44 loc45 loc47 loc48 loc52 loc53 loc55 loc56 loc59 loc60 loc62 loc63 loc69 loc70 loc72 loc73 loc76 loc77 loc80 loc81 loc83 loc84 loc88 loc89 loc91 loc92 loc95 loc96 loc98 loc99
loc0
x 1 2 3 4 5 6 6 5 6 6 4 5 6 6 5 6 6 3 4 5 6 6 5 6 6 4 5 6 6 5 6 6 2 3 4 5 6 6 5 6 6 4 5 6 6 5 6 6 3 4 5 6 6 5 6 6 4 5 6 6 5 6 6 1 2 3 4 5 6 6 5 6 6 4 5 6 5 3 4 5 5 4 5 5 2 3 4 5 5 4 5 5 3 4 5 5 4 5 5
1 x 1 2 3 4 5 5 4 5 5 3 4 5 5 4 5 5 2 3 4 5 5 4 5 5 3 4 5 5 4 5 5 1 2 3 4 5 5 4 5 5 3 4 5 5 4 5 5 2 3 4 5 5 4 5 5 3 4 5 5 4 5 5 2 3 4 5 6 7 7 6 7 7 5 6 7 6 4 5 6 6 5 6 6 3 4 5 6 6 5 6 6 4 5 6 6 5 6 6
2 1 x 1 2 3 4 4 3 4 4 2 3 4 4 3 4 4 1 2 3 4 4 3 4 4 2 3 4 4 3 4 4 2 3 4 5 6 6 5 6 6 4 5 6 6 5 6 6 3 4 5 6 6 5 6 6 4 5 6 6 5 6 6 3 4 5 6 7 8 8 7 8 8 6 7 8 7 5 6 7 7 6 7 7 4 5 6 7 7 6 7 7 5 6 7 7 6 7 7
3 2 1 x 1 2 3 3 2 3 3 1 2 3 3 2 3 3 2 3 4 5 5 4 5 5 3 4 5 5 4 5 5 3 4 5 6 7 7 6 7 7 5 6 7 7 6 7 7 4 5 6 7 7 6 7 7 5 6 7 7 6 7 7 4 5 6 7 8 9 9 8 9 9 7 8 9 8 6 7 8 8 7 8 8 5 6 7 8 8 7 8 8 6 7 8 8 7 8 8
4 3 2 1 x 1 2 2 1 2 2 2 3 4 4 3 4 4 3 4 5 6 6 5 6 6 4 5 6 6 5 6 6 4 5 6 7 8 8 7 8 8 6 7 8 8 7 8 8 5 6 7 8 8 7 8 8 6 7 8 8 7 8 8 5 6 7 8 9 10 10 9 10 10 8 9 10 9 7 8 9 9 8 9 9 6 7 8 9 9 8 9 9 7 8 9 9 8 9 9
5 4 3 2 1 x 1 1 2 3 3 3 4 5 5 4 5 5 4 5 6 7 7 6 7 7 5 6 7 7 6 7 7 5 6 7 8 9 9 8 9 9 7 8 9 9 8 9 9 6 7 8 9 9 8 9 9 7 8 9 9 8 9 9 6 7 8 9 10 11 11 10 11 11 9 10 11 10 8 9 10 10 9 10 10 7 8 9 10 10 9 10 10 8 9 10 10 9 10 10
6 5 4 3 2 1 x 2 3 4 4 4 5 6 6 5 6 6 5 6 7 8 8 7 8 8 6 7 8 8 7 8 8 6 7 8 9 10 10 9 10 10 8 9 10 10 9 10 10 7 8 9 10 10 9 10 10 8 9 10 10 9 10 10 7 8 9 10 11 12 12 11 12 12 10 11 12 11 9 10 11 11 10 11 11 8 9 10 11 11 10 11 11 9 10 11 11 10 11 11
6 5 4 3 2 1 2 x 3 4 4 4 5 6 6 5 6 6 5 6 7 8 8 7 8 8 6 7 8 8 7 8 8 6 7 8 9 10 10 9 10 10 8 9 10 10 9 10 10 7 8 9 10 10 9 10 10 8 9 10 10 9 10 10 7 8 9 10 11 12 12 11 12 12 10 11 12 11 9 10 11 11 10 11 11 8 9 10 11 11 10 11 11 9 10 11 11 10 11 11
5 4 3 2 1 2 3 3 x 1 1 3 4 5 5 4 5 5 4 5 6 7 7 6 7 7 5 6 7 7 6 7 7 5 6 7 8 9 9 8 9 9 7 8 9 9 8 9 9 6 7 8 9 9 8 9 9 7 8 9 9 8 9 9 6 7 8 9 10 11 11 10 11 11 9 10 11 10 8 9 10 10 9 10 10 7 8 9 10 10 9 10 10 8 9 10 10 9 10 10
6 5 4 3 2 3 4 4 1 x 2 4 5 6 6 5 6 6 5 6 7 8 8 7 8 8 6 7 8 8 7 8 8 6 7 8 9 10 10 9 10 10 8 9 10 10 9 10 10 7 8 9 10 10 9 10 10 8 9 10 10 9 10 10 7 8 9 10 11 12 12 11 12 12 10 11 12 11 9 10 11 11 10 11 11 8 9 10 11 11 10 11 11 9 10 11 11 10 11 11
6 5 4 3 2 3 4 4 1 2 x 4 5 6 6 5 6 6 5 6 7 8 8 7 8 8 6 7 8 8 7 8 8 6 7 8 9 10 10 9 10 10 8 9 10 10 9 10 10 7 8 9 10 10 9 10 10 8 9 10 10 9 10 10 7 8 9 10 11 12 12 11 12 12 10 11 12 11 9 10 11 11 10 11 11 8 9 10 11 11 10 11 11 9 10 11 11 10 11 11
4 3 2 1 2 3 4 4 3 4 4 x 1 2 2 1 2 2 3 4 5 6 6 5 6 6 4 5 6 6 5 6 6 4 5 6 7 8 8 7 8 8 6 7 8 8 7 8 8 5 6 7 8 8 7 8 8 6 7 8 8 7 8 8 5 6 7 8 9 10 10 9 10 10 8 9 10 9 7 8 9 9 8 9 9 6 7 8 9 9 8 9 9 7 8 9 9 8 9 9
5 4 3 2 3 4 5 5 4 5 5 1 x 1 1 2 3 3 4 5 6 7 7 6 7 7 5 6 7 7 6 7 7 5 6 7 8 9 9 8 9 9 7 8 9 9 8 9 9 6 7 8 9 9 8 9 9 7 8 9 9 8 9 9 6 7 8 9 10 11 11 10 11 11 9 10 11 10 8 9 10 10 9 10 10 7 8 9 10 10 9 10 10 8 9 10 10 9 10 10
6 5 4 3 4 5 6 6 5 6 6 2 1 x 2 3 4 4 5 6 7 8 8 7 8 8 6 7 8 8 7 8 8 6 7 8 9 10 10 9 10 10 8 9 10 10 9 10 10 7 8 9 10 10 9 10 10 8 9 10 10 9 10 10 7 8 9 10 11 12 12 11 12 12 10 11 12 11 9 10 11 11 10 11 11 8 9 10 11 11 10 11 11 9 10 11 11 10 11 11
6 5 4 3 4 5 6 6 5 6 6 2 1 2 x 3 4 4 5 6 7 8 8 7 8 8 6 7 8 8 7 8 8 6 7 8 9 10 10 9 10 10 8 9 10 10 9 10 10 7 8 9 10 10 9 10 10 8 9 10 10 9 10 10 7 8 9 10 11 12 12 11 12 12 10 11 12 11 9 10 11 11 10 11 11 8 9 10 11 11 10 11 11 9 10 11 11 10 11 11
5 4 3 2 3 4 5 5 4 5 5 1 2 3 3 x 1 1 4 5 6 7 7 6 7 7 5 6 7 7 6 7 7 5 6 7 8 9 9 8 9 9 7 8 9 9 8 9 9 6 7 8 9 9 8 9 9 7 8 9 9 8 9 9 6 7 8 9 10 11 11 10 11 11 9 10 11 10 8 9 10 10 9 10 10 7 8 9 10 10 9 10 10 8 9 10 10 9 10 10
6 5 4 3 4 5 6 6 5 6 6 2 3 4 4 1 x 2 5 6 7 8 8 7 8 8 6 7 8 8 7 8 8 6 7 8 9 10 10 9 10 10 8 9 10 10 9 10 10 7 8 9 10 10 9 10 10 8 9 10 10 9 10 10 7 8 9 10 11 12 12 11 12 12 10 11 12 11 9 10 11 11 10 11 11 8 9 10 11 11 10 11 11 9 10 11 11 10 11 11
6 5 4 3 4 5 6 6 5 6 6 2 3 4 4 1 2 x 5 6 7 8 8 7 8 8 6 7 8 8 7 8 8 6 7 8 9 10 10 9 10 10 8 9 10 10 9 10 10 7 8 9 10 10 9 10 10 8 9 10 10 9 10 10 7 8 9 10 11 12 12 11 12 12 10 11 12 11 9 10 11 11 10 11 11 8 9 10 11 11 10 11 11 9 10 11 11 10 11 11
3 2 1 2 3 4 5 5 4 5 5 3 4 5 5 4 5 5 x 1 2 3 3 2 3 3 1 2 3 3 2 3 3 3 4 5 6 7 7 6 7 7 5 6 7 7 6 7 7 4 5 6 7 7 6 7 7 5 6 7 7 6 7 7 4 5 6 7 8 9 9 8 9 9 7 8 9 8 6 7 8 8 7 8 8 5 6 7 8 8 7 8 8 6 7 8 8 7 8 8
4 3 2 3 4 5 6 6 5 6 6 4 5 6 6 5 6 6 1 x 1 2 2 1 2 2 2 3 4 4 3 4 4 4 5 6 7 8 8 7 8 8 6 7 8 8 7 8 8 5 6 7 8 8 7 8 8 6 7 8 8 7 8 8 5 6 7 8 9 10 10 9 10 10 8 9 10 9 7 8 9 9 8 9 9 6 7 8 9 9 8 9 9 7 8 9 9 8 9 9
5 4 3 4 5 6 7 7 6 7 7 5 6 7 7 6 7 7 2 1 x 1 1 2 3 3 3 4 5 5 4 5 5 5 6 7 8 9 9 8 9 9 7 8 9 9 8 9 9 6 7 8 9 9 8 9 9 7 8 9 9 8 9 9 6 7 8 9 10 11 11 10 11 11 9 10 11 10 8 9 10 10 9 10 10 7 8 9 10 10 9 10 10 8 9 10 10 9 10 10
6 5 4 5 6 7 8 8 7 8 8 6 7 8 8 7 8 8 3 2 1 x 2 3 4 4 4 5 6 6 5 6 6 6 7 8 9 10 10 9 10 10 8 9 10 10 9 10 10 7 8 9 10 10 9 10 10 8 9 10 10 9 10 10 7 8 9 10 11 12 12 11 12 12 10 11 12 11 9 10 11 11 10 11 11 8 9 10 11 11 10 11 11 9 10 11 11 10 11 11
6 5 4 5 6 7 8 8 7 8 8 6 7 8 8 7 8 8 3 2 1 2 x 3 4 4 4 5 6 6 5 6 6 6 7 8 9 10 10 9 10 10 8 9 10 10 9 10 10 7 8 9 10 10 9 10 10 8 9 10 10 9 10 10 7 8 9 10 11 12 12 11 12 12 10 11 12 11 9 10 11 11 10 11 11 8 9 10 11 11 10 11 11 9 10 11 11 10 11 11
5 4 3 4 5 6 7 7 6 7 7 5 6 7 7 6 7 7 2 1 2 3 3 x 1 1 3 4 5 5 4 5 5 5 6 7 8 9 9 8 9 9 7 8 9 9 8 9 9 6 7 8 9 9 8 9 9 7 8 9 9 8 9 9 6 7 8 9 10 11 11 10 11 11 9 10 11 10 8 9 10 10 9 10 10 7 8 9 10 10 9 10 10 8 9 10 10 9 10 10
6 5 4 5 6 7 8 8 7 8 8 6 7 8 8 7 8 8 3 2 3 4 4 1 x 2 4 5 6 6 5 6 6 6 7 8 9 10 10 9 10 10 8 9 10 10 9 10 10 7 8 9 10 10 9 10 10 8 9 10 10 9 10 10 7 8 9 10 11 12 12 11 12 12 10 11 12 11 9 10 11 11 10 11 11 8 9 10 11 11 10 11 11 9 10 11 11 10 11 11
6 5 4 5 6 7 8 8 7 8 8 6 7 8 8 7 8 8 3 2 3 4 4 1 2 x 4 5 6 6 5 6 6 6 7 8 9 10 10 9 10 10 8 9 10 10 9 10 10 7 8 9 10 10 9 10 10 8 9 10 10 9 10 10 7 8 9 10 11 12 12 11 12 12 10 11 12 11 9 10 11 11 10 11 11 8 9 10 11 11 10 11 11 9 10 11 11 10 11 11
4 3 2 3 4 5 6 6 5 6 6 4 5 6 6 5 6 6 1 2 3 4 4 3 4 4 x 1 2 2 1 2 2 4 5 6 7 8 8 7 8 8 6 7 8 8 7 8 8 5 6 7 8 8 7 8 8 6 7 8 8 7 8 8 5 6 7 8 9 10 10 9 10 10 8 9 10 9 7 8 9 9 8 9 9 6 7 8 9 9 8 9 9 7 8 9 9 8 9 9
5 4 3 4 5 6 7 7 6 7 7 5 6 7 7 6 7 7 2 3 4 5 5 4 5 5 1 x 1 1 2 3 3 5 6 7 8 9 9 8 9 9 7 8 9 9 8 9 9 6 7 8 9 9 8 9 9 7 8 9 9 8 9 9 6 7 8 9 10 11 11 10 11 11 9 10 11 10 8 9 10 10 9 10 10 7 8 9 10 10 9 10 10 8 9 10 10 9 10 10
6 5 4 5 6 7 8 8 7 8 8 6 7 8 8 7 8 8 3 4 5 6 6 5 6 6 2 1 x 2 3 4 4 6 7 8 9 10 10 9 10 10 8 9 10 10 9 10 10 7 8 9 10 10 9 10 10 8 9 10 10 9 10 10 7 8 9 10 11 12 12 11 12 12 10 11 12 11 9 10 11 11 10 11 11 8 9 10 11 11 10 11 11 9 10 11 11 10 11 11
6 5 4 5 6 7 8 8 7 8 8 6 7 8 8 7 8 8 3 4 5 6 6 5 6 6 2 1 2 x 3 4 4 6 7 8 9 10 10 9 10 10 8 9 10 10 9 10 10 7 8 9 10 10 9 10 10 8 9 10 10 9 10 10 7 8 9 10 11 12 12 11 12 12 10 11 12 11 9 10 11 11 10 11 11 8 9 10 11 11 10 11 11 9 10 11 11 10 11 11
5 4 3 4 5 6 7 7 6 7 7 5 6 7 7 6 7 7 2 3 4 5 5 4 5 5 1 2 3 3 x 1 1 5 6 7 8 9 9 8 9 9 7 8 9 9 8 9 9 6 7 8 9 9 8 9 9 7 8 9 9 8 9 9 6 7 8 9 10 11 11 10 11 11 9 10 11 10 8 9 10 10 9 10 10 7 8 9 10 10 9 10 10 8 9 10 10 9 10 10
6 5 4 5 6 7 8 8 7 8 8 6 7 8 8 7 8 8 3 4 5 6 6 5 6 6 2 3 4 4 1 x 2 6 7 8 9 10 10 9 10 10 8 9 10 10 9 10 10 7 8 9 10 10 9 10 10 8 9 10 10 9 10 10 7 8 9 10 11 12 12 11 12 12 10 11 12 11 9 10 11 11 10 11 11 8 9 10 11 11 10 11 11 9 10 11 11 10 11 11
6 5 4 5 6 7 8 8 7 8 8 6 7 8 8 7 8 8 3 4 5 6 6 5 6 6 2 3 4 4 1 2 x 6 7 8 9 10 10 9 10 10 8 9 10 10 9 10 10 7 8 9 10 10 9 10 10 8 9 10 10 9 10 10 7 8 9 10 11 12 12 11 12 12 10 11 12 11 9 10 11 11 10 11 11 8 9 10 11 11 10 11 11 9 10 11 11 10 11 11
2 1 2 3 4 5 6 6 5 6 6 4 5 6 6 5 6 6 3 4 5 6 6 5 6 6 4 5 6 6 5 6 6 x 1 2 3 4 4 3 4 4 2 3 4 4 3 4 4 1 2 3 4 4 3 4 4 2 3 4 4 3 4 4 3 4 5 6 7 8 8 7 8 8 6 7 8 7 5 6 7 7 6 7 7 4 5 6 7 7 6 7 7 5 6 7 7 6 7 7
3 2 3 4 5 6 7 7 6 7 7 5 6 7 7 6 7 7 4 5 6 7 7 6 7 7 5 6 7 7 6 7 7 1 x 1 2 3 3 2 3 3 1 2 3 3 2 3 3 2 3 4 5 5 4 5 5 3 4 5 5 4 5 5 4 5 6 7 8 9 9 8 9 9 7 8 9 8 6 7 8 8 7 8 8 5 6 7 8 8 7 8 8 6 7 8 8 7 8 8
4 3 4 5 6 7 8 8 7 8 8 6 7 8 8 7 8 8 5 6 7 8 8 7 8 8 6 7 8 8 7 8 8 2 1 x 1 2 2 1 2 2 2 3 4 4 3 4 4 3 4 5 6 6 5 6 6 4 5 6 6 5 6 6 5 6 7 8 9 10 10 9 10 10 8 9 10 9 7 8 9 9 8 9 9 6 7 8 9 9 8 9 9 7 8 9 9 8 9 9
5 4 5 6 7 8 9 9 8 9 9 7 8 9 9 8 9 9 6 7 8 9 9 8 9 9 7 8 9 9 8 9 9 3 2 1 x 1 1 2 3 3 3 4 5 5 4 5 5 4 5 6 7 7 6 7 7 5 6 7 7 6 7 7 6 7 8 9 10 11 11 10 11 11 9 10 11 10 8 9 10 10 9 10 10 7 8 9 10 10 9 10 10 8 9 10 10 9 10 10
6 5 6 7 8 9 10 10 9 10 10 8 9 10 10 9 10 10 7 8 9 10 10 9 10 10 8 9 10 10 9 10 10 4 3 2 1 x 2 3 4 4 4 5 6 6 5 6 6 5 6 7 8 8 7 8 8 6 7 8 8 7 8 8 7 8 9 10 11 12 12 11 12 12 10 11 12 11 9 10 11 11 10 11 11 8 9 10 11 11 10 11 11 9 10 11 11 10 11 11
6 5 6 7 8 9 10 10 9 10 10 8 9 10 10 9 10 10 7 8 9 10 10 9 10 10 8 9 10 10 9 10 10 4 3 2 1 2 x 3 4 4 4 5 6 6 5 6 6 5 6 7 8 8 7 8 8 6 7 8 8 7 8 8 7 8 9 10 11 12 12 11 12 12 10 11 12 11 9 10 11 11 10 11 11 8 9 10 11 11 10 11 11 9 10 11 11 10 11 11
5 4 5 6 7 8 9 9 8 9 9 7 8 9 9 8 9 9 6 7 8 9 9 8 9 9 7 8 9 9 8 9 9 3 2 1 2 3 3 x 1 1 3 4 5 5 4 5 5 4 5 6 7 7 6 7 7 5 6 7 7 6 7 7 6 7 8 9 10 11 11 10 11 11 9 10 11 10 8 9 10 10 9 10 10 7 8 9 10 10 9 10 10 8 9 10 10 9 10 10
6 5 6 7 8 9 10 10 9 10 10 8 9 10 10 9 10 10 7 8 9 10 10 9 10 10 8 9 10 10 9 10 10 4 3 2 3 4 4 1 x 2 4 5 6 6 5 6 6 5 6 7 8 8 7 8 8 6 7 8 8 7 8 8 7 8 9 10 11 12 12 11 12 12 10 11 12 11 9 10 11 11 10 11 11 8 9 10 11 11 10 11 11 9 10 11 11 10 11 11
6 5 6 7 8 9 10 10 9 10 10 8 9 10 10 9 10 10 7 8 9 10 10 9 10 10 8 9 10 10 9 10 10 4 3 2 3 4 4 1 2 x 4 5 6 6 5 6 6 5 6 7 8 8 7 8 8 6 7 8 8 7 8 8 7 8 9 10 11 12 12 11 12 12 10 11 12 11 9 10 11 11 10 11 11 8 9 10 11 11 10 11 11 9 10 11 11 10 11 11
4 3 4 5 6 7 8 8 7 8 8 6 7 8 8 7 8 8 5 6 7 8 8 7 8 8 6 7 8 8 7 8 8 2 1 2 3 4 4 3 4 4 x 1 2 2 1 2 2 3 4 5 6 6 5 6 6 4 5 6 6 5 6 6 5 6 7 8 9 10 10 9 10 10 8 9 10 9 7 8 9 9 8 9 9 6 7 8 9 9 8 9 9 7 8 9 9 8 9 9
5 4 5 6 7 8 9 9 8 9 9 7 8 9 9 8 9 9 6 7 8 9 9 8 9 9 7 8 9 9 8 9 9 3 2 3 4 5 5 4 5 5 1 x 1 1 2 3 3 4 5 6 7 7 6 7 7 5 6 7 7 6 7 7 6 7 8 9 10 11 11 10 11 11 9 10 11 10 8 9 10 10 9 10 10 7 8 9 10 10 9 10 10 8 9 10 10 9 10 10
6 5 6 7 8 9 10 10 9 10 10 8 9 10 10 9 10 10 7 8 9 10 10 9 10 10 8 9 10 10 9 10 10 4 3 4 5 6 6 5 6 6 2 1 x 2 3 4 4 5 6 7 8 8 7 8 8 6 7 8 8 7 8 8 7 8 9 10 11 12 12 11 12 12 10 11 12 11 9 10 11 11 10 11 11 8 9 10 11 11 10 11 11 9 10 11 11 10 11 11
6 5 6 7 8 9 10 10 9 10 10 8 9 10 10 9 10 10 7 8 9 10 10 9 10 10 8 9 10 10 9 10 10 4 3 4 5 6 6 5 6 6 2 1 2 x 3 4 4 5 6 7 8 8 7 8 8 6 7 8 8 7 8 8 7 8 9 10 11 12 12 11 12 12 10 11 12 11 9 10 11 11 10 11 11 8 9 10 11 11 10 11 11 9 10 11 11 10 11 11
5 4 5 6 7 8 9 9 8 9 9 7 8 9 9 8 9 9 6 7 8 9 9 8 9 9 7 8 9 9 8 9 9 3 2 3 4 5 5 4 5 5 1 2 3 3 x 1 1 4 5 6 7 7 6 7 7 5 6 7 7 6 7 7 6 7 8 9 10 11 11 10 11 11 9 10 11 10 8 9 10 10 9 10 10 7 8 9 10 10 9 10 10 8 9 10 10 9 10 10
6 5 6 7 8 9 10 10 9 10 10 8 9 10 10 9 10 10 7 8 9 10 10 9 10 10 8 9 10 10 9 10 10 4 3 4 5 6 6 5 6 6 2 3 4 4 1 x 2 5 6 7 8 8 7 8 8 6 7 8 8 7 8 8 7 8 9 10 11 12 12 11 12 12 10 11 12 11 9 10 11 11 10 11 11 8 9 10 11 11 10 11 11 9 10 11 11 10 11 11
6 5 6 7 8 9 10 10 9 10 10 8 9 10 10 9 10 10 7 8 9 10 10 9 10 10 8 9 10 10 9 10 10 4 3 4 5 6 6 5 6 6 2 3 4 4 1 2 x 5 6 7 8 8 7 8 8 6 7 8 8 7 8 8 7 8 9 10 11 12 12 11 12 12 10 11 12 11 9 10 11 11 10 11 11 8 9 10 11 11 10 11 11 9 10 11 11 10 11 11
3 2 3 4 5 6 7 7 6 7 7 5 6 7 7 6 7 7 4 5 6 7 7 6 7 7 5 6 7 7 6 7 7 1 2 3 4 5 5 4 5 5 3 4 5 5 4 5 5 x 1 2 3 3 2 3 3 1 2 3 3 2 3 3 4 5 6 7 8 9 9 8 9 9 7 8 9 8 6 7 8 8 7 8 8 5 6 7 8 8 7 8 8 6 7 8 8 7 8 8
4 3 4 5 6 7 8 8 7 8 8 6 7 8 8 7 8 8 5 6 7 8 8 7 8 8 6 7 8 8 7 8 8 2 3 4 5 6 6 5 6 6 4 5 6 6 5 6 6 1 x 1 2 2 1 2 2 2 3 4 4 3 4 4 5 6 7 8 9 10 10 9 10 10 8 9 10 9 7 8 9 9 8 9 9 6 7 8 9 9 8 9 9 7 8 9 9 8 9 9
5 4 5 6 7 8 9 9 8 9 9 7 8 9 9 8 9 9 6 7 8 9 9 8 9 9 7 8 9 9 8 9 9 3 4 5 6 7 7 6 7 7 5 6 7 7 6 7 7 2 1 x 1 1 2 3 3 3 4 5 5 4 5 5 6 7 8 9 10 11 11 10 11 11 9 10 11 10 8 9 10 10 9 10 10 7 8 9 10 10 9 10 10 8 9 10 10 9 10 10
6 5 6 7 8 9 10 10 9 10 10 8 9 10 10 9 10 10 7 8 9 10 10 9 10 10 8 9 10 10 9 10 10 4 5 6 7 8 8 7 8 8 6 7 8 8 7 8 8 3 2 1 x 2 3 4 4 4 5 6 6 5 6 6 7 8 9 10 11 12 12 11 12 12 10 11 12 11 9 10 11 11 10 11 11 8 9 10 11 11 10 11 11 9 10 11 11 10 11 11
6 5 6 7 8 9 10 10 9 10 10 8 9 10 10 9 10 10 7 8 9 10 10 9 10 10 8 9 10 10 9 10 10 4 5 6 7 8 8 7 8 8 6 7 8 8 7 8 8 3 2 1 2 x 3 4 4 4 5 6 6 5 6 6 7 8 9 10 11 12 12 11 12 12 10 11 12 11 9 10 11 11 10 11 11 8 9 10 11 11 10 11 11 9 10 11 11 10 11 11
5 4 5 6 7 8 9 9 8 9 9 7 8 9 9 8 9 9 6 7 8 9 9 8 9 9 7 8 9 9 8 9 9 3 4 5 6 7 7 6 7 7 5 6 7 7 6 7 7 2 1 2 3 3 x 1 1 3 4 5 5 4 5 5 6 7 8 9 10 11 11 10 11 11 9 10 11 10 8 9 10 10 9 10 10 7 8 9 10 10 9 10 10 8 9 10 10 9 10 10
6 5 6 7 8 9 10 10 9 10 10 8 9 10 10 9 10 10 7 8 9 10 10 9 10 10 8 9 10 10 9 10 10 4 5 6 7 8 8 7 8 8 6 7 8 8 7 8 8 3 2 3 4 4 1 x 2 4 5 6 6 5 6 6 7 8 9 10 11 12 12 11 12 12 10 11 12 11 9 10 11 11 10 11 11 8 9 10 11 11 10 11 11 9 10 11 11 10 11 11
6 5 6 7 8 9 10 10 9 10 10 8 9 10 10 9 10 10 7 8 9 10 10 9 10 10 8 9 10 10 9 10 10 4 5 6 7 8 8 7 8 8 6 7 8 8 7 8 8 3 2 3 4 4 1 2 x 4 5 6 6 5 6 6 7 8 9 10 11 12 12 11 12 12 10 11 12 11 9 10 11 11 10 11 11 8 9 10 11 11 10 11 11 9 10 11 11 10 11 11
4 3 4 5 6 7 8 8 7 8 8 6 7 8 8 7 8 8 5 6 7 8 8 7 8 8 6 7 8 8 7 8 8 2 3 4 5 6 6 5 6 6 4 5 6 6 5 6 6 1 2 3 4 4 3 4 4 x 1 2 2 1 2 2 5 6 7 8 9 10 10 9 10 10 8 9 10 9 7 8 9 9 8 9 9 6 7 8 9 9 8 9 9 7 8 9 9 8 9 9
5 4 5 6 7 8 9 9 8 9 9 7 8 9 9 8 9 9 6 7 8 9 9 8 9 9 7 8 9 9 8 9 9 3 4 5 6 7 7 6 7 7 5 6 7 7 6 7 7 2 3 4 5 5 4 5 5 1 x 1 1 2 3 3 6 7 8 9 10 11 11 10 11 11 9 10 11 10 8 9 10 10 9 10 10 7 8 9 10 10 9 10 10 8 9 10 10 9 10 10
6 5 6 7 8 9 10 10 9 10 10 8 9 10 10 9 10 10 7 8 9 10 10 9 10 10 8 9 10 10 9 10 10 4 5 6 7 8 8 7 8 8 6 7 8 8 7 8 8 3 4 5 6 6 5 6 6 2 1 x 2 3 4 4 7 8 9 10 11 12 12 11 12 12 10 11 12 11 9 10 11 11 10 11 11 8 9 10 11 11 10 11 11 9 10 11 11 10 11 11
6 5 6 7 8 9 10 10 9 10 10 8 9 10 10 9 10 10 7 8 9 10 10 9 10 10 8 9 10 10 9 10 10 4 5 6 7 8 8 7 8 8 6 7 8 8 7 8 8 3 4 5 6 6 5 6 6 2 1 2 x 3 4 4 7 8 9 10 11 12 12 11 12 12 10 11 12 11 9 10 11 11 10 11 11 8 9 10 11 11 10 11 11 9 10 11 11 10 11 11
5 4 5 6 7 8 9 9 8 9 9 7 8 9 9 8 9 9 6 7 8 9 9 8 9 9 7 8 9 9 8 9 9 3 4 5 6 7 7 6 7 7 5 6 7 7 6 7 7 2 3 4 5 5 4 5 5 1 2 3 3 x 1 1 6 7 8 9 10 11 11 10 11 11 9 10 11 10 8 9 10 10 9 10 10 7 8 9 10 10 9 10 10 8 9 10 10 9 10 10
6 5 6 7 8 9 10 10 9 10 10 8 9 10 10 9 10 10 7 8 9 10 10 9 10 10 8 9 10 10 9 10 10 4 5 6 7 8 8 7 8 8 6 7 8 8 7 8 8 3 4 5 6 6 5 6 6 2 3 4 4 1 x 2 7 8 9 10 11 12 12 11 12 12 10 11 12 11 9 10 11 11 10 11 11 8 9 10 11 11 10 11 11 9 10 11 11 10 11 11
6 5 6 7 8 9 10 10 9 10 10 8 9 10 10 9 10 10 7 8 9 10 10 9 10 10 8 9 10 10 9 10 10 4 5 6 7 8 8 7 8 8 6 7 8 8 7 8 8 3 4 5 6 6 5 6 6 2 3 4 4 1 2 x 7 8 9 10 11 12 12 11 12 12 10 11 12 11 9 10 11 11 10 11 11 8 9 10 11 11 10 11 11 9 10 11 11 10 11 11
1 2 3 4 5 6 7 7 6 7 7 5 6 7 7 6 7 7 4 5 6 7 7 6 7 7 5 6 7 7 6 7 7 3 4 5 6 7 7 6 7 7 5 6 7 7 6 7 7 4 5 6 7 7 6 7 7 5 6 7 7 6 7 7 x 1 2 3 4 5 5 4 5 5 3 4 5 4 2 3 4 4 3 4 4 1 2 3 4 4 3 4 4 2 3 4 4 3 4 4
2 3 4 5 6 7 8 8 7 8 8 6 7 8 8 7 8 8 5 6 7 8 8 7 8 8 6 7 8 8 7 8 8 4 5 6 7 8 8 7 8 8 6 7 8 8 7 8 8 5 6 7 8 8 7 8 8 6 7 8 8 7 8 8 1 x 1 2 3 4 4 3 4 4 2 3 4 3 1 2 3 3 2 3 3 2 3 4 5 5 4 5 5 3 4 5 5 4 5 5
3 4 5 6 7 8 9 9 8 9 9 7 8 9 9 8 9 9 6 7 8 9 9 8 9 9 7 8 9 9 8 9 9 5 6 7 8 9 9 8 9 9 7 8 9 9 8 9 9 6 7 8 9 9 8 9 9 7 8 9 9 8 9 9 2 1 x 1 2 3 3 2 3 3 1 2 3 2 2 3 4 4 3 4 4 3 4 5 6 6 5 6 6 4 5 6 6 5 6 6
4 5 6 7 8 9 10 10 9 10 10 8 9 10 10 9 10 10 7 8 9 10 10 9 10 10 8 9 10 10 9 10 10 6 7 8 9 10 10 9 10 10 8 9 10 10 9 10 10 7 8 9 10 10 9 10 10 8 9 10 10 9 10 10 3 2 1 x 1 2 2 1 2 2 2 3 4 3 3 4 5 5 4 5 5 4 5 6 7 7 6 7 7 5 6 7 7 6 7 7
5 6 7 8 9 10 11 11 10 11 11 9 10 11 11 10 11 11 8 9 10 11 11 10 11 11 9 10 11 11 10 11 11 7 8 9 10 11 11 10 11 11 9 10 11 11 10 11 11 8 9 10 11 11 10 11 11 9 10 11 11 10 11 11 4 3 2 1 x 1 1 2 3 3 3 4 5 4 4 5 6 6 5 6 6 5 6 7 8 8 7 8 8 6 7 8 8 7 8 8
6 7 8 9 10 11 12 12 11 12 12 10 11 12 12 11 12 12 9 10 11 12 12 11 12 12 10 11 12 12 11 12 12 8 9 10 11 12 12 11 12 12 10 11 12 12 11 12 12 9 10 11 12 12 11 12 12 10 11 12 12 11 12 12 5 4 3 2 1 x 2 3 4 4 4 5 6 5 5 6 7 7 6 7 7 6 7 8 9 9 8 9 9 7 8 9 9 8 9 9
6 7 8 9 10 11 12 12 11 12 12 10 11 12 12 11 12 12 9 10 11 12 12 11 12 12 10 11 12 12 11 12 12 8 9 10 11 12 12 11 12 12 10 11 12 12 11 12 12 9 10 11 12 12 11 12 12 10 11 12 12 11 12 12 5 4 3 2 1 2 x 3 4 4 4 5 6 5 5 6 7 7 6 7 7 6 7 8 9 9 8 9 9 7 8 9 9 8 9 9
5 6 7 8 9 10 11 11 10 11 11 9 10 11 11 10 11 11 8 9 10 11 11 10 11 11 9 10 11 11 10 11 11 7 8 9 10 11 11 10 11 11 9 10 11 11 10 11 11 8 9 10 11 11 10 11 11 9 10 11 11 10 11 11 4 3 2 1 2 3 3 x 1 1 3 4 5 4 4 5 6 6 5 6 6 5 6 7 8 8 7 8 8 6 7 8 8 7 8 8
6 7 8 9 10 11 12 12 11 12 12 10 11 12 12 11 12 12 9 10 11 12 12 11 12 12 10 11 12 12 11 12 12 8 9 10 11 12 12 11 12 12 10 11 12 12 11 12 12 9 10 11 12 12 11 12 12 10 11 12 12 11 12 12 5 4 3 2 3 4 4 1 x 2 4 5 6 5 5 6 7 7 6 7 7 6 7 8 9 9 8 9 9 7 8 9 9 8 9 9
6 7 8 9 10 11 12 12 11 12 12 10 11 12 12 11 12 12 9 10 11 12 12 11 12 12 10 11 12 12 11 12 12 8 9 10 11 12 12 11 12 12 10 11 12 12 11 12 12 9 10 11 12 12 11 12 12 10 11 12 12 11 12 12 5 4 3 2 3 4 4 1 2 x 4 5 6 5 5 6 7 7 6 7 7 6 7 8 9 9 8 9 9 7 8 9 9 8 9 9
4 5 6 7 8 9 10 10 9 10 10 8 9 10 10 9 10 10 7 8 9 10 10 9 10 10 8 9 10 10 9 10 10 6 7 8 9 10 10 9 10 10 8 9 10 10 9 10 10 7 8 9 10 10 9 10 10 8 9 10 10 9 10 10 3 2 1 2 3 4 4 3 4 4 x 1 2 1 3 4 5 5 4 5 5 4 5 6 7 7 6 7 7 5 6 7 7 6 7 7
5 6 7 8 9 10 11 11 10 11 11 9 10 11 11 10 11 11 8 9 10 11 11 10 11 11 9 10 11 11 10 11 11 7 8 9 10 11 11 10 11 11 9 10 11 11 10 11 11 8 9 10 11 11 10 11 11 9 10 11 11 10 11 11 4 3 2 3 4 5 5 4 5 5 1 x 1 2 4 5 6 6 5 6 6 5 6 7 8 8 7 8 8 6 7 8 8 7 8 8
6 7 8 9 10 11 12 12 11 12 12 10 11 12 12 11 12 12 9 10 11 12 12 11 12 12 10 11 12 12 11 12 12 8 9 10 11 12 12 11 12 12 10 11 12 12 11 12 12 9 10 11 12 12 11 12 12 10 11 12 12 11 12 12 5 4 3 4 5 6 6 5 6 6 2 1 x 3 5 6 7 7 6 7 7 6 7 8 9 9 8 9 9 7 8 9 9 8 9 9
5 6 7 8 9 10 11 11 10 11 11 9 10 11 11 10 11 11 8 9 10 11 11 10 11 11 9 10 11 11 10 11 11 7 8 9 10 11 11 10 11 11 9 10 11 11 10 11 11 8 9 10 11 11 10 11 11 9 10 11 11 10 11 11 4 3 2 3 4 5 5 4 5 5 1 2 3 x 4 5 6 6 5 6 6 5 6 7 8 8 7 8 8 6 7 8 8 7 8 8
3 4 5 6 7 8 9 9 8 9 9 7 8 9 9 8 9 9 6 7 8 9 9 8 9 9 7 8 9 9 8 9 9 5 6 7 8 9 9 8 9 9 7 8 9 9 8 9 9 6 7 8 9 9 8 9 9 7 8 9 9 8 9 9 2 1 2 3 4 5 5 4 5 5 3 4 5 4 x 1 2 2 1 2 2 3 4 5 6 6 5 6 6 4 5 6 6 5 6 6
4 5 6 7 8 9 10 10 9 10 10 8 9 10 10 9 10 10 7 8 9 10 10 9 10 10 8 9 10 10 9 10 10 6 7 8 9 10 10 9 10 10 8 9 10 10 9 10 10 7 8 9 10 10 9 10 10 8 9 10 10 9 10 10 3 2 3 4 5 6 6 5 6 6 4 5 6 5 1 x 1 1 2 3 3 4 5 6 7 7 6 7 7 5 6 7 7 6 7 7
5 6 7 8 9 10 11 11 10 11 11 9 10 11 11 10 11 11 8 9 10 11 11 10 11 11 9 10 11 11 10 11 11 7 8 9 10 11 11 10 11 11 9 10 11 11 10 11 11 8 9 10 11 11 10 11 11 9 10 11 11 10 11 11 4 3 4 5 6 7 7 6 7 7 5 6 7 6 2 1 x 2 3 4 4 5 6 7 8 8 7 8 8 6 7 8 8 7 8 8
5 6 7 8 9 10 11 11 10 11 11 9 10 11 11 10 11 11 8 9 10 11 11 10 11 11 9 10 11 11 10 11 11 7 8 9 10 11 11 10 11 11 9 10 11 11 10 11 11 8 9 10 11 11 10 11 11 9 10 11 11 10 11 11 4 3 4 5 6 7 7 6 7 7 5 6 7 6 2 1 2 x 3 4 4 5 6 7 8 8 7 8 8 6 7 8 8 7 8 8
4 5 6 7 8 9 10 10 9 10 10 8 9 10 10 9 10 10 7 8 9 10 10 9 10 10 8 9 10 10 9 10 10 6 7 8 9 10 10 9 10 10 8 9 10 10 9 10 10 7 8 9 10 10 9 10 10 8 9 10 10 9 10 10 3 2 3 4 5 6 6 5 6 6 4 5 6 5 1 2 3 3 x 1 1 4 5 6 7 7 6 7 7 5 6 7 7 6 7 7
5 6 7 8 9 10 11 11 10 11 11 9 10 11 11 10 11 11 8 9 10 11 11 10 11 11 9 10 11 11 10 11 11 7 8 9 10 11 11 10 11 11 9 10 11 11 10 11 11 8 9 10 11 11 10 11 11 9 10 11 11 10 11 11 4 3 4 5 6 7 7 6 7 7 5 6 7 6 2 3 4 4 1 x 2 5 6 7 8 8 7 8 8 6 7 8 8 7 8 8
5 6 7 8 9 10 11 11 10 11 11 9 10 11 11 10 11 11 8 9 10 11 11 10 11 11 9 10 11 11 10 11 11 7 8 9 10 11 11 10 11 11 9 10 11 11 10 11 11 8 9 10 11 11 10 11 11 9 10 11 11 10 11 11 4 3 4 5 6 7 7 6 7 7 5 6 7 6 2 3 4 4 1 2 x 5 6 7 8 8 7 8 8 6 7 8 8 7 8 8
2 3 4 5 6 7 8 8 7 8 8 6 7 8 8 7 8 8 5 6 7 8 8 7 8 8 6 7 8 8 7 8 8 4 5 6 7 8 8 7 8 8 6 7 8 8 7 8 8 5 6 7 8 8 7 8 8 6 7 8 8 7 8 8 1 2 3 4 5 6 6 5 6 6 4 5 6 5 3 4 5 5 4 5 5 x 1 2 3 3 2 3 3 1 2 3 3 2 3 3
3 4 5 6 7 8 9 9 8 9 9 7 8 9 9 8 9 9 6 7 8 9 9 8 9 9 7 8 9 9 8 9 9 5 6 7 8 9 9 8 9 9 7 8 9 9 8 9 9 6 7 8 9 9 8 9 9 7 8 9 9 8 9 9 2 3 4 5 6 7 7 6 7 7 5 6 7 6 4 5 6 6 5 6 6 1 x 1 2 2 1 2 2 2 3 4 4 3 4 4
4 5 6 7 8 9 10 10 9 10 10 8 9 10 10 9 10 10 7 8 9 10 10 9 10 10 8 9 10 10 9 10 10 6 7 8 9 10 10 9 10 10 8 9 10 10 9 10 10 7 8 9 10 10 9 10 10 8 9 10 10 9 10 10 3 4 5 6 7 8 8 7 8 8 6 7 8 7 5 6 7 7 6 7 7 2 1 x 1 1 2 3 3 3 4 5 5 4 5 5
5 6 7 8 9 10 11 11 10 11 11 9 10 11 11 10 11 11 8 9 10 11 11 10 11 11 9 10 11 11 10 11 11 7 8 9 10 11 11 10 11 11 9 10 11 11 10 11 11 8 9 10 11 11 10 11 11 9 10 11 11 10 11 11 4 5 6 7 8 9 9 8 9 9 7 8 9 8 6 7 8 8 7 8 8 3 2 1 x 2 3 4 4 4 5 6 6 5 6 6
5 6 7 8 9 10 11 11 10 11 11 9 10 11 11 10 11 11 8 9 10 11 11 10 11 11 9 10 11 11 10 11 11 7 8 9 10 11 11 10 11 11 9 10 11 11 10 11 11 8 9 10 11 11 10 11 11 9 10 11 11 10 11 11 4 5 6 7 8 9 9 8 9 9 7 8 9 8 6 7 8 8 7 8 8 3 2 1 2 x 3 4 4 4 5 6 6 5 6 6
4 5 6 7 8 9 10 10 9 10 10 8 9 10 10 9 10 10 7 8 9 10 10 9 10 10 8 9 10 10 9 10 10 6 7 8 9 10 10 9 10 10 8 9 10 10 9 10 10 7 8 9 10 10 9 10 10 8 9 10 10 9 10 10 3 4 5 6 7 8 8 7 8 8 6 7 8 7 5 6 7 7 6 7 7 2 1 2 3 3 x 1 1 3 4 5 5 4 5 5
5 6 7 8 9 10 11 11 10 11 11 9 10 11 11 10 11 11 8 9 10 11 11 10 11 11 9 10 11 11 10 11 11 7 8 9 10 11 11 10 11 11 9 10 11 11 10 11 11 8 9 10 11 11 10 11 11 9 10 11 11 10 11 11 4 5 6 7 8 9 9 8 9 9 7 8 9 8 6 7 8 8 7 8 8 3 2 3 4 4 1 x 2 4 5 6 6 5 6 6
5 6 7 8 9 10 11 11 10 11 11 9 10 11 11 10 11 11 8 9 10 11 11 10 11 11 9 10 11 11 10 11 11 7 8 9 10 11 11 10 11 11 9 10 11 11 10 11 11 8 9 10 11 11 10 11 11 9 10 11 11 10 11 11 4 5 6 7 8 9 9 8 9 9 7 8 9 8 6 7 8 8 7 8 8 3 2 3 4 4 1 2 x 4 5 6 6 5 6 6
3 4 5 6 7 8 9 9 8 9 9 7 8 9 9 8 9 9 6 7 8 9 9 8 9 9 7 8 9 9 8 9 9 5 6 7 8 9 9 8 9 9 7 8 9 9 8 9 9 6 7 8 9 9 8 9 9 7 8 9 9 8 9 9 2 3 4 5 6 7 7 6 7 7 5 6 7 6 4 5 6 6 5 6 6 1 2 3 4 4 3 4 4 x 1 2 2 1 2 2
4 5 6 7 8 9 10 10 9 10 10 8 9 10 10 9 10 10 7 8 9 10 10 9 10 10 8 9 10 10 9 10 10 6 7 8 9 10 10 9 10 10 8 9 10 10 9 10 10 7 8 9 10 10 9 10 10 8 9 10 10 9 10 10 3 4 5 6 7 8 8 7 8 8 6 7 8 7 5 6 7 7 6 7 7 2 3 4 5 5 4 5 5 1 x 1 1 2 3 3
5 6 7 8 9 10 11 11 10 11 11 9 10 11 11 10 11 11 8 9 10 11 11 10 11 11 9 10 11 11 10 11 11 7 8 9 10 11 11 10 11 11 9 10 11 11 10 11 11 8 9 10 11 11 10 11 11 9 10 11 11 10 11 11 4 5 6 7 8 9 9 8 9 9 7 8 9 8 6 7 8 8 7 8 8 3 4 5 6 6 5 6 6 2 1 x 2 3 4 4
5 6 7 8 9 10 11 11 10 11 11 9 10 11 11 10 11 11 8 9 10 11 11 10 11 11 9 10 11 11 10 11 11 7 8 9 10 11 11 10 11 11 9 10 11 11 10 11 11 8 9 10 11 11 10 11 11 9 10 11 11 10 11 11 4 5 6 7 8 9 9 8 9 9 7 8 9 8 6 7 8 8 7 8 8 3 4 5 6 6 5 6 6 2 1 2 x 3 4 4
4 5 6 7 8 9 10 10 9 10 10 8 9 10 10 9 10 10 7 8 9 10 10 9 10 10 8 9 10 10 9 10 10 6 7 8 9 10 10 9 10 10 8 9 10 10 9 10 10 7 8 9 10 10 9 10 10 8 9 10 10 9 10 10 3 4 5 6 7 8 8 7 8 8 6 7 8 7 5 6 7 7 6 7 7 2 3 4 5 5 4 5 5 1 2 3 3 x 1 1
5 6 7 8 9 10 11 11 10 11 11 9 10 11 11 10 11 11 8 9 10 11 11 10 11 11 9 10 11 11 10 11 11 7 8 9 10 11 11 10 11 11 9 10 11 11 10 11 11 8 9 10 11 11 10 11 11 9 10 11 11 10 11 11 4 5 6 7 8 9 9 8 9 9 7 8 9 8 6 7 8 8 7 8 8 3 4 5 6 6 5 6 6 2 3 4 4 1 x 2
5 6 7 8 9 10 11 11 10 11 11 9 10 11 11 10 11 11 8 9 10 11 11 10 11 11 9 10 11 11 10 11 11 7 8 9 10 11 11 10 11 11 9 10 11 11 10 11 11 8 9 10 11 11 10 11 11 9 10 11 11 10 11 11 4 5 6 7 8 9 9 8 9 9 7 8 9 8 6 7 8 8 7 8 8 3 4 5 6 6 5 6 6 2 3 4 4 1 2 x
