50
25
loc0 loc1 loc2 loc3 loc4 loc5 loc6 loc7 loc8 loc9 loc10 loc11 loc12 loc13 loc14 loc15 loc16 loc17 loc18 loc19 loc20 loc21 loc22 loc23 loc24 loc25 loc26 loc27 loc28 loc29 loc30 loc31 loc32 loc33 loc34 loc35 loc36 loc37 loc38 loc39 loc40 loc41 loc42 loc43 loc44 loc45 loc46 loc47 loc48 loc49
loc5 loc6 loc8 loc9 loc12 loc13 loc15 loc16 loc20 loc21 loc23 loc24 loc27 loc28 loc30 loc31 loc36 loc37 loc39 loc41 loc42 loc45 loc46 loc48 loc49
loc0
x 1 2 3 4 5 5 4 5 5 3 4 5 5 4 5 5 2 3 4 5 5 4 5 5 3 4 5 5 4 5 5 1 2 3 4 5 5 4 5 3 4 4 2 3 4 4 3 4 4
1 x 1 2 3 4 4 3 4 4 2 3 4 4 3 4 4 1 2 3 4 4 3 4 4 2 3 4 4 3 4 4 2 3 4 5 6 6 5 6 4 5 5 3 4 5 5 4 5 5
2 1 x 1 2 3 3 2 3 3 1 2 3 3 2 3 3 2 3 4 5 5 4 5 5 3 4 5 5 4 5 5 3 4 5 6 7 7 6 7 5 6 6 4 5 6 6 5 6 6
3 2 1 x 1 2 2 1 2 2 2 3 4 4 3 4 4 3 4 5 6 6 5 6 6 4 5 6 6 5 6 6 4 5 6 7 8 8 7 8 6 7 7 5 6 7 7 6 7 7
4 3 2 1 x 1 1 2 3 3 3 4 5 5 4 5 5 4 5 6 7 7 6 7 7 5 6 7 7 6 7 7 5 6 7 8 9 9 8 9 7 8 8 6 7 8 8 7 8 8
5 4 3 2 1 x 2 3 4 4 4 5 6 6 5 6 6 5 6 7 8 8 7 8 8 6 7 8 8 7 8 8 6 7 8 9 10 10 9 10 8 9 9 7 8 9 9 8 9 9
5 4 3 2 1 2 x 3 4 4 4 5 6 6 5 6 6 5 6 7 8 8 7 8 8 6 7 8 8 7 8 8 6 7 8 9 10 10 9 10 8 9 9 7 8 9 9 8 9 9
4 3 2 1 2 3 3 x 1 1 3 4 5 5 4 5 5 4 5 6 7 7 6 7 7 5 6 7 7 6 7 7 5 6 7 8 9 9 8 9 7 8 8 6 7 8 8 7 8 8
5 4 3 2 3 4 4 1 x 2 4 5 6 6 5 6 6 5 6 7 8 8 7 8 8 6 7 8 8 7 8 8 6 7 8 9 10 10 9 10 8 9 9 7 8 9 9 8 9 9
5 4 3 2 3 4 4 1 2 x 4 5 6 6 5 6 6 5 6 7 8 8 7 8 8 6 7 8 8 7 8 8 6 7 8 9 10 10 9 10 8 9 9 7 8 9 9 8 9 9
3 2 1 2 3 4 4 3 4 4 x 1 2 2 1 2 2 3 4 5 6 6 5 6 6 4 5 6 6 5 6 6 4 5 6 7 8 8 7 8 6 7 7 5 6 7 7 6 7 7
4 3 2 3 4 5 5 4 5 5 1 x 1 1 2 3 3 4 5 6 7 7 6 7 7 5 6 7 7 6 7 7 5 6 7 8 9 9 8 9 7 8 8 6 7 8 8 7 8 8
5 4 3 4 5 6 6 5 6 6 2 1 x 2 3 4 4 5 6 7 8 8 7 8 8 6 7 8 8 7 8 8 6 7 8 9 10 10 9 10 8 9 9 7 8 9 9 8 9 9
5 4 3 4 5 6 6 5 6 6 2 1 2 x 3 4 4 5 6 7 8 8 7 8 8 6 7 8 8 7 8 8 6 7 8 9 10 10 9 10 8 9 9 7 8 9 9 8 9 9
4 3 2 3 4 5 5 4 5 5 1 2 3 3 x 1 1 4 5 6 7 7 6 7 7 5 6 7 7 6 7 7 5 6 7 8 9 9 8 9 7 8 8 6 7 8 8 7 8 8
5 4 3 4 5 6 6 5 6 6 2 3 4 4 1 x 2 5 6 7 8 8 7 8 8 6 7 8 8 7 8 8 6 7 8 9 10 10 9 10 8 9 9 7 8 9 9 8 9 9
5 4 3 4 5 6 6 5 6 6 2 3 4 4 1 2 x 5 6 7 8 8 7 8 8 6 7 8 8 7 8 8 6 7 8 9 10 10 9 10 8 9 9 7 8 9 9 8 9 9
2 1 2 3 4 5 5 4 5 5 3 4 5 5 4 5 5 x 1 2 3 3 2 3 3 1 2 3 3 2 3 3 3 4 5 6 7 7 6 7 5 6 6 4 5 6 6 5 6 6
3 2 3 4 5 6 6 5 6 6 4 5 6 6 5 6 6 1 x 1 2 2 1 2 2 2 3 4 4 3 4 4 4 5 6 7 8 8 7 8 6 7 7 5 6 7 7 6 7 7
4 3 4 5 6 7 7 6 7 7 5 6 7 7 6 7 7 2 1 x 1 1 2 3 3 3 4 5 5 4 5 5 5 6 7 8 9 9 8 9 7 8 8 6 7 8 8 7 8 8
5 4 5 6 7 8 8 7 8 8 6 7 8 8 7 8 8 3 2 1 x 2 3 4 4 4 5 6 6 5 6 6 6 7 8 9 10 10 9 10 8 9 9 7 8 9 9 8 9 9
5 4 5 6 7 8 8 7 8 8 6 7 8 8 7 8 8 3 2 1 2 x 3 4 4 4 5 6 6 5 6 6 6 7 8 9 10 10 9 10 8 9 9 7 8 9 9 8 9 9
4 3 4 5 6 7 7 6 7 7 5 6 7 7 6 7 7 2 1 2 3 3 x 1 1 3 4 5 5 4 5 5 5 6 7 8 9 9 8 9 7 8 8 6 7 8 8 7 8 8
5 4 5 6 7 8 8 7 8 8 6 7 8 8 7 8 8 3 2 3 4 4 1 x 2 4 5 6 6 5 6 6 6 7 8 9 10 10 9 10 8 9 9 7 8 9 9 8 9 9
5 4 5 6 7 8 8 7 8 8 6 7 8 8 7 8 8 3 2 3 4 4 1 2 x 4 5 6 6 5 6 6 6 7 8 9 10 10 9 10 8 9 9 7 8 9 9 8 9 9
3 2 3 4 5 6 6 5 6 6 4 5 6 6 5 6 6 1 2 3 4 4 3 4 4 x 1 2 2 1 2 2 4 5 6 7 8 8 7 8 6 7 7 5 6 7 7 6 7 7
4 3 4 5 6 7 7 6 7 7 5 6 7 7 6 7 7 2 3 4 5 5 4 5 5 1 x 1 1 2 3 3 5 6 7 8 9 9 8 9 7 8 8 6 7 8 8 7 8 8
5 4 5 6 7 8 8 7 8 8 6 7 8 8 7 8 8 3 4 5 6 6 5 6 6 2 1 x 2 3 4 4 6 7 8 9 10 10 9 10 8 9 9 7 8 9 9 8 9 9
5 4 5 6 7 8 8 7 8 8 6 7 8 8 7 8 8 3 4 5 6 6 5 6 6 2 1 2 x 3 4 4 6 7 8 9 10 10 9 10 8 9 9 7 8 9 9 8 9 9
4 3 4 5 6 7 7 6 7 7 5 6 7 7 6 7 7 2 3 4 5 5 4 5 5 1 2 3 3 x 1 1 5 6 7 8 9 9 8 9 7 8 8 6 7 8 8 7 8 8
5 4 5 6 7 8 8 7 8 8 6 7 8 8 7 8 8 3 4 5 6 6 5 6 6 2 3 4 4 1 x 2 6 7 8 9 10 10 9 10 8 9 9 7 8 9 9 8 9 9
5 4 5 6 7 8 8 7 8 8 6 7 8 8 7 8 8 3 4 5 6 6 5 6 6 2 3 4 4 1 2 x 6 7 8 9 10 10 9 10 8 9 9 7 8 9 9 8 9 9
1 2 3 4 5 6 6 5 6 6 4 5 6 6 5 6 6 3 4 5 6 6 5 6 6 4 5 6 6 5 6 6 x 1 2 3 4 4 3 4 2 3 3 1 2 3 3 2 3 3
2 3 4 5 6 7 7 6 7 7 5 6 7 7 6 7 7 4 5 6 7 7 6 7 7 5 6 7 7 6 7 7 1 x 1 2 3 3 2 3 1 2 2 2 3 4 4 3 4 4
3 4 5 6 7 8 8 7 8 8 6 7 8 8 7 8 8 5 6 7 8 8 7 8 8 6 7 8 8 7 8 8 2 1 x 1 2 2 1 2 2 3 3 3 4 5 5 4 5 5
4 5 6 7 8 9 9 8 9 9 7 8 9 9 8 9 9 6 7 8 9 9 8 9 9 7 8 9 9 8 9 9 3 2 1 x 1 1 2 3 3 4 4 4 5 6 6 5 6 6
5 6 7 8 9 10 10 9 10 10 8 9 10 10 9 10 10 7 8 9 10 10 9 10 10 8 9 10 10 9 10 10 4 3 2 1 x 2 3 4 4 5 5 5 6 7 7 6 7 7
5 6 7 8 9 10 10 9 10 10 8 9 10 10 9 10 10 7 8 9 10 10 9 10 10 8 9 10 10 9 10 10 4 3 2 1 2 x 3 4 4 5 5 5 6 7 7 6 7 7
4 5 6 7 8 9 9 8 9 9 7 8 9 9 8 9 9 6 7 8 9 9 8 9 9 7 8 9 9 8 9 9 3 2 1 2 3 3 x 1 3 4 4 4 5 6 6 5 6 6
5 6 7 8 9 10 10 9 10 10 8 9 10 10 9 10 10 7 8 9 10 10 9 10 10 8 9 10 10 9 10 10 4 3 2 3 4 4 1 x 4 5 5 5 6 7 7 6 7 7
3 4 5 6 7 8 8 7 8 8 6 7 8 8 7 8 8 5 6 7 8 8 7 8 8 6 7 8 8 7 8 8 2 1 2 3 4 4 3 4 x 1 1 3 4 5 5 4 5 5
4 5 6 7 8 9 9 8 9 9 7 8 9 9 8 9 9 6 7 8 9 9 8 9 9 7 8 9 9 8 9 9 3 2 3 4 5 5 4 5 1 x 2 4 5 6 6 5 6 6
4 5 6 7 8 9 9 8 9 9 7 8 9 9 8 9 9 6 7 8 9 9 8 9 9 7 8 9 9 8 9 9 3 2 3 4 5 5 4 5 1 2 x 4 5 6 6 5 6 6
2 3 4 5 6 7 7 6 7 7 5 6 7 7 6 7 7 4 5 6 7 7 6 7 7 5 6 7 7 6 7 7 1 2 3 4 5 5 4 5 3 4 4 x 1 2 2 1 2 2
3 4 5 6 7 8 8 7 8 8 6 7 8 8 7 8 8 5 6 7 8 8 7 8 8 6 7 8 8 7 8 8 2 3 4 5 6 6 5 6 4 5 5 1 x 1 1 2 3 3
4 5 6 7 8 9 9 8 9 9 7 8 9 9 8 9 9 6 7 8 9 9 8 9 9 7 8 9 9 8 9 9 3 4 5 6 7 7 6 7 5 6 6 2 1 x 2 3 4 4
4 5 6 7 8 9 9 8 9 9 7 8 9 9 8 9 9 6 7 8 9 9 8 9 9 7 8 9 9 8 9 9 3 4 5 6 7 7 6 7 5 6 6 2 1 2 x 3 4 4
3 4 5 6 7 8 8 7 8 8 6 7 8 8 7 8 8 5 6 7 8 8 7 8 8 6 7 8 8 7 8 8 2 3 4 5 6 6 5 6 4 5 5 1 2 3 3 x 1 1
4 5 6 7 8 9 9 8 9 9 7 8 9 9 8 9 9 6 7 8 9 9 8 9 9 7 8 9 9 8 9 9 3 4 5 6 7 7 6 7 5 6 6 2 3 4 4 1 x 2
4 5 6 7 8 9 9 8 9 9 7 8 9 9 8 9 9 6 7 8 9 9 8 9 9 7 8 9 9 8 9 9 3 4 5 6 7 7 6 7 5 6 6 2 3 4 4 1 2 x
